Date_x,SessionTime_x,Time,RPM_x,Speed_x,nGear_x,Throttle_x,Brake_x,DRS_x,Source_x,Distance,RelativeDistance,X,Y,Z,Source_y,SessionTime_y
2024-09-01 13:15:04.742,0 days 01:07:20.823000,0 days 00:00:00.118000,11221,313,8,100,False,0,car,10.304166666666664,0.0017903328397429847,-1360.5888301754221,-527.664085927179,1871.9682778001193,car,0 days 01:07:20.823000
2024-09-01 13:15:05.182,0 days 01:07:21.263000,0 days 00:00:00.558000,11353,317,8,100,False,0,car,49.048611111111114,0.008522119454848837,-1323.618276596264,-105.27323286979163,1874.26156649688,car,0 days 01:07:21.263000
2024-09-01 13:15:05.462,0 days 01:07:21.543000,0 days 00:00:00.838000,11403,319,8,100,False,0,car,73.85972222222222,0.012833011198907158,-1305.9417753637736,94.88220716275637,1875.3372760964967,car,0 days 01:07:21.543000
2024-09-01 13:15:05.782,0 days 01:07:21.863000,0 days 00:00:01.158000,11494,321,8,100,False,0,car,102.39305555555555,0.01779063323148296,-1289.7638677979462,282.04840249126335,1876.1177606053882,car,0 days 01:07:21.863000
2024-09-01 13:15:06.022,0 days 01:07:22.103000,0 days 00:00:01.398000,11561,322,8,100,False,0,car,123.85972222222222,0.021520432984962888,-1270.654646621564,499.88568540054257,1877.3282797651054,car,0 days 01:07:22.103000
2024-09-01 13:15:06.182,0 days 01:07:22.263000,0 days 00:00:01.558000,11545,324,8,100,False,0,car,138.25972222222222,0.02402241045934694,-1257.9137940053781,642.1512789287995,1878.2598624114116,car,0 days 01:07:22.263000
2024-09-01 13:15:06.342,0 days 01:07:22.423000,0 days 00:00:01.718000,11602,324,8,100,False,0,car,152.65972222222223,0.026524387933730992,-1246.0578645543344,785.4684193775731,1878.8722531309943,car,0 days 01:07:22.423000
2024-09-01 13:15:06.582,0 days 01:07:22.663000,0 days 00:00:01.958000,11662,326,8,100,False,0,car,174.39305555555558,0.030300520603403217,-1227.5684775561008,1001.0542828318695,1880.1496209742413,car,0 days 01:07:22.663000
2024-09-01 13:15:06.822,0 days 01:07:22.903000,0 days 00:00:02.198000,11694,326,8,100,False,0,car,196.12638888888893,0.03407665327307544,-1208.7396136298107,1217.5008984674207,1880.9695845250858,car,0 days 01:07:22.903000
2024-09-01 13:15:07.063,0 days 01:07:23.144000,0 days 00:00:02.439000,11678,327,8,100,False,0,car,218.01722222222227,0.03788015132137375,-1179.9167506492101,1549.1363514905506,1882.3784481737132,car,0 days 01:07:23.144000
2024-09-01 13:15:07.303,0 days 01:07:23.384000,0 days 00:00:02.679000,11737,328,8,100,False,0,car,239.88388888888892,0.04167945044914212,-1158.7690726596984,1794.4188724907647,1884.3651263998875,car,0 days 01:07:23.384000
2024-09-01 13:15:07.503,0 days 01:07:23.584000,0 days 00:00:02.879000,11768,329,8,100,False,0,car,258.1616666666667,0.044855185746489154,-1147.4861113306818,1928.2435544773343,1885.050349583658,car,0 days 01:07:23.584000
2024-09-01 13:15:07.783,0 days 01:07:23.864000,0 days 00:00:03.159000,11812,330,8,100,False,0,car,283.8283333333333,0.049314728929997755,-1134.5478802172054,2085.1970875352663,1885.288196771748,car,0 days 01:07:23.864000
2024-09-01 13:15:08.063,0 days 01:07:24.144000,0 days 00:00:03.439000,11872,332,8,100,False,0,car,309.65055555555557,0.053801299647951877,-1111.5102116109745,2350.974531432792,1887.0608830168744,car,0 days 01:07:24.144000
2024-09-01 13:15:08.383,0 days 01:07:24.464000,0 days 00:00:03.759000,11857,332,8,100,False,0,car,339.1616666666667,0.05892880903989944,-1087.447538876108,2626.6740532941058,1887.9668787497317,car,0 days 01:07:24.464000
2024-09-01 13:15:08.543,0 days 01:07:24.624000,0 days 00:00:03.919000,11879,332,8,100,False,0,car,353.9172222222223,0.061492563735873224,-1075.003659505593,2774.663045006598,1888.8498293511955,car,0 days 01:07:24.624000
2024-09-01 13:15:08.743,0 days 01:07:24.824000,0 days 00:00:04.119000,11909,333,8,100,False,0,car,372.4172222222223,0.06470690979671384,-1058.7806744036534,2959.911304068217,1890.0777335071584,car,0 days 01:07:24.824000
2024-09-01 13:15:08.983,0 days 01:07:25.064000,0 days 00:00:04.359000,11895,334,8,100,False,0,car,394.683888888889,0.06857570829877067,-1039.5023686035338,3182.6316339580776,1890.8729477074103,car,0 days 01:07:25.064000
2024-09-01 13:15:09.303,0 days 01:07:25.384000,0 days 00:00:04.679000,11958,335,8,100,False,0,car,424.4616666666668,0.07374955060691053,-1013.5271503197885,3481.0750846130736,1892.0967996453942,car,0 days 01:07:25.384000
2024-09-01 13:15:09.543,0 days 01:07:25.624000,0 days 00:00:04.919000,11863,335,8,100,False,0,car,446.7950000000001,0.07762993233801542,-988.4026636038677,3774.309234347849,1893.9713554082682,car,0 days 01:07:25.624000
2024-09-01 13:15:09.703,0 days 01:07:25.784000,0 days 00:00:05.079000,11904,335,8,100,False,0,car,461.683888888889,0.08021685349208535,-979.2335279936533,3880.470643220172,1894.5348728441413,car,0 days 01:07:25.784000
2024-09-01 13:15:10.023,0 days 01:07:26.104000,0 days 00:00:05.399000,11940,334,8,100,False,0,car,491.3727777777779,0.08537525149482778,-953.2865628892887,4181.547595397815,1896.472674540319,car,0 days 01:07:26.104000
2024-09-01 13:15:10.263,0 days 01:07:26.344000,0 days 00:00:05.639000,11881,333,8,100,False,0,car,513.5727777777779,0.08923246676783653,-932.9318421077787,4418.489697169689,1897.359839029631,car,0 days 01:07:26.344000
2024-09-01 13:15:10.463,0 days 01:07:26.544000,0 days 00:00:05.839000,11873,333,8,100,False,0,car,532.0727777777779,0.09244681282867714,-920.6757912289734,4560.1634853087935,1897.3328188569985,car,0 days 01:07:26.544000
2024-09-01 13:15:10.743,0 days 01:07:26.824000,0 days 00:00:06.119000,11872,333,8,100,False,0,car,557.9727777777779,0.096946897313854,-898.8394715006252,4808.045808153673,1899.8789126159156,car,0 days 01:07:26.824000
2024-09-01 13:15:11.143,0 days 01:07:27.224000,0 days 00:00:06.519000,11839,332,8,100,False,0,car,594.8616666666668,0.10335628405378847,-855.4658575885055,5321.967578851493,1901.4643803064282,car,0 days 01:07:27.224000
2024-09-01 13:15:11.382,0 days 01:07:27.463000,0 days 00:00:06.758000,11800,331,8,100,False,0,car,616.836388888889,0.10717435766530559,-845.2606323118803,5438.6360633065515,1902.7999109150314,car,0 days 01:07:27.463000
2024-09-01 13:15:11.702,0 days 01:07:27.783000,0 days 00:00:07.078000,11764,330,8,100,False,0,car,646.1697222222224,0.1122709784464583,-823.9177240012145,5686.107394163158,1902.734666607839,car,0 days 01:07:27.783000
2024-09-01 13:15:11.982,0 days 01:07:28.063000,0 days 00:00:07.358000,11723,329,8,100,False,0,car,671.7586111111112,0.11671700786274414,-799.718155157795,5972.9548945151155,1906.3603028516698,car,0 days 01:07:28.063000
2024-09-01 13:15:12.302,0 days 01:07:28.383000,0 days 00:00:07.678000,11638,328,8,100,False,0,car,700.9141666666668,0.12178274003310197,-770.9446668641749,6310.694156271558,1907.0840069059593,car,0 days 01:07:28.383000
2024-09-01 13:15:12.462,0 days 01:07:28.543000,0 days 00:00:07.838000,11641,327,8,100,False,0,car,715.4475000000001,0.12430788396558216,-758.8982928187199,6450.050562994652,1908.352986069492,car,0 days 01:07:28.543000
2024-09-01 13:15:12.822,0 days 01:07:28.903000,0 days 00:00:08.198000,11623,326,8,100,False,0,car,748.0475000000001,0.1299720829700905,-731.9807370174036,6775.810416563687,1910.0736076193798,car,0 days 01:07:28.903000
2024-09-01 13:15:13.262,0 days 01:07:29.343000,0 days 00:00:08.638000,9988,287,8,0,True,0,car,783.1252777777779,0.13606679198755228,-699.5778737852099,7155.70068318582,1911.995263877292,car,0 days 01:07:29.343000
2024-09-01 13:15:13.663,0 days 01:07:29.744000,0 days 00:00:09.039000,9011,229,8,0,True,0,car,808.6333333333334,0.14049877673861733,-676.7213842654717,7432.666197744477,1913.5939739190583,car,0 days 01:07:29.744000
2024-09-01 13:15:13.823,0 days 01:07:29.904000,0 days 00:00:09.199000,8862,216,8,0,True,0,car,818.2333333333335,0.14216676172154002,-668.204983462053,7531.366241599459,1914.1220255212202,car,0 days 01:07:29.904000
2024-09-01 13:15:14.063,0 days 01:07:30.144000,0 days 00:00:09.439000,9564,185,6,0,True,0,car,830.5666666666668,0.14430965909543378,-656.1458063847743,7678.755489514968,1914.95668757681,car,0 days 01:07:30.144000
2024-09-01 13:15:14.423,0 days 01:07:30.504000,0 days 00:00:09.799000,9333,160,6,0,True,0,car,846.5666666666668,0.14708963406697162,-642.079196124651,7824.992435198705,1915.070918294192,car,0 days 01:07:30.504000
2024-09-01 13:15:14.663,0 days 01:07:30.744000,0 days 00:00:10.039000,9698,137,5,0,True,0,car,855.7000000000002,0.14867653644655782,-631.4192598355412,7921.861002271189,1915.7699843463222,car,0 days 01:07:30.744000
2024-09-01 13:15:14.863,0 days 01:07:30.944000,0 days 00:00:10.239000,10161,125,3,0,True,0,car,862.6444444444446,0.1498831228057322,-619.9405300307392,7992.0345564382405,1916.8949717324772,car,0 days 01:07:30.944000
2024-09-01 13:15:15.263,0 days 01:07:31.344000,0 days 00:00:10.639000,8509,106,2,0,True,0,car,874.4222222222223,0.151929493270892,-584.0794847388921,8114.29804216151,1918.1537001989313,car,0 days 01:07:31.344000
2024-09-01 13:15:15.543,0 days 01:07:31.624000,0 days 00:00:10.919000,7713,98,2,0,True,0,car,882.0444444444446,0.15325384245872184,-540.1905511418589,8201.143361791244,1918.0436754744005,car,0 days 01:07:31.624000
2024-09-01 13:15:15.743,0 days 01:07:31.824000,0 days 00:00:11.119000,7380,93,2,0,True,0,car,887.2111111111112,0.15415154270994758,-517.3346997741234,8231.056608622494,1918.69895671112,car,0 days 01:07:31.824000
2024-09-01 13:15:16.023,0 days 01:07:32.104000,0 days 00:00:11.399000,6997,87,2,0,True,0,car,893.9777777777779,0.15532724045832713,-474.05270060135337,8268.300154700642,1918.9943148888208,car,0 days 01:07:32.104000
2024-09-01 13:15:16.303,0 days 01:07:32.384000,0 days 00:00:11.679000,6620,82,2,0,True,0,car,900.3555555555557,0.1564353693705929,-404.265525227203,8300.577018058675,1919.9866125636336,car,0 days 01:07:32.384000
2024-09-01 13:15:16.703,0 days 01:07:32.784000,0 days 00:00:12.079000,6906,76,2,10,False,0,car,908.8000000000002,0.15790257838334898,-333.12134376341413,8314.778607401908,1919.9713444490906,car,0 days 01:07:32.784000
2024-09-01 13:15:17.143,0 days 01:07:33.224000,0 days 00:00:12.519000,6783,77,2,36,False,0,car,918.2111111111113,0.15953774421730216,-240.59685842361802,8342.172785093457,1919.9741849479233,car,0 days 01:07:33.224000
2024-09-01 13:15:17.303,0 days 01:07:33.384000,0 days 00:00:12.679000,6916,81,2,0,True,0,car,921.8111111111114,0.16016323858589818,-212.24221054555892,8360.649084541827,1919.8709325173045,car,0 days 01:07:33.384000
2024-09-01 13:15:17.583,0 days 01:07:33.664000,0 days 00:00:12.959000,6320,77,2,0,True,0,car,927.8000000000002,0.16120379866205017,-174.99938361533492,8405.758845344264,1921.0428070422872,car,0 days 01:07:33.664000
2024-09-01 13:15:17.903,0 days 01:07:33.984000,0 days 00:00:13.279000,5935,71,2,0,False,0,car,934.1111111111113,0.16230034434526788,-152.46362089709493,8468.733049319277,1922.1013901306958,car,0 days 01:07:33.984000
2024-09-01 13:15:18.102,0 days 01:07:34.183000,0 days 00:00:13.478000,6212,67,2,9,False,0,car,937.8147222222224,0.16294384098234277,-146.04566347689274,8507.241168177436,1921.8567612754227,car,0 days 01:07:34.183000
2024-09-01 13:15:18.382,0 days 01:07:34.463000,0 days 00:00:13.758000,6339,69,2,23,False,0,car,943.181388888889,0.16387629092071274,-140.90631131208164,8561.565710535635,1923.0345001517362,car,0 days 01:07:34.463000
2024-09-01 13:15:18.542,0 days 01:07:34.623000,0 days 00:00:13.918000,6587,71,2,27,False,0,car,946.3369444444446,0.1644245637623216,-141.0729109010685,8593.63888162655,1922.9944823328383,car,0 days 01:07:34.623000
2024-09-01 13:15:18.782,0 days 01:07:34.863000,0 days 00:00:14.158000,7329,75,2,39,False,0,car,951.3369444444446,0.16529330594092717,-144.7326430720594,8643.229948648552,1922.9610558711984,car,0 days 01:07:34.863000
2024-09-01 13:15:19.022,0 days 01:07:35.103000,0 days 00:00:14.398000,7711,78,2,45,False,0,car,956.5369444444447,0.16619679780667698,-152.51597533236117,8695.560523754886,1923.572460413817,car,0 days 01:07:35.103000
2024-09-01 13:15:19.222,0 days 01:07:35.303000,0 days 00:00:14.598000,8116,84,2,53,False,0,car,961.2036111111114,0.1670076238400422,-161.81249613398262,8741.500591265722,1924.070868286702,car,0 days 01:07:35.303000
2024-09-01 13:15:19.462,0 days 01:07:35.543000,0 days 00:00:14.838000,8837,94,2,62,False,0,car,967.470277777778,0.16809644737056118,-176.00814473461364,8800.617253868919,1924.002546477013,car,0 days 01:07:35.543000
2024-09-01 13:15:19.702,0 days 01:07:35.783000,0 days 00:00:15.078000,9442,102,2,68,False,0,car,974.270277777778,0.16927793673346475,-192.43066748407495,8866.365500055026,1924.0512523095879,car,0 days 01:07:35.783000
2024-09-01 13:15:19.942,0 days 01:07:36.023000,0 days 00:00:15.318000,10412,106,2,72,False,0,car,981.3369444444447,0.17050575901256063,-211.5256913419809,8936.910710072561,1924.8893618093605,car,0 days 01:07:36.023000
2024-09-01 13:15:20.183,0 days 01:07:36.264000,0 days 00:00:15.559000,10761,122,2,77,False,0,car,989.504166666667,0.17192480109785846,-232.49193901540127,9014.636346276711,1925.0187460441653,car,0 days 01:07:36.264000
2024-09-01 13:15:20.503,0 days 01:07:36.584000,0 days 00:00:15.879000,11973,137,2,91,False,0,car,1001.6819444444448,0.1740406709373067,-274.0131897397565,9174.643797438934,1926.047695429007,car,0 days 01:07:36.584000
2024-09-01 13:15:20.783,0 days 01:07:36.864000,0 days 00:00:16.159000,11608,152,3,100,False,0,car,1013.504166666667,0.1760947635551652,-302.2216171772037,9287.424696232552,1925.9475090562507,car,0 days 01:07:36.864000
2024-09-01 13:15:21.023,0 days 01:07:37.104000,0 days 00:00:16.399000,10677,161,3,100,False,0,car,1024.2375000000004,0.1779596634319052,-330.37759330612613,9407.735195930109,1927.0963675376665,car,0 days 01:07:37.104000
2024-09-01 13:15:21.223,0 days 01:07:37.304000,0 days 00:00:16.599000,10975,170,4,100,False,0,car,1033.6819444444448,0.17960062088038237,-350.0373629609305,9495.821934901172,1928.0325236621954,car,0 days 01:07:37.304000
2024-09-01 13:15:21.503,0 days 01:07:37.584000,0 days 00:00:16.879000,11633,178,4,100,False,0,car,1047.5263888888892,0.18200607144603248,-364.30273337187356,9570.339596093234,1927.9886962428716,car,0 days 01:07:37.584000
2024-09-01 13:15:21.703,0 days 01:07:37.784000,0 days 00:00:17.079000,10513,190,4,100,False,0,car,1058.0819444444446,0.18384008271197755,-380.99143815863147,9666.395851986521,1928.3122116792617,car,0 days 01:07:37.784000
2024-09-01 13:15:22.103,0 days 01:07:38.184000,0 days 00:00:17.479000,11294,204,5,100,False,0,car,1080.7486111111111,0.1877783805883228,-411.12354758749865,9905.375742797554,1930.5525279242215,car,0 days 01:07:38.184000
2024-09-01 13:15:22.303,0 days 01:07:38.384000,0 days 00:00:17.679000,11667,210,5,100,False,0,car,1092.4152777777776,0.18980544567173577,-420.52045889052727,10054.740738141636,1931.0310362539476,car,0 days 01:07:38.384000
2024-09-01 13:15:22.663,0 days 01:07:38.744000,0 days 00:00:18.039000,10548,223,6,100,False,0,car,1114.7152777777778,0.19368003578831666,-425.8238006717754,10240.703937114686,1931.884239694866,car,0 days 01:07:38.744000
2024-09-01 13:15:23.103,0 days 01:07:39.184000,0 days 00:00:18.479000,11167,233,6,100,False,0,car,1143.1930555555555,0.19862800513001905,-424.6791815046498,10532.049467817049,1933.0852539273915,car,0 days 01:07:39.184000
2024-09-01 13:15:23.343,0 days 01:07:39.424000,0 days 00:00:18.719000,11435,238,6,100,False,0,car,1159.0597222222223,0.20138481364346075,-415.5885955626011,10771.710257089137,1934.0543703849285,car,0 days 01:07:39.424000
2024-09-01 13:15:23.703,0 days 01:07:39.784000,0 days 00:00:19.079000,11844,248,6,100,False,0,car,1183.8597222222222,0.20569377484934437,-407.9390594985794,10902.17731904245,1935.2556826562814,car,0 days 01:07:39.784000
2024-09-01 13:15:23.903,0 days 01:07:39.984000,0 days 00:00:19.279000,11004,252,6,100,False,0,car,1197.8597222222222,0.20812625294943998,-397.56709208355903,11035.019719708689,1935.9057317354336,car,0 days 01:07:39.984000
2024-09-01 13:15:24.103,0 days 01:07:40.184000,0 days 00:00:19.479000,10658,255,7,100,False,0,car,1212.0263888888887,0.21058768912215575,-369.7543661899957,11285.61747507223,1936.0012800675192,car,0 days 01:07:40.184000
2024-09-01 13:15:24.543,0 days 01:07:40.624000,0 days 00:00:19.919000,10940,264,7,100,False,0,car,1244.2930555555554,0.2161939719814237,-334.1587691524851,11509.433423417027,1936.0180003825167,car,0 days 01:07:40.624000
2024-09-01 13:15:24.742,0 days 01:07:40.823000,0 days 00:00:20.118000,10977,268,7,100,False,0,car,1259.1074999999996,0.21876795852972325,-305.743167407609,11659.257412903391,1935.9568213788787,car,0 days 01:07:40.823000
2024-09-01 13:15:24.902,0 days 01:07:40.983000,0 days 00:00:20.278000,11209,271,7,100,False,0,car,1271.151944444444,0.22086066191107534,-278.69657740477317,11773.551352980989,1935.9434867496075,car,0 days 01:07:40.983000
2024-09-01 13:15:25.182,0 days 01:07:41.263000,0 days 00:00:20.558000,11363,276,7,100,False,0,car,1292.6186111111108,0.2245904616645553,-193.99045853557482,12056.58791073924,1937.0358801640855,car,0 days 01:07:41.263000
2024-09-01 13:15:25.342,0 days 01:07:41.423000,0 days 00:00:20.718000,11476,277,7,100,False,0,car,1304.929722222222,0.22672949796209968,-171.2403506341466,12125.082579171198,1937.1655633935065,car,0 days 01:07:41.423000
2024-09-01 13:15:25.782,0 days 01:07:41.863000,0 days 00:00:21.158000,11688,283,7,100,False,0,car,1339.5186111111109,0.23273926329987557,1.0253912969942913,12504.024591427418,1935.990435489311,car,0 days 01:07:41.863000
2024-09-01 13:15:26.182,0 days 01:07:42.263000,0 days 00:00:21.558000,11867,288,7,100,False,0,car,1371.5186111111107,0.2382992132429512,155.81458887660418,12768.404968664965,1936.9567462967025,car,0 days 01:07:42.263000
2024-09-01 13:15:26.422,0 days 01:07:42.503000,0 days 00:00:21.798000,10395,290,7,100,False,0,car,1390.851944444444,0.24165834966689273,222.46884165947142,12867.281528883115,1937.039607395268,car,0 days 01:07:42.503000
2024-09-01 13:15:26.582,0 days 01:07:42.663000,0 days 00:00:21.958000,10477,292,8,100,False,0,car,1403.8297222222218,0.24391321825491788,289.7725852444652,12958.25132770702,1936.9306693838698,car,0 days 01:07:42.663000
2024-09-01 13:15:26.903,0 days 01:07:42.984000,0 days 00:00:22.279000,10567,295,8,100,False,0,car,1430.1338888888886,0.24848352606619872,461.4421344113139,13160.624444402058,1937.9379771814665,car,0 days 01:07:42.984000
2024-09-01 13:15:27.223,0 days 01:07:43.304000,0 days 00:00:22.599000,10708,298,8,100,False,0,car,1456.6227777777774,0.25308592907463356,652.1717642071579,13345.689526883332,1937.8433441564098,car,0 days 01:07:43.304000
2024-09-01 13:15:27.383,0 days 01:07:43.464000,0 days 00:00:22.759000,10740,300,8,100,False,0,car,1469.9561111111107,0.25540257488424845,753.7095438987255,13431.826767825265,1937.8696275287239,car,0 days 01:07:43.464000
2024-09-01 13:15:27.583,0 days 01:07:43.664000,0 days 00:00:22.959000,10779,302,8,100,False,0,car,1486.7338888888885,0.2583176875280138,880.3904944137071,13531.507813285543,1938.819848465468,car,0 days 01:07:43.664000
2024-09-01 13:15:27.743,0 days 01:07:43.824000,0 days 00:00:23.119000,10864,302,8,100,False,0,car,1500.1561111111107,0.2606497776430261,1046.5578682329444,13644.988238803337,1940.0809007197963,car,0 days 01:07:43.824000
2024-09-01 13:15:28.023,0 days 01:07:44.104000,0 days 00:00:23.399000,10914,304,8,100,False,0,car,1523.8005555555553,0.26475796287874315,1268.9955248787069,13786.030615691398,1941.5853400191254,car,0 days 01:07:44.104000
2024-09-01 13:15:28.343,0 days 01:07:44.424000,0 days 00:00:23.719000,11011,307,8,100,False,0,car,1551.0894444444443,0.2694993646357549,1488.4957585538752,13894.274970974197,1942.5031630325675,car,0 days 01:07:44.424000
2024-09-01 13:15:28.663,0 days 01:07:44.744000,0 days 00:00:24.039000,11080,310,8,100,False,0,car,1578.645,0.274287099308959,1726.2813170609234,14000.800149098868,1943.6716441004223,car,0 days 01:07:44.744000
2024-09-01 13:15:28.863,0 days 01:07:44.944000,0 days 00:00:24.239000,11127,311,8,100,False,0,car,1595.9227777777778,0.2772890861705849,1871.1731387065117,14053.395013548981,1944.9663763194255,car,0 days 01:07:44.944000
2024-09-01 13:15:29.023,0 days 01:07:45.104000,0 days 00:00:24.399000,11163,311,8,100,False,0,car,1609.7450000000001,0.27969067565988565,2009.1910807031097,14098.171307293986,1946.2807177059233,car,0 days 01:07:45.104000
2024-09-01 13:15:29.183,0 days 01:07:45.264000,0 days 00:00:24.559000,11163,314,8,100,False,0,car,1623.7005555555556,0.28211543160728253,2145.8866370725,14135.70254268184,1947.5169210474157,car,0 days 01:07:45.264000
2024-09-01 13:15:29.343,0 days 01:07:45.424000,0 days 00:00:24.719000,11233,314,8,100,False,0,car,1637.6561111111112,0.2845401875546794,2269.423764574538,14166.455389286426,1948.687406503557,car,0 days 01:07:45.424000
2024-09-01 13:15:29.623,0 days 01:07:45.704000,0 days 00:00:24.999000,11288,316,8,100,False,0,car,1662.2338888888887,0.28881053799706946,2584.173650983914,14227.54859558776,1951.1587437241312,car,0 days 01:07:45.704000
2024-09-01 13:15:29.943,0 days 01:07:46.024000,0 days 00:00:25.319000,11386,318,8,100,False,0,car,1690.5005555555554,0.29372182711345296,2825.9790663880813,14266.61450350086,1953.6103968694752,car,0 days 01:07:46.024000
2024-09-01 13:15:30.103,0 days 01:07:46.184000,0 days 00:00:25.479000,11427,319,8,100,False,0,car,1704.678333333333,0.2961851938243434,2907.2643829715903,14275.962212569992,1954.5535808422046,car,0 days 01:07:46.184000
2024-09-01 13:15:30.863,0 days 01:07:46.944000,0 days 00:00:26.239000,11382,320,8,100,False,0,car,1772.2338888888887,0.30792286592639206,3608.831203454164,14349.041508169843,1959.0877975666726,car,0 days 01:07:46.944000
2024-09-01 13:15:31.103,0 days 01:07:47.184000,0 days 00:00:26.479000,11439,320,8,100,False,0,car,1793.567222222222,0.31162949922177585,3811.8039013673006,14365.690259926301,1960.6602370868154,car,0 days 01:07:47.184000
2024-09-01 13:15:31.303,0 days 01:07:47.384000,0 days 00:00:26.679000,11455,321,8,100,False,0,car,1811.4005555555552,0.3147280129921357,4074.2363420236993,14388.312902342419,1962.2518272361644,car,0 days 01:07:47.384000
2024-09-01 13:15:31.462,0 days 01:07:47.543000,0 days 00:00:26.838000,11455,321,8,100,False,0,car,1825.5780555555555,0.31719133143957184,4273.182216161978,14404.71737559586,1963.6521625719083,car,0 days 01:07:47.543000
2024-09-01 13:15:31.702,0 days 01:07:47.783000,0 days 00:00:27.078000,11453,320,8,100,False,0,car,1846.9113888888887,0.3208979647349556,4476.120026149646,14418.84619073433,1965.7057915214687,car,0 days 01:07:47.783000
2024-09-01 13:15:31.942,0 days 01:07:48.023000,0 days 00:00:27.318000,11405,320,8,100,False,0,car,1868.2447222222222,0.3246045980303394,4617.061290427253,14428.517121584304,1966.7499210378191,car,0 days 01:07:48.023000
2024-09-01 13:15:32.222,0 days 01:07:48.303000,0 days 00:00:27.598000,11344,319,8,100,False,0,car,1893.055833333333,0.32891548977439766,4854.973367835571,14442.48733486007,1967.0158276767356,car,0 days 01:07:48.303000
2024-09-01 13:15:32.382,0 days 01:07:48.463000,0 days 00:00:27.758000,11384,319,8,100,False,0,car,1907.2336111111108,0.33137885648528814,5066.357462784933,14453.606482529482,1967.0007100048988,car,0 days 01:07:48.463000
2024-09-01 13:15:32.582,0 days 01:07:48.663000,0 days 00:00:27.958000,11375,319,8,100,False,0,car,1924.955833333333,0.33445806487390123,5215.939258799922,14460.980996210537,1966.9937455813215,car,0 days 01:07:48.663000
2024-09-01 13:15:32.822,0 days 01:07:48.903000,0 days 00:00:28.198000,11346,318,8,100,False,0,car,1946.1558333333332,0.3381415317111889,5361.311377604983,14466.407738304086,1967.0018572033812,car,0 days 01:07:48.903000
2024-09-01 13:15:33.262,0 days 01:07:49.343000,0 days 00:00:28.638000,10561,313,8,0,True,0,car,1984.411388888889,0.3447883746466089,5740.760852817844,14482.020403337923,1967.086031127578,car,0 days 01:07:49.343000
2024-09-01 13:15:33.463,0 days 01:07:49.544000,0 days 00:00:28.839000,9301,260,8,0,True,0,car,1998.9280555555554,0.34731062277182706,5889.356712263254,14487.119307761945,1967.106192973591,car,0 days 01:07:49.544000
2024-09-01 13:15:33.863,0 days 01:07:49.944000,0 days 00:00:29.239000,9719,218,7,0,True,0,car,2023.1502777777778,0.3515191959926274,6177.912561631275,14496.957893417633,1965.9904171083888,car,0 days 01:07:49.944000
2024-09-01 13:15:34.143,0 days 01:07:50.224000,0 days 00:00:29.519000,9507,198,7,0,True,0,car,2038.5502777777776,0.35419492190273255,6343.331375667914,14506.013091358038,1965.4066853604465,car,0 days 01:07:50.224000
2024-09-01 13:15:34.383,0 days 01:07:50.464000,0 days 00:00:29.759000,9885,166,7,0,True,0,car,2049.6169444444445,0.3561177379247129,6476.19212989425,14513.803917020738,1964.9261248517992,car,0 days 01:07:50.464000
2024-09-01 13:15:34.703,0 days 01:07:50.784000,0 days 00:00:30.079000,9754,142,6,0,True,0,car,2062.2391666666667,0.3583108292911483,6544.404650440194,14528.441024649645,1965.100195665317,car,0 days 01:07:50.784000
2024-09-01 13:15:34.863,0 days 01:07:50.944000,0 days 00:00:30.239000,9251,132,4,0,True,0,car,2068.1058333333335,0.3593301534473789,6640.606296645152,14556.011731005092,1964.2095770748708,car,0 days 01:07:50.944000
2024-09-01 13:15:35.103,0 days 01:07:51.184000,0 days 00:00:30.479000,8727,123,3,0,True,0,car,2076.3058333333333,0.360754890620292,6742.151637102903,14590.719430524257,1963.953539465968,car,0 days 01:07:51.184000
2024-09-01 13:15:35.543,0 days 01:07:51.624000,0 days 00:00:30.919000,7536,111,3,0,True,0,car,2089.8725,0.3631120777315751,6835.8066556848735,14655.982108768821,1962.4456841796605,car,0 days 01:07:51.624000
2024-09-01 13:15:35.783,0 days 01:07:51.864000,0 days 00:00:31.159000,7391,105,3,0,True,0,car,2096.8725,0.3643283167816229,6871.579433653686,14689.66348072806,1962.1781984430302,car,0 days 01:07:51.864000
2024-09-01 13:15:36.063,0 days 01:07:52.144000,0 days 00:00:31.439000,7435,99,3,0,False,0,car,2104.5724999999998,0.3656661797366754,6894.826572543871,14731.705684826815,1962.9693645797297,car,0 days 01:07:52.144000
2024-09-01 13:15:36.343,0 days 01:07:52.424000,0 days 00:00:31.719000,7719,99,3,35,False,0,car,2112.2724999999996,0.367004042691728,6933.790496254841,14813.360172879718,1961.8472979765556,car,0 days 01:07:52.424000
2024-09-01 13:15:36.743,0 days 01:07:52.824000,0 days 00:00:32.119000,8108,109,3,46,False,0,car,2124.3836111111104,0.3691083293021281,6998.446529961554,14915.067934260658,1960.9700572298425,car,0 days 01:07:52.824000
2024-09-01 13:15:36.903,0 days 01:07:52.984000,0 days 00:00:32.279000,8242,110,3,30,False,0,car,2129.2724999999996,0.36995776609898695,7022.59962522794,14936.984682037753,1961.018970432986,car,0 days 01:07:52.984000
2024-09-01 13:15:37.103,0 days 01:07:53.184000,0 days 00:00:32.479000,8233,110,3,35,False,0,car,2135.3836111111104,0.3710195620950604,7073.322129491475,14980.019913418177,1961.0013258103636,car,0 days 01:07:53.184000
2024-09-01 13:15:37.463,0 days 01:07:53.544000,0 days 00:00:32.839000,8815,115,3,57,False,0,car,2146.8836111111104,0.3730176691058532,7169.269220191879,15039.126843676851,1961.0002270930067,car,0 days 01:07:53.544000
2024-09-01 13:15:37.623,0 days 01:07:53.704000,0 days 00:00:32.999000,8942,117,3,53,False,0,car,2152.0836111111107,0.37392116097160305,7216.75526905847,15060.720069810372,1960.9906275970848,car,0 days 01:07:53.704000
2024-09-01 13:15:37.983,0 days 01:07:54.064000,0 days 00:00:33.359000,9927,128,3,75,False,0,car,2164.883611111111,0.37614514094883333,7335.234163196483,15101.883812754335,1960.6350105519891,car,0 days 01:07:54.064000
2024-09-01 13:15:38.342,0 days 01:07:54.423000,0 days 00:00:33.718000,11330,140,3,91,False,0,car,2178.844722222222,0.3785708621653176,7467.061769779304,15133.218788875214,1959.0345724521896,car,0 days 01:07:54.423000
2024-09-01 13:15:38.662,0 days 01:07:54.743000,0 days 00:00:34.038000,12280,159,3,100,False,0,car,2192.9780555555553,0.3810265067235093,7660.2296563168,15168.479475628512,1957.9184634715862,car,0 days 01:07:54.743000
2024-09-01 13:15:38.902,0 days 01:07:54.983000,0 days 00:00:34.278000,11114,167,3,100,False,0,car,2204.1113888888885,0.3829609059745377,7709.309935749087,15176.806137582833,1957.9623094319834,car,0 days 01:07:54.983000
2024-09-01 13:15:39.102,0 days 01:07:55.183000,0 days 00:00:34.478000,11592,176,4,100,False,0,car,2213.8891666666664,0.38465977956825526,7807.195536945872,15196.836432077345,1956.92907971569,car,0 days 01:07:55.183000
2024-09-01 13:15:39.382,0 days 01:07:55.463000,0 days 00:00:34.758000,11878,187,4,100,False,0,car,2228.433611111111,0.3871868540389102,7995.801430465791,15244.259266404577,1955.6176002941115,car,0 days 01:07:55.463000
2024-09-01 13:15:39.542,0 days 01:07:55.623000,0 days 00:00:34.918000,11878,191,4,100,False,0,car,2236.9224999999997,0.38866178520436495,8072.192084812873,15268.205742992683,1955.117953222448,car,0 days 01:07:55.623000
2024-09-01 13:15:39.742,0 days 01:07:55.823000,0 days 00:00:35.118000,11014,198,5,100,False,0,car,2247.9224999999997,0.3905730179972972,8174.616904410743,15300.50660831558,1955.0556695844778,car,0 days 01:07:55.823000
2024-09-01 13:15:39.943,0 days 01:07:56.024000,0 days 00:00:35.319000,11415,205,5,100,False,0,car,2259.368333333333,0.39256171363448844,8278.71135555082,15331.674481267013,1954.5434242375431,car,0 days 01:07:56.024000
2024-09-01 13:15:40.183,0 days 01:07:56.264000,0 days 00:00:35.559000,11580,214,5,100,False,0,car,2273.6349999999993,0.3950405246507763,8477.267831650897,15395.989632090768,1953.2024548938828,car,0 days 01:07:56.264000
2024-09-01 13:15:40.383,0 days 01:07:56.464000,0 days 00:00:35.759000,11828,218,5,100,False,0,car,2285.7461111111106,0.3971448112611765,8622.942073363267,15446.753008201,1952.9247225727702,car,0 days 01:07:56.464000
2024-09-01 13:15:40.583,0 days 01:07:56.664000,0 days 00:00:35.959000,12065,223,5,100,False,0,car,2298.1349999999998,0.3992973613259437,8692.008180266102,15474.385259655317,1953.2627108315105,car,0 days 01:07:56.664000
2024-09-01 13:15:40.743,0 days 01:07:56.824000,0 days 00:00:36.119000,11645,225,5,100,False,0,car,2308.1349999999998,0.40103484568315484,8756.643366402332,15500.49851335628,1952.7174123962197,car,0 days 01:07:56.824000
2024-09-01 13:15:41.103,0 days 01:07:57.184000,0 days 00:00:36.479000,10971,231,6,100,False,0,car,2331.2349999999997,0.4050484345483126,8958.768077676412,15578.496059481842,1950.392402883512,car,0 days 01:07:57.184000
2024-09-01 13:15:41.503,0 days 01:07:57.584000,0 days 00:00:36.879000,11276,237,6,100,False,0,car,2357.5683333333327,0.40962381002230186,9203.905761558795,15666.223067437597,1949.9042275342665,car,0 days 01:07:57.584000
2024-09-01 13:15:41.663,0 days 01:07:57.744000,0 days 00:00:37.039000,11336,240,6,100,False,0,car,2368.2349999999997,0.4114771266699938,9304.614953995708,15700.613917875005,1950.0211133280104,car,0 days 01:07:57.744000
2024-09-01 13:15:41.903,0 days 01:07:57.984000,0 days 00:00:37.279000,11488,243,6,100,False,0,car,2384.435,0.4142918513286759,9499.422533065685,15766.169575505139,1950.2421514703103,car,0 days 01:07:57.984000
2024-09-01 13:15:42.143,0 days 01:07:58.224000,0 days 00:00:37.519000,11020,240,6,5,True,0,car,2400.4349999999995,0.41707182630021367,9685.573174296682,15823.921413575874,1947.4620427010057,car,0 days 01:07:58.224000
2024-09-01 13:15:42.343,0 days 01:07:58.424000,0 days 00:00:37.719000,10740,223,6,0,True,0,car,2412.8238888888886,0.41922437636498083,9802.877322726665,15856.805958051944,1944.8866067231831,car,0 days 01:07:58.424000
2024-09-01 13:15:42.703,0 days 01:07:58.784000,0 days 00:00:38.079000,10252,199,5,0,True,0,car,2432.7238888888887,0.42268197023583104,9914.852726904279,15876.017962086644,1944.2142231432792,car,0 days 01:07:58.784000
2024-09-01 13:15:42.943,0 days 01:07:59.024000,0 days 00:00:38.319000,9772,190,5,0,True,0,car,2445.3905555555557,0.42488278375496524,10037.645944065987,15883.098172508284,1941.853015161657,car,0 days 01:07:59.024000
2024-09-01 13:15:43.143,0 days 01:07:59.224000,0 days 00:00:38.519000,9549,184,5,0,True,0,car,2455.612777777778,0.42665887887566994,10139.09425008215,15875.92833819163,1941.986796790627,car,0 days 01:07:59.224000
2024-09-01 13:15:43.463,0 days 01:07:59.544000,0 days 00:00:38.839000,9189,175,5,0,True,0,car,2471.1683333333335,0.4293616323202206,10299.902861519018,15844.037625253419,1940.4189131753164,car,0 days 01:07:59.544000
2024-09-01 13:15:43.663,0 days 01:07:59.744000,0 days 00:00:39.039000,9101,173,5,0,False,0,car,2480.779444444445,0.43103154784131803,10380.781818722495,15813.418140714504,1938.953469684432,car,0 days 01:07:59.744000
2024-09-01 13:15:43.903,0 days 01:07:59.984000,0 days 00:00:39.279000,8965,168,5,2,False,0,car,2491.979444444445,0.4329775303213946,10480.489803983332,15760.684721700465,1938.9862500474844,car,0 days 01:07:59.984000
2024-09-01 13:15:44.103,0 days 01:08:00.184000,0 days 00:00:39.479000,10241,167,5,30,False,0,car,2501.2572222222225,0.4345895296972515,10553.993819965839,15709.81247242708,1938.3086114265705,car,0 days 01:08:00.184000
2024-09-01 13:15:44.463,0 days 01:08:00.544000,0 days 00:00:39.839000,10484,168,4,65,False,0,car,2518.0572222222227,0.43750850341736625,10686.578587103755,15581.039027022305,1936.9556189717407,car,0 days 01:08:00.544000
2024-09-01 13:15:44.703,0 days 01:08:00.784000,0 days 00:00:40.079000,11149,172,4,82,False,0,car,2529.5238888888894,0.43950081881363506,10740.273184353427,15503.210714929175,1936.8310750381643,car,0 days 01:08:00.784000
2024-09-01 13:15:44.862,0 days 01:08:00.943000,0 days 00:00:40.238000,11505,178,4,96,False,0,car,2537.385555555556,0.44086677109912925,10778.515325146129,15435.705956165712,1935.8211211963007,car,0 days 01:08:00.943000
2024-09-01 13:15:45.222,0 days 01:08:01.303000,0 days 00:00:40.598000,11679,187,4,100,False,0,car,2556.085555555556,0.444115866847114,10848.90879062795,15267.494597592386,1937.2296955890952,car,0 days 01:08:01.303000
2024-09-01 13:15:45.462,0 days 01:08:01.543000,0 days 00:00:40.838000,10807,193,5,100,False,0,car,2568.9522222222226,0.4463514300533924,10888.231313290282,15106.4000355623,1936.9977546471036,car,0 days 01:08:01.543000
2024-09-01 13:15:45.702,0 days 01:08:01.783000,0 days 00:00:41.078000,11244,202,5,100,False,0,car,2582.4188888888893,0.4486912423211034,10916.319014468685,14948.696430950073,1936.8166750292833,car,0 days 01:08:01.783000
2024-09-01 13:15:45.982,0 days 01:08:02.063000,0 days 00:00:41.358000,11421,208,5,100,False,0,car,2598.596666666667,0.45150210590343604,10926.691088701922,14854.999200117018,1935.8029692074629,car,0 days 01:08:02.063000
2024-09-01 13:15:46.262,0 days 01:08:02.343000,0 days 00:00:41.638000,11783,216,5,100,False,0,car,2615.396666666667,0.4544210796235508,10945.596980419366,14670.32599422419,1935.04049877069,car,0 days 01:08:02.343000
2024-09-01 13:15:46.623,0 days 01:08:02.704000,0 days 00:00:41.999000,10623,221,6,100,False,0,car,2637.558055555556,0.4582715862764026,10962.440732852727,14463.60988551283,1932.8672143320473,car,0 days 01:08:02.704000
2024-09-01 13:15:46.823,0 days 01:08:02.904000,0 days 00:00:42.199000,10741,225,6,100,False,0,car,2650.0580555555557,0.46044344172291646,10970.99796196248,14338.038934687347,1933.0184792977261,car,0 days 01:08:02.904000
2024-09-01 13:15:47.063,0 days 01:08:03.144000,0 days 00:00:42.439000,10867,230,6,100,False,0,car,2665.391388888889,0.4631075844039736,10980.02120161484,14186.206934611235,1932.9999396002786,car,0 days 01:08:03.144000
2024-09-01 13:15:47.223,0 days 01:08:03.304000,0 days 00:00:42.599000,11036,232,6,100,False,0,car,2675.7025,0.46489912383007564,10987.172165667806,14083.613032578174,1932.9911116192884,car,0 days 01:08:03.304000
2024-09-01 13:15:47.663,0 days 01:08:03.744000,0 days 00:00:43.039000,11264,237,6,100,False,0,car,2704.669166666667,0.469932036851464,11012.787112757418,13773.271857679425,1932.567066429327,car,0 days 01:08:03.744000
2024-09-01 13:15:47.823,0 days 01:08:03.904000,0 days 00:00:43.199000,11379,239,6,100,False,0,car,2715.291388888889,0.4717776313464571,11025.59980219946,13636.145747242825,1931.9997057056678,car,0 days 01:08:03.904000
2024-09-01 13:15:48.023,0 days 01:08:04.104000,0 days 00:00:43.399000,11473,242,6,100,False,0,car,2728.7358333333336,0.4741135825378188,11035.899530877972,13535.258880347734,1932.7908215761893,car,0 days 01:08:04.104000
2024-09-01 13:15:48.303,0 days 01:08:04.384000,0 days 00:00:43.679000,11342,238,6,0,True,0,car,2747.246944444445,0.4773298591368342,11051.280874804785,13371.015239160457,1932.2071689252566,car,0 days 01:08:04.384000
2024-09-01 13:15:48.503,0 days 01:08:04.584000,0 days 00:00:43.879000,10222,216,6,0,True,0,car,2759.2469444444446,0.4794148403654875,11061.389967246127,13245.462964073708,1932.3608755758223,car,0 days 01:08:04.584000
2024-09-01 13:15:48.703,0 days 01:08:04.784000,0 days 00:00:44.079000,10559,196,6,0,True,0,car,2770.1358333333337,0.48130676777667303,11066.914127038517,13135.51238459403,1932.9892299325484,car,0 days 01:08:04.784000
2024-09-01 13:15:48.943,0 days 01:08:05.024000,0 days 00:00:44.319000,11039,183,6,0,True,0,car,2782.335833333334,0.4834264986924706,11065.687585272126,13012.519310037611,1931.934080592979,car,0 days 01:08:05.024000
2024-09-01 13:15:49.143,0 days 01:08:05.224000,0 days 00:00:44.519000,10853,177,4,0,True,0,car,2792.169166666667,0.48513502497706157,11058.362228993306,12916.586041576622,1930.126151194705,car,0 days 01:08:05.224000
2024-09-01 13:15:49.383,0 days 01:08:05.464000,0 days 00:00:44.759000,10294,169,4,0,True,0,car,2803.435833333334,0.48709259068618616,11032.794952476206,12797.8422084526,1927.8966414982115,car,0 days 01:08:05.464000
2024-09-01 13:15:49.743,0 days 01:08:05.824000,0 days 00:00:45.119000,9992,164,4,0,False,0,car,2819.835833333334,0.48994206503201243,10973.709391811828,12654.70324192655,1927.9500625771138,car,0 days 01:08:05.824000
2024-09-01 13:15:50.023,0 days 01:08:06.104000,0 days 00:00:45.399000,9829,158,4,36,False,0,car,2832.1247222222228,0.4920772402532075,10904.982500033324,12558.22192481827,1928.522544482274,car,0 days 01:08:06.104000
2024-09-01 13:15:50.343,0 days 01:08:06.424000,0 days 00:00:45.719000,10414,159,4,64,False,0,car,2846.258055555556,0.4945328848113992,10782.08163333073,12444.470546860566,1930.9357544459958,car,0 days 01:08:06.424000
2024-09-01 13:15:50.503,0 days 01:08:06.584000,0 days 00:00:45.879000,10462,162,4,75,False,0,car,2853.458055555556,0.49578387354859116,10697.86631662646,12383.760182987035,1931.0702006400682,car,0 days 01:08:06.584000
2024-09-01 13:15:50.703,0 days 01:08:06.784000,0 days 00:00:46.079000,11251,167,4,100,False,0,car,2862.7358333333336,0.4973958729244482,10648.055609408742,12350.824562194088,1930.4279179534208,car,0 days 01:08:06.784000
2024-09-01 13:15:50.943,0 days 01:08:07.024000,0 days 00:00:46.319000,11694,175,4,100,False,0,car,2874.4025000000006,0.49942293800786125,10591.098202809797,12320.37528423238,1929.1825519313725,car,0 days 01:08:07.024000
2024-09-01 13:15:51.902,0 days 01:08:07.983000,0 days 00:00:47.278000,11546,210,5,100,False,0,car,2930.344166666667,0.5091427150828266,10099.973441392438,12068.272486145477,1925.002975417363,car,0 days 01:08:07.983000
2024-09-01 13:15:52.222,0 days 01:08:08.303000,0 days 00:00:47.598000,10818,218,5,100,False,0,car,2949.721944444445,0.5125095736594668,9931.001035363952,11977.982460150135,1924.8411949802085,car,0 days 01:08:08.303000
2024-09-01 13:15:52.462,0 days 01:08:08.543000,0 days 00:00:47.838000,10791,227,6,100,False,0,car,2964.8552777777786,0.5151389666533798,9783.43015005141,11899.085149048746,1924.0299576668504,car,0 days 01:08:08.543000
2024-09-01 13:15:52.662,0 days 01:08:08.743000,0 days 00:00:48.038000,11048,233,6,100,False,0,car,2977.799722222223,0.5173880436268808,9629.301118445514,11815.325044235913,1924.9798191469,car,0 days 01:08:08.743000
2024-09-01 13:15:52.982,0 days 01:08:09.063000,0 days 00:00:48.358000,11368,238,6,100,False,0,car,2998.9552777777785,0.5210637883114698,9495.222005384667,11743.862976817654,1924.9903720046461,car,0 days 01:08:09.063000
2024-09-01 13:15:53.263,0 days 01:08:09.344000,0 days 00:00:48.639000,11679,246,6,100,False,0,car,3018.156944444446,0.5244000478580415,9332.718535402033,11656.060321457531,1925.0247142964747,car,0 days 01:08:09.344000
2024-09-01 13:15:53.463,0 days 01:08:09.544000,0 days 00:00:48.839000,11865,251,6,100,False,0,car,3032.10138888889,0.5268228732672636,9213.862395586228,11589.220538821566,1923.8975710137963,car,0 days 01:08:09.544000
2024-09-01 13:15:53.663,0 days 01:08:09.744000,0 days 00:00:49.039000,10605,255,6,100,False,0,car,3046.268055555557,0.5292843094399795,9081.5646814568,11514.086240923682,1924.022010132222,car,0 days 01:08:09.744000
2024-09-01 13:15:53.823,0 days 01:08:09.904000,0 days 00:00:49.199000,10691,255,7,100,False,0,car,3057.60138888889,0.5312534583781521,8920.667734130331,11420.964923182004,1924.0137640452679,car,0 days 01:08:09.904000
2024-09-01 13:15:54.143,0 days 01:08:10.224000,0 days 00:00:49.519000,10919,263,7,100,False,0,car,3080.979166666668,0.5353153106976768,8791.02728306553,11346.7856799842,1923.7982756467154,car,0 days 01:08:10.224000
2024-09-01 13:15:54.503,0 days 01:08:10.584000,0 days 00:00:49.879000,11165,270,7,100,False,0,car,3107.979166666668,0.5400065184621469,8454.924497964346,11159.461744649894,1925.063210453728,car,0 days 01:08:10.584000
2024-09-01 13:15:54.743,0 days 01:08:10.824000,0 days 00:00:50.119000,11295,273,7,100,False,0,car,3126.179166666668,0.5431687399922712,8361.388827273182,11107.518721443379,1924.217581489945,car,0 days 01:08:10.824000
2024-09-01 13:15:55.023,0 days 01:08:11.104000,0 days 00:00:50.399000,11414,278,7,100,False,0,car,3147.8013888888904,0.5469255672801967,8210.29038121969,11021.024931845337,1924.4063005542198,car,0 days 01:08:11.104000
2024-09-01 13:15:55.303,0 days 01:08:11.384000,0 days 00:00:50.679000,11678,282,7,100,False,0,car,3169.734722222224,0.5507364496370132,8019.235584136593,10910.98384162743,1925.7093734871303,car,0 days 01:08:11.384000
2024-09-01 13:15:55.463,0 days 01:08:11.544000,0 days 00:00:50.839000,11687,285,7,100,False,0,car,3182.4013888888903,0.5529372631561472,7910.26791530091,10846.904421610776,1925.067565821456,car,0 days 01:08:11.544000
2024-09-01 13:15:55.823,0 days 01:08:11.904000,0 days 00:00:51.199000,11595,288,7,100,False,0,car,3211.2013888888905,0.5579412181049154,7669.028814791247,10695.675901188304,1927.9816471512956,car,0 days 01:08:11.904000
2024-09-01 13:15:56.103,0 days 01:08:12.184000,0 days 00:00:51.479000,10522,291,8,100,False,0,car,3233.8347222222237,0.5618737243667365,7481.795943276431,10565.996062830862,1927.0639026796564,car,0 days 01:08:12.184000
2024-09-01 13:15:56.263,0 days 01:08:12.344000,0 days 00:00:51.639000,10555,294,8,100,False,0,car,3246.901388888891,0.5641440372601592,7384.994992537884,10493.970855765128,1927.232405999784,car,0 days 01:08:12.344000
2024-09-01 13:15:56.423,0 days 01:08:12.504000,0 days 00:00:51.799000,10620,295,8,100,False,0,car,3260.0125000000016,0.5664220723062804,7254.694815658208,10389.388286040135,1926.0937602226886,car,0 days 01:08:12.504000
2024-09-01 13:15:56.703,0 days 01:08:12.784000,0 days 00:00:52.079000,10724,299,8,100,False,0,car,3283.268055555557,0.5704626887058837,7026.407556252525,10201.915977466724,1921.7548551740947,car,0 days 01:08:12.784000
2024-09-01 13:15:56.983,0 days 01:08:13.064000,0 days 00:00:52.359000,10772,302,8,100,False,0,car,3306.756944444446,0.5745438464071553,6920.31621722273,10115.781324748368,1919.203323970568,car,0 days 01:08:13.064000
2024-09-01 13:15:57.183,0 days 01:08:13.264000,0 days 00:00:52.559000,10880,303,8,100,False,0,car,3323.590277777779,0.577468611741794,6783.746597400367,9998.079334980575,1915.288995613303,car,0 days 01:08:13.264000
2024-09-01 13:15:57.423,0 days 01:08:13.504000,0 days 00:00:52.799000,10971,306,8,100,False,0,car,3343.9902777777793,0.5810130798305047,6609.216222174433,9845.932123710667,1910.3952308100615,car,0 days 01:08:13.504000
2024-09-01 13:15:57.783,0 days 01:08:13.864000,0 days 00:00:53.159000,11081,310,8,100,False,0,car,3374.9902777777793,0.5863992813378592,6385.35008049349,9651.894945215272,1903.4570884887512,car,0 days 01:08:13.864000
2024-09-01 13:15:58.103,0 days 01:08:14.184000,0 days 00:00:53.479000,11215,312,8,100,False,0,car,3402.723611111113,0.5912179046218582,6165.60145329582,9460.30259932116,1896.0783311419034,car,0 days 01:08:14.184000
2024-09-01 13:15:58.582,0 days 01:08:14.663000,0 days 00:00:53.958000,11308,317,8,100,False,0,car,3444.902222222224,0.598546372323303,5796.448807807941,9139.559354982179,1884.746607582185,car,0 days 01:08:14.663000
2024-09-01 13:15:58.902,0 days 01:08:14.983000,0 days 00:00:54.278000,11405,319,8,100,False,0,car,3473.257777777779,0.6034731057450838,5665.1984698070355,9025.077728875276,1880.8184293441273,car,0 days 01:08:14.983000
2024-09-01 13:15:59.062,0 days 01:08:15.143000,0 days 00:00:54.438000,11432,320,8,100,False,0,car,3487.480000000002,0.6059441946086731,5559.611640762061,8933.283708877709,1878.18228548207,car,0 days 01:08:15.143000
2024-09-01 13:15:59.302,0 days 01:08:15.383000,0 days 00:00:54.678000,11422,320,8,100,False,0,car,3508.813333333335,0.6096508279040569,5394.662764804516,8791.03763139781,1876.0021242280923,car,0 days 01:08:15.383000
2024-09-01 13:15:59.582,0 days 01:08:15.663000,0 days 00:00:54.958000,11415,321,8,100,False,0,car,3533.7800000000016,0.6139887471825607,5204.719587210559,8625.353528668642,1877.0499331719705,car,0 days 01:08:15.663000
2024-09-01 13:15:59.863,0 days 01:08:15.944000,0 days 00:00:55.239000,11421,321,8,100,False,0,car,3558.835833333335,0.6183421590299163,5004.660232396153,8451.880960033188,1875.9975349972217,car,0 days 01:08:15.944000
2024-09-01 13:16:00.183,0 days 01:08:16.264000,0 days 00:00:55.559000,11456,320,8,100,False,0,car,3587.2802777777792,0.6232843367570946,4802.850053586652,8276.051794705749,1878.199603436683,car,0 days 01:08:16.264000
2024-09-01 13:16:00.383,0 days 01:08:16.464000,0 days 00:00:55.759000,11461,321,8,100,False,0,car,3605.1136111111127,0.6263828505274546,4667.921008964228,8158.9200560905165,1881.5207329079976,car,0 days 01:08:16.464000
2024-09-01 13:16:00.663,0 days 01:08:16.744000,0 days 00:00:56.039000,11358,321,8,100,False,0,car,3630.0802777777794,0.6307207698059584,4482.319192192634,7997.251593127072,1885.3179699918198,car,0 days 01:08:16.744000
2024-09-01 13:16:00.823,0 days 01:08:16.904000,0 days 00:00:56.199000,11392,320,8,100,False,0,car,3644.302500000001,0.6331918586695475,4353.687124282036,7885.562503022734,1888.3389990814849,car,0 days 01:08:16.904000
2024-09-01 13:16:01.063,0 days 01:08:17.144000,0 days 00:00:56.439000,11396,320,8,100,False,0,car,3665.6358333333346,0.6368984919649313,4085.980625301089,7652.745515775802,1894.677501635927,car,0 days 01:08:17.144000
2024-09-01 13:16:01.463,0 days 01:08:17.544000,0 days 00:00:56.839000,11371,320,8,100,False,0,car,3701.1913888888903,0.6430762141239043,3920.7835205408987,7509.000986374271,1897.6774615173658,car,0 days 01:08:17.544000
2024-09-01 13:16:01.823,0 days 01:08:17.904000,0 days 00:00:57.199000,11343,319,8,100,False,0,car,3733.0913888888904,0.6486187892234079,3623.7086844228024,7250.862622075388,1902.7425006351473,car,0 days 01:08:17.904000
2024-09-01 13:16:02.143,0 days 01:08:18.224000,0 days 00:00:57.519000,11337,318,8,100,False,0,car,3761.3580555555573,0.6535300783397914,3463.3443268899196,7112.01828075661,1904.858395794362,car,0 days 01:08:18.224000
2024-09-01 13:16:02.463,0 days 01:08:18.544000,0 days 00:00:57.839000,10820,301,8,0,True,0,car,3788.1136111111127,0.6581788142644185,3258.2575061110197,6932.325777789734,1906.588993454934,car,0 days 01:08:18.544000
2024-09-01 13:16:02.703,0 days 01:08:18.784000,0 days 00:00:58.079000,9521,287,8,0,True,0,car,3807.2469444444464,0.661503201001216,3103.8013529580044,6798.117089262912,1908.1908640603574,car,0 days 01:08:18.784000
2024-09-01 13:16:02.863,0 days 01:08:18.944000,0 days 00:00:58.239000,9360,258,8,0,True,0,car,3818.7136111111126,0.6634955163974846,2971.4810591004093,6682.082806319375,1908.884336127399,car,0 days 01:08:18.944000
2024-09-01 13:16:03.023,0 days 01:08:19.104000,0 days 00:00:58.399000,9447,233,8,0,True,0,car,3829.0691666666685,0.6652947779762856,2899.699618809058,6618.574182340266,1909.1102248444129,car,0 days 01:08:19.104000
2024-09-01 13:16:03.303,0 days 01:08:19.384000,0 days 00:00:58.679000,10332,203,6,0,True,0,car,3844.8580555555573,0.6680380727225045,2829.985618236429,6552.671790730347,1908.9744832096953,car,0 days 01:08:19.384000
2024-09-01 13:16:03.543,0 days 01:08:19.624000,0 days 00:00:58.919000,9856,189,6,0,True,0,car,3857.458055555557,0.6702273030125905,2739.6129989815436,6465.824490507539,1909.1074734562926,car,0 days 01:08:19.624000
2024-09-01 13:16:03.903,0 days 01:08:19.984000,0 days 00:00:59.279000,10348,172,4,0,True,0,car,3874.6580555555574,0.6732157761069937,2607.6951070356627,6285.967331390538,1907.92681985666,car,0 days 01:08:19.984000
2024-09-01 13:16:04.063,0 days 01:08:20.144000,0 days 00:00:59.439000,10118,169,4,0,True,0,car,3882.1691666666684,0.6745208199130768,2580.010070563322,6232.402875627984,1907.300820183309,car,0 days 01:08:20.144000
2024-09-01 13:16:04.343,0 days 01:08:20.424000,0 days 00:00:59.719000,10014,163,4,0,False,0,car,3894.8469444444463,0.6767235639703856,2565.7022177554168,6160.68931763519,1907.0116385417573,car,0 days 01:08:20.424000
2024-09-01 13:16:04.623,0 days 01:08:20.704000,0 days 00:00:59.999000,10320,160,4,50,False,0,car,3907.2913888888907,0.6788857667260261,2547.1117278189586,6014.0472078215025,1906.747105482078,car,0 days 01:08:20.704000
2024-09-01 13:16:04.943,0 days 01:08:21.024000,0 days 00:01:00.319000,10732,162,4,70,False,0,car,3921.6913888888907,0.6813877442004102,2544.973232177257,5844.218178143452,1905.8144506606732,car,0 days 01:08:21.024000
2024-09-01 13:16:05.302,0 days 01:08:21.383000,0 days 00:01:00.678000,11271,172,4,100,False,0,car,3938.8436111111128,0.6843679159806622,2545.7622695951636,5707.736992494949,1905.91781545497,car,0 days 01:08:21.383000
2024-09-01 13:16:05.582,0 days 01:08:21.663000,0 days 00:01:00.958000,11798,185,4,98,False,0,car,3953.232500000002,0.6868679629168716,2540.147486662616,5575.01581834985,1904.9958096297232,car,0 days 01:08:21.663000
2024-09-01 13:16:05.822,0 days 01:08:21.903000,0 days 00:01:01.198000,12127,188,4,92,False,0,car,3965.765833333335,0.6890456099779095,2519.756664461781,5436.229337610262,1904.2904233229215,car,0 days 01:08:21.903000
2024-09-01 13:16:06.062,0 days 01:08:22.143000,0 days 00:01:01.438000,10959,198,5,83,False,0,car,3978.9658333333355,0.6913390893294283,2478.1358117846535,5274.610205614106,1901.8268268124566,car,0 days 01:08:22.143000
2024-09-01 13:16:06.303,0 days 01:08:22.384000,0 days 00:01:01.679000,11254,201,5,85,False,0,car,3992.421666666669,0.693677019322419,2447.2760782877554,5195.844432505298,1901.9578324708125,car,0 days 01:08:22.384000
2024-09-01 13:16:06.623,0 days 01:08:22.704000,0 days 00:01:01.999000,11758,208,5,100,False,0,car,4010.910555555558,0.6968894348450849,2354.372390809305,5020.614921890994,1901.6231191574732,car,0 days 01:08:22.704000
2024-09-01 13:16:06.783,0 days 01:08:22.864000,0 days 00:01:02.159000,11748,213,5,100,False,0,car,4020.377222222224,0.6985342533699115,2265.3446200754324,4897.679250750417,1900.3124125131194,car,0 days 01:08:22.864000
2024-09-01 13:16:07.143,0 days 01:08:23.224000,0 days 00:01:02.519000,12197,220,5,100,False,0,car,4042.377222222224,0.702356718955776,2166.65723226487,4786.332398110385,1899.0203307904956,car,0 days 01:08:23.224000
2024-09-01 13:16:07.463,0 days 01:08:23.544000,0 days 00:01:02.839000,10998,232,6,100,False,0,car,4062.9994444444465,0.7059397978079803,2012.4403867637789,4619.852004145909,1898.557216982323,car,0 days 01:08:23.544000
2024-09-01 13:16:07.623,0 days 01:08:23.704000,0 days 00:01:02.999000,11243,234,6,100,False,0,car,4073.3994444444465,0.7077467815394799,1929.4369691789245,4515.343090188975,1898.0102438050696,car,0 days 01:08:23.704000
2024-09-01 13:16:07.903,0 days 01:08:23.984000,0 days 00:01:03.279000,11471,238,6,100,False,0,car,4091.910555555558,0.7109630581384953,1863.2889855191197,4397.071307381256,1898.1874466498598,car,0 days 01:08:23.984000
2024-09-01 13:16:08.263,0 days 01:08:24.344000,0 days 00:01:03.639000,11645,247,6,100,False,0,car,4116.610555555558,0.7152546445008068,1795.4733476196752,4180.6637596225055,1896.9770910945222,car,0 days 01:08:24.344000
2024-09-01 13:16:08.503,0 days 01:08:24.584000,0 days 00:01:03.879000,11842,248,6,100,False,0,car,4133.143888888891,0.7181272853047291,1757.734243563891,3982.4137141540896,1896.715462559548,car,0 days 01:08:24.584000
2024-09-01 13:16:08.823,0 days 01:08:24.904000,0 days 00:01:04.199000,10466,253,6,100,False,0,car,4155.63277777778,0.7220346945702795,1728.3562799972074,3753.2088189082815,1895.439594354145,car,0 days 01:08:24.904000
2024-09-01 13:16:09.023,0 days 01:08:25.104000,0 days 00:01:04.399000,10699,259,7,100,False,0,car,4170.021666666668,0.7245347415064889,1720.2747058342002,3646.409457517438,1894.5922966277656,car,0 days 01:08:25.104000
2024-09-01 13:16:09.263,0 days 01:08:25.344000,0 days 00:01:04.639000,10892,261,7,100,False,0,car,4187.421666666668,0.7275579642880362,1697.0537710642682,3390.6138979012135,1893.0732923230846,car,0 days 01:08:25.344000
2024-09-01 13:16:09.423,0 days 01:08:25.504000,0 days 00:01:04.799000,11011,264,7,100,False,0,car,4199.1550000000025,0.7295966126004975,1686.7614801818468,3286.3195400705654,1892.9894727532005,car,0 days 01:08:25.504000
2024-09-01 13:16:09.823,0 days 01:08:25.904000,0 days 00:01:05.199000,11241,271,7,100,False,0,car,4229.266111111113,0.7348283710538775,1660.9749411575906,3031.1022161104174,1891.7989981056114,car,0 days 01:08:25.904000
2024-09-01 13:16:09.983,0 days 01:08:26.064000,0 days 00:01:05.359000,11284,274,7,100,False,0,car,4241.443888888891,0.7369442408933259,1647.1202777795747,2875.046807781991,1891.052179184566,car,0 days 01:08:26.064000
2024-09-01 13:16:10.343,0 days 01:08:26.424000,0 days 00:01:05.719000,11544,279,7,100,False,0,car,4269.34388888889,0.7417918222499449,1628.5803236888607,2663.3992750586785,1890.284840043486,car,0 days 01:08:26.424000
2024-09-01 13:16:10.703,0 days 01:08:26.784000,0 days 00:01:06.079000,11753,284,7,100,False,0,car,4297.74388888889,0.7467262778244245,1602.1261645269801,2382.626438204172,1887.0177021396103,car,0 days 01:08:26.784000
2024-09-01 13:16:10.903,0 days 01:08:26.984000,0 days 00:01:06.279000,11846,287,7,100,False,0,car,4313.688333333334,0.7494966001050889,1588.4178272678162,2229.1713279027836,1886.2018151956913,car,0 days 01:08:26.984000
2024-09-01 13:16:11.303,0 days 01:08:27.384000,0 days 00:01:06.679000,11578,292,7,100,False,0,car,4346.13277777778,0.7551337715751518,1554.2422301108356,1862.607658954691,1883.4130145622642,car,0 days 01:08:27.384000
2024-09-01 13:16:11.503,0 days 01:08:27.584000,0 days 00:01:06.879000,10598,295,8,100,False,0,car,4362.521666666668,0.7579813153828034,1542.2314564521216,1732.3599979797887,1882.7246093090168,car,0 days 01:08:27.584000
2024-09-01 13:16:11.742,0 days 01:08:27.823000,0 days 00:01:07.118000,10686,297,8,100,False,0,car,4382.239166666667,0.7614072001641343,1514.2982526919002,1429.949425670137,1881.1241343064762,car,0 days 01:08:27.823000
2024-09-01 13:16:12.022,0 days 01:08:28.103000,0 days 00:01:07.398000,10791,300,8,100,False,0,car,4405.5725,0.7654613303309602,1501.4538613689556,1289.0099773774364,1880.4651244205306,car,0 days 01:08:28.103000
2024-09-01 13:16:12.302,0 days 01:08:28.383000,0 days 00:01:07.678000,10880,304,8,100,False,0,car,4429.216944444444,0.7695695155666772,1482.3669151174395,1074.8389710597621,1878.594298325947,car,0 days 01:08:28.383000
2024-09-01 13:16:12.542,0 days 01:08:28.623000,0 days 00:01:07.918000,10990,306,8,100,False,0,car,4449.616944444445,0.7731139836553881,1464.1432564151437,873.7571771301343,1878.1161779505687,car,0 days 01:08:28.623000
2024-09-01 13:16:12.702,0 days 01:08:28.783000,0 days 00:01:08.078000,11017,307,8,100,False,0,car,4463.261388888889,0.7754846845338939,1451.1711464182188,738.0256041122036,1877.1791802695384,car,0 days 01:08:28.783000
2024-09-01 13:16:13.103,0 days 01:08:29.184000,0 days 00:01:08.479000,11012,311,8,100,False,0,car,4497.903333333334,0.7815036681914539,1419.9712647990038,393.5068582363653,1875.8418871270221,car,0 days 01:08:29.184000
2024-09-01 13:16:13.383,0 days 01:08:29.464000,0 days 00:01:08.759000,11226,314,8,100,False,0,car,4522.325555555556,0.7857469910993985,1397.2781726917704,151.10633154217996,1873.1611027948081,car,0 days 01:08:29.464000
2024-09-01 13:16:13.743,0 days 01:08:29.824000,0 days 00:01:09.119000,11340,316,8,100,False,0,car,4553.9255555555565,0.7912374416681858,1368.2431465121297,-161.50754894689106,1871.6416362920113,car,0 days 01:08:29.824000
2024-09-01 13:16:13.903,0 days 01:08:29.984000,0 days 00:01:09.279000,11364,318,8,100,False,0,car,4568.05888888889,0.7936930862263775,1355.8752825105348,-302.4923616908361,1870.946863102153,car,0 days 01:08:29.984000
2024-09-01 13:16:14.063,0 days 01:08:30.144000,0 days 00:01:09.439000,11364,319,8,100,False,0,car,4582.236666666668,0.796156452937268,1342.448049392268,-446.9713343585071,1870.4350324554064,car,0 days 01:08:30.144000
2024-09-01 13:16:14.343,0 days 01:08:30.424000,0 days 00:01:09.719000,11451,321,8,100,False,0,car,4607.203333333335,0.8004943722157719,1321.734026735663,-669.9473613737393,1868.9067107816734,car,0 days 01:08:30.424000
2024-09-01 13:16:14.623,0 days 01:08:30.704000,0 days 00:01:09.999000,11553,322,8,100,False,0,car,4632.247777777779,0.8048458052614985,1284.5630062079686,-1070.3765702152425,1866.2048346234212,car,0 days 01:08:30.704000
2024-09-01 13:16:14.783,0 days 01:08:30.864000,0 days 00:01:10.159000,11553,324,8,100,False,0,car,4646.64777777778,0.8073477827358827,1264.9184917800349,-1285.689732822732,1865.2828103990382,car,0 days 01:08:30.864000
2024-09-01 13:16:15.263,0 days 01:08:31.344000,0 days 00:01:10.639000,11618,327,8,100,False,0,car,4690.247777777779,0.8149232145333232,1237.9086936758906,-1582.8696522040848,1864.6640475937934,car,0 days 01:08:31.344000
2024-09-01 13:16:15.503,0 days 01:08:31.584000,0 days 00:01:10.879000,11674,328,8,100,False,0,car,4712.114444444447,0.8187225136610917,1212.8803203856035,-1855.4122370815817,1862.4202660465646,car,0 days 01:08:31.584000
2024-09-01 13:16:15.783,0 days 01:08:31.864000,0 days 00:01:11.159000,11646,328,8,100,False,0,car,4737.625555555558,0.8231550293101548,1186.5045417836623,-2145.370609657656,1860.3065348089563,car,0 days 01:08:31.864000
2024-09-01 13:16:15.943,0 days 01:08:32.024000,0 days 00:01:11.319000,11646,328,8,100,False,0,car,4752.203333333336,0.8256878953953337,1180.9363294742643,-2205.7819584377817,1860.2192081210178,car,0 days 01:08:32.024000
2024-09-01 13:16:16.303,0 days 01:08:32.384000,0 days 00:01:11.679000,11687,328,8,100,False,0,car,4785.003333333336,0.8313868440869863,1151.8624158928735,-2514.4715268939885,1859.0196022889281,car,0 days 01:08:32.384000
2024-09-01 13:16:16.463,0 days 01:08:32.544000,0 days 00:01:11.839000,11687,328,8,100,False,0,car,4799.581111111113,0.8339197101721652,1138.7658475793937,-2660.2640297755374,1858.5490633870495,car,0 days 01:08:32.544000
2024-09-01 13:16:16.623,0 days 01:08:32.704000,0 days 00:01:11.999000,11699,328,8,100,False,0,car,4814.158888888891,0.836452576257344,1126.251113136672,-2799.95998865814,1857.4772576482765,car,0 days 01:08:32.704000
2024-09-01 13:16:16.783,0 days 01:08:32.864000,0 days 00:01:12.159000,11644,327,8,100,False,0,car,4828.692222222226,0.8389777201898244,1113.9439158793436,-2927.9885120474864,1856.1989458200278,car,0 days 01:08:32.864000
2024-09-01 13:16:17.103,0 days 01:08:33.184000,0 days 00:01:12.479000,11585,327,8,100,False,0,car,4857.758888888891,0.8440280080547847,1079.7837097696174,-3302.7711712209907,1854.1326620896677,car,0 days 01:08:33.184000
2024-09-01 13:16:17.423,0 days 01:08:33.504000,0 days 00:01:12.799000,11594,326,8,100,False,0,car,4886.736666666669,0.8490628516143477,1056.2483769118026,-3563.0752062985034,1852.66894668153,car,0 days 01:08:33.504000
2024-09-01 13:16:17.623,0 days 01:08:33.704000,0 days 00:01:12.999000,11573,324,8,100,False,0,car,4904.7366666666685,0.8521903234573276,1043.0625671965272,-3697.242477212608,1851.7375718154394,car,0 days 01:08:33.704000
2024-09-01 13:16:17.983,0 days 01:08:34.064000,0 days 00:01:13.359000,11513,324,8,100,False,0,car,4937.136666666668,0.8578197727746917,997.5213212790379,-4156.998136402721,1849.9349736501192,car,0 days 01:08:34.064000
2024-09-01 13:16:18.343,0 days 01:08:34.424000,0 days 00:01:13.719000,11770,324,8,100,True,0,car,4969.536666666668,0.8634492220920557,977.0508851243471,-4344.918733219731,1849.014578158955,car,0 days 01:08:34.424000
2024-09-01 13:16:18.542,0 days 01:08:34.623000,0 days 00:01:13.918000,10650,302,8,0,True,0,car,4986.230555555558,0.8663497591726024,956.7136564332224,-4516.666223151884,1848.5529688749257,car,0 days 01:08:34.623000
2024-09-01 13:16:18.942,0 days 01:08:35.023000,0 days 00:01:14.318000,10413,260,8,0,True,0,car,5015.119444444446,0.8713691584267679,913.0410780538764,-4804.83613398452,1847.9421000057052,car,0 days 01:08:35.023000
2024-09-01 13:16:19.262,0 days 01:08:35.343000,0 days 00:01:14.638000,10717,214,7,0,True,0,car,5034.141666666669,0.8746742397818186,871.6483028961102,-4999.195053874209,1846.1982458068574,car,0 days 01:08:35.343000
2024-09-01 13:16:19.543,0 days 01:08:35.624000,0 days 00:01:14.919000,10471,205,5,0,True,0,car,5050.143055555558,0.8774544560706282,828.8994623883693,-5153.132863867935,1845.6555455337393,car,0 days 01:08:35.624000
2024-09-01 13:16:19.743,0 days 01:08:35.824000,0 days 00:01:15.119000,10157,198,5,0,True,0,car,5061.143055555558,0.8793656888635605,792.2019857890682,-5255.011849130862,1843.8949369845905,car,0 days 01:08:35.824000
2024-09-01 13:16:19.983,0 days 01:08:36.064000,0 days 00:01:15.359000,9892,191,5,0,True,0,car,5073.876388888891,0.8815780856117426,741.0558528809373,-5369.0080502528945,1843.022993430185,car,0 days 01:08:36.064000
2024-09-01 13:16:20.263,0 days 01:08:36.344000,0 days 00:01:15.639000,9535,181,5,0,True,0,car,5087.954166666668,0.8840240774790609,663.386700833657,-5491.4254546851525,1843.8746635887476,car,0 days 01:08:36.344000
2024-09-01 13:16:20.503,0 days 01:08:36.584000,0 days 00:01:15.879000,10126,177,5,0,True,0,car,5099.754166666668,0.88607430902057,564.7412049488436,-5603.899593192295,1842.7145922375016,car,0 days 01:08:36.584000
2024-09-01 13:16:20.743,0 days 01:08:36.824000,0 days 00:01:16.119000,10385,172,4,0,False,0,car,5111.220833333335,0.8880666244168388,505.52409566466235,-5649.332634595156,1843.0438288115527,car,0 days 01:08:36.824000
2024-09-01 13:16:20.943,0 days 01:08:37.024000,0 days 00:01:16.319000,10402,168,4,9,False,0,car,5120.554166666668,0.8896882764835691,401.0838842699572,-5711.933758742312,1842.2510141014868,car,0 days 01:08:37.024000
2024-09-01 13:16:21.103,0 days 01:08:37.184000,0 days 00:01:16.479000,10433,166,4,41,False,0,car,5127.931944444445,0.890970153831556,308.3000576011792,-5754.542043878971,1841.9843448842337,car,0 days 01:08:37.184000
2024-09-01 13:16:21.423,0 days 01:08:37.504000,0 days 00:01:16.799000,10871,168,4,69,False,0,car,5142.865277777779,0.8935647971383247,156.88879084153308,-5792.033044012734,1843.027836552802,car,0 days 01:08:37.504000
2024-09-01 13:16:21.583,0 days 01:08:37.664000,0 days 00:01:16.959000,11161,172,4,83,False,0,car,5150.509722222223,0.8948930074025038,115.88529901011005,-5799.597381983895,1843.1002651331883,car,0 days 01:08:37.664000
2024-09-01 13:16:21.783,0 days 01:08:37.864000,0 days 00:01:17.159000,11567,178,4,100,False,0,car,5160.398611111112,0.8966111863779681,47.413856907715676,-5800.792737153791,1842.9981408743292,car,0 days 01:08:37.864000
2024-09-01 13:16:22.063,0 days 01:08:38.144000,0 days 00:01:17.439000,12034,189,4,100,False,0,car,5175.098611111111,0.8991652883830683,-124.69579547866186,-5788.842319791067,1842.9741134249564,car,0 days 01:08:38.144000
2024-09-01 13:16:22.463,0 days 01:08:38.544000,0 days 00:01:17.839000,11068,200,5,100,False,0,car,5197.320833333333,0.9030263647324265,-302.0189049208271,-5743.236510455924,1843.8406568362861,car,0 days 01:08:38.544000
2024-09-01 13:16:22.743,0 days 01:08:38.824000,0 days 00:01:18.119000,11469,206,5,100,False,0,car,5213.343055555555,0.9058102007803136,-484.7101003608163,-5663.779509525479,1844.9008857484223,car,0 days 01:08:38.824000
2024-09-01 13:16:23.023,0 days 01:08:39.104000,0 days 00:01:18.399000,11612,213,5,100,False,0,car,5229.909722222222,0.90868863319876,-656.0740546465287,-5555.416373217804,1845.0461522867363,car,0 days 01:08:39.104000
2024-09-01 13:16:23.183,0 days 01:08:39.264000,0 days 00:01:18.559000,11423,219,5,100,False,0,car,5239.643055555555,0.910379784639779,-732.9667518062125,-5495.7090653097885,1844.8963356126142,car,0 days 01:08:39.264000
2024-09-01 13:16:23.383,0 days 01:08:39.464000,0 days 00:01:18.759000,10654,222,6,100,False,0,car,5251.976388888889,0.9125226820136728,-810.088533565792,-5425.066708010694,1844.783595587854,car,0 days 01:08:39.464000
2024-09-01 13:16:23.543,0 days 01:08:39.624000,0 days 00:01:18.919000,10846,224,6,100,False,0,car,5261.9319444444445,0.9142524442181852,-877.6424601808292,-5355.40952193849,1845.5659901765569,car,0 days 01:08:39.624000
2024-09-01 13:16:23.783,0 days 01:08:39.864000,0 days 00:01:19.159000,10846,229,6,100,False,0,car,5277.198611111112,0.9169050036701943,-977.5435734017932,-5237.732597548908,1845.9142163562458,car,0 days 01:08:39.864000
2024-09-01 13:16:23.983,0 days 01:08:40.064000,0 days 00:01:19.359000,11251,235,6,100,False,0,car,5290.254166666667,0.9191733860254421,-1052.645734885597,-5133.206552122773,1846.8206897950627,car,0 days 01:08:40.064000
2024-09-01 13:16:24.223,0 days 01:08:40.304000,0 days 00:01:19.599000,11454,238,6,100,False,0,car,5306.120833333334,0.9219301945388839,-1135.6113939485758,-4996.872368644457,1848.0190407218251,car,0 days 01:08:40.304000
2024-09-01 13:16:24.423,0 days 01:08:40.504000,0 days 00:01:19.799000,11617,242,6,100,False,0,car,5319.565277777779,0.9242661457302456,-1198.2041742511035,-4878.268243062107,1848.114525453164,car,0 days 01:08:40.504000
2024-09-01 13:16:24.823,0 days 01:08:40.904000,0 days 00:01:20.199000,11999,251,6,100,False,0,car,5347.454166666667,0.9291117965486899,-1305.5322942494768,-4623.1210069296,1849.981082491249,car,0 days 01:08:40.904000
2024-09-01 13:16:25.023,0 days 01:08:41.104000,0 days 00:01:20.399000,11019,255,6,100,False,0,car,5361.620833333334,0.9315732327214058,-1352.6553400782589,-4478.12874679949,1850.5859411061615,car,0 days 01:08:41.104000
2024-09-01 13:16:25.302,0 days 01:08:41.383000,0 days 00:01:20.678000,10793,258,7,100,False,0,car,5381.615833333334,0.9350473326936495,-1402.4625393345825,-4290.8002259890445,1851.5885284284216,car,0 days 01:08:41.383000
2024-09-01 13:16:25.462,0 days 01:08:41.543000,0 days 00:01:20.838000,10893,264,7,100,False,0,car,5393.349166666667,0.9370859810061104,-1425.398420819054,-4183.592085710175,1852.4013707652457,car,0 days 01:08:41.543000
2024-09-01 13:16:25.622,0 days 01:08:41.703000,0 days 00:01:20.998000,11005,264,7,100,False,0,car,5405.082500000001,0.9391246293185718,-1446.6920709733024,-4063.894990309027,1853.2526486351383,car,0 days 01:08:41.703000
2024-09-01 13:16:25.782,0 days 01:08:41.863000,0 days 00:01:21.158000,11053,268,7,100,False,0,car,5416.993611111112,0.9411941662418276,-1464.449630064108,-3934.451664069399,1853.8907543080934,car,0 days 01:08:41.863000
2024-09-01 13:16:26.103,0 days 01:08:42.184000,0 days 00:01:21.479000,11181,274,7,100,False,0,car,5441.425277777778,0.9454391301072206,-1486.5846796934093,-3696.3599447634333,1855.1975801696176,car,0 days 01:08:42.184000
2024-09-01 13:16:26.303,0 days 01:08:42.384000,0 days 00:01:21.679000,11329,275,7,100,False,0,car,5456.703055555557,0.9480936200974044,-1493.2437768887146,-3547.124017563072,1855.8909680567842,car,0 days 01:08:42.384000
2024-09-01 13:16:26.543,0 days 01:08:42.624000,0 days 00:01:21.919000,11536,275,7,100,False,0,car,5475.03638888889,0.9512790080856247,-1499.2193144286562,-3239.070833486255,1857.0750370872117,car,0 days 01:08:42.624000
2024-09-01 13:16:26.703,0 days 01:08:42.784000,0 days 00:01:22.079000,11651,282,7,100,False,0,car,5487.5697222222225,0.9534566551466626,-1500.2065519126586,-3103.471917237759,1857.9568757800168,car,0 days 01:08:42.784000
2024-09-01 13:16:26.983,0 days 01:08:43.064000,0 days 00:01:22.359000,11772,287,7,100,False,0,car,5509.891944444445,0.9573351063395928,-1498.694133118211,-2956.426486254183,1859.1582610354255,car,0 days 01:08:43.064000
2024-09-01 13:16:27.343,0 days 01:08:43.424000,0 days 00:01:22.719000,10958,290,7,100,False,0,car,5538.891944444445,0.9623738109755051,-1494.472991031462,-2718.401377650971,1860.532466243643,car,0 days 01:08:43.424000
2024-09-01 13:16:27.583,0 days 01:08:43.664000,0 days 00:01:22.959000,10510,293,8,100,False,0,car,5558.425277777778,0.9657676970865909,-1489.155131262485,-2523.048406425038,1861.7433617908594,car,0 days 01:08:43.664000
2024-09-01 13:16:28.023,0 days 01:08:44.104000,0 days 00:01:23.399000,10667,297,8,100,False,0,car,5594.7252777777785,0.9720747653032674,-1474.908577492878,-2161.5548105271464,1863.2416034795588,car,0 days 01:08:44.104000
2024-09-01 13:16:28.343,0 days 01:08:44.424000,0 days 00:01:23.719000,10739,300,8,100,False,0,car,5621.391944444445,0.9767080569224971,-1462.1135146854945,-1895.4916982719187,1865.8979840524676,car,0 days 01:08:44.424000
2024-09-01 13:16:28.623,0 days 01:08:44.704000,0 days 00:01:23.999000,10890,304,8,100,False,0,car,5645.036388888889,0.9808162421582141,-1445.6189445172713,-1626.9611633176394,1866.736469587906,car,0 days 01:08:44.704000
2024-09-01 13:16:28.783,0 days 01:08:44.864000,0 days 00:01:24.159000,10912,305,8,100,False,0,car,5658.591944444445,0.9831714987313227,-1432.919269767476,-1437.3075748835427,1868.1017595711344,car,0 days 01:08:44.864000
2024-09-01 13:16:28.943,0 days 01:08:45.024000,0 days 00:01:24.319000,10998,305,8,100,False,0,car,5672.147500000001,0.9855267553044311,-1420.9871589271947,-1270.3144606735686,1869.022180858125,car,0 days 01:08:45.024000
2024-09-01 13:16:29.303,0 days 01:08:45.384000,0 days 00:01:24.679000,11111,310,8,100,False,0,car,5703.147500000001,0.9909129568117857,-1401.3259959667228,-1012.347472850815,1870.3480218439747,car,0 days 01:08:45.384000
2024-09-01 13:16:29.663,0 days 01:08:45.744000,0 days 00:01:25.039000,11189,313,8,100,False,0,car,5734.447500000001,0.9963512828498566,-1383.978021200917,-801.0364974183925,1870.954361860991,car,0 days 01:08:45.744000
