Date_x,SessionTime_x,Time,RPM_x,Speed_x,nGear_x,Throttle_x,Brake_x,DRS_x,Source_x,Distance,RelativeDistance,X,Y,Z,Source_y,SessionTime_y
2024-07-21 14:13:32.960,0 days 02:05:39.347000,0 days 00:00:00.075000,11717,256,6,99,False,0,car,5.504166666666672,0.0012656111199537484,-1482.5095717665342,-114.34897347173705,2387.842868530396,car,0 days 02:05:39.347000
2024-07-21 14:13:33.200,0 days 02:05:39.587000,0 days 00:00:00.315000,10817,261,6,99,False,0,car,22.90416666666667,0.005266513494614496,-1677.8056550619233,44.41765635189835,2388.7224505988347,car,0 days 02:05:39.587000
2024-07-21 14:13:33.560,0 days 02:05:39.947000,0 days 00:00:00.675000,10624,266,7,99,False,0,car,49.50416666666667,0.011382835515647593,-1830.2166957520253,169.3131125375417,2388.1777718523585,car,0 days 02:05:39.947000
2024-07-21 14:13:33.880,0 days 02:05:40.267000,0 days 00:00:00.995000,10814,271,7,99,False,0,car,73.59305555555555,0.016921760386825434,-2105.1239882705236,394.41539247482774,2388.012126775229,car,0 days 02:05:40.267000
2024-07-21 14:13:34.040,0 days 02:05:40.427000,0 days 00:00:01.155000,10875,272,7,99,False,0,car,85.68194444444444,0.019701442240995865,-2207.3954771858944,478.6046273565024,2388.038930542052,car,0 days 02:05:40.427000
2024-07-21 14:13:34.200,0 days 02:05:40.587000,0 days 00:00:01.315000,10971,274,7,99,False,0,car,97.85972222222222,0.022501562932329314,-2267.6974676251098,528.823327032667,2388.0173363433455,car,0 days 02:05:40.587000
2024-07-21 14:13:34.440,0 days 02:05:40.827000,0 days 00:00:01.555000,11052,276,7,99,False,0,car,116.25972222222222,0.026732402225074014,-2390.895253993294,630.4448210684592,2387.99654478964,car,0 days 02:05:40.827000
2024-07-21 14:13:34.720,0 days 02:05:41.107000,0 days 00:00:01.835000,11132,278,7,99,False,0,car,137.88194444444446,0.03170414936497811,-2575.2148395620966,781.5880358853418,2387.9992412243796,car,0 days 02:05:41.107000
2024-07-21 14:13:34.880,0 days 02:05:41.267000,0 days 00:00:01.995000,11206,280,7,99,False,0,car,150.3263888888889,0.03456558656780062,-2644.3230420115506,838.691023934955,2388.0012249639462,car,0 days 02:05:41.267000
2024-07-21 14:13:35.041,0 days 02:05:41.428000,0 days 00:00:02.156000,11252,281,7,99,False,0,car,162.89333333333337,0.03745519104308841,-2701.0830660003,885.8158146272501,2388.0012125954854,car,0 days 02:05:41.428000
2024-07-21 14:13:35.401,0 days 02:05:41.788000,0 days 00:00:02.516000,11365,285,7,99,False,0,car,191.39333333333337,0.04400839320848101,-3013.791661314591,1141.07880848082,2388.0042519957515,car,0 days 02:05:41.788000
2024-07-21 14:13:35.641,0 days 02:05:42.028000,0 days 00:00:02.756000,11403,285,7,99,False,0,car,210.39333333333335,0.04837719465207608,-3145.83964003507,1249.710782856379,2388.0665254008936,car,0 days 02:05:42.028000
2024-07-21 14:13:35.801,0 days 02:05:42.188000,0 days 00:00:02.916000,11462,287,7,99,False,0,car,223.1488888888889,0.05131016778496914,-3217.211312855577,1308.8600742377503,2388.006825979878,car,0 days 02:05:42.188000
2024-07-21 14:13:36.121,0 days 02:05:42.508000,0 days 00:00:03.236000,11561,289,7,99,False,0,car,248.83777777777783,0.057216991725081316,-3383.8043887652143,1446.70920660419,2387.3881516810393,car,0 days 02:05:42.508000
2024-07-21 14:13:36.401,0 days 02:05:42.788000,0 days 00:00:03.516000,11624,290,7,99,False,0,car,271.3933333333334,0.062403346655197096,-3554.08522839698,1585.5761542530738,2385.457508141836,car,0 days 02:05:42.788000
2024-07-21 14:13:36.881,0 days 02:05:43.268000,0 days 00:00:03.996000,11703,292,7,99,False,0,car,310.3266666666667,0.07135555733259892,-3877.4417458607563,1851.2873356156592,2378.3506542029986,car,0 days 02:05:43.268000
2024-07-21 14:13:37.041,0 days 02:05:43.428000,0 days 00:00:04.156000,11722,292,7,99,False,0,car,323.30444444444447,0.07433962755839953,-3959.993926322524,1918.0882199638954,2375.2765610407223,car,0 days 02:05:43.428000
2024-07-21 14:13:37.361,0 days 02:05:43.748000,0 days 00:00:04.476000,11741,295,7,99,False,0,car,349.5266666666667,0.0803690845214898,-4229.175100243061,2130.7143134036287,2367.1126212416098,car,0 days 02:05:43.748000
2024-07-21 14:13:37.561,0 days 02:05:43.948000,0 days 00:00:04.676000,11765,295,7,99,False,0,car,365.9155555555556,0.08413749512342122,-4362.24407554369,2235.0680999991678,2363.7213457296757,car,0 days 02:05:43.948000
2024-07-21 14:13:37.881,0 days 02:05:44.268000,0 days 00:00:04.996000,11845,296,7,99,False,0,car,392.22666666666674,0.09018739092367452,-4507.441634311832,2350.080440734492,2360.1356373675508,car,0 days 02:05:44.268000
2024-07-21 14:13:38.321,0 days 02:05:44.708000,0 days 00:00:05.436000,11794,295,7,99,False,0,car,428.28222222222223,0.09847789424792364,-4794.951853053986,2575.267131827077,2352.955491962718,car,0 days 02:05:44.708000
2024-07-21 14:13:38.521,0 days 02:05:44.908000,0 days 00:00:05.636000,11456,295,7,67,False,0,car,444.67111111111114,0.10224630484985506,-4924.929428642279,2676.148613094991,2349.4049220432516,car,0 days 02:05:44.908000
2024-07-21 14:13:38.920,0 days 02:05:45.307000,0 days 00:00:06.035000,11278,285,7,0,False,0,car,476.2586111111111,0.10950943724983185,-5180.21722218672,2873.2565536512934,2342.0083073653777,car,0 days 02:05:45.307000
2024-07-21 14:13:39.160,0 days 02:05:45.547000,0 days 00:00:06.275000,10944,278,7,0,True,0,car,494.7919444444445,0.11377093479832108,-5326.95557884293,2989.1236627237786,2338.167840259684,car,0 days 02:05:45.547000
2024-07-21 14:13:39.600,0 days 02:05:45.987000,0 days 00:00:06.715000,9566,228,7,0,True,0,car,522.6586111111111,0.12017851024892717,-5569.864813559155,3184.1832969750863,2331.492272120155,car,0 days 02:05:45.987000
2024-07-21 14:13:39.920,0 days 02:05:46.307000,0 days 00:00:07.035000,10166,196,7,0,True,0,car,540.0808333333333,0.12418452233287867,-5713.40687485725,3306.677608512113,2326.30932722864,car,0 days 02:05:46.307000
2024-07-21 14:13:40.080,0 days 02:05:46.467000,0 days 00:00:07.195000,10871,177,5,0,True,0,car,547.9475,0.12599335942180576,-5774.3865247378335,3362.1457084505114,2325.0769351372137,car,0 days 02:05:46.467000
2024-07-21 14:13:40.280,0 days 02:05:46.667000,0 days 00:00:07.395000,11121,160,5,0,True,0,car,556.8363888888889,0.12803724313810755,-5843.559269277833,3428.542365971692,2321.820402940285,car,0 days 02:05:46.667000
2024-07-21 14:13:40.560,0 days 02:05:46.947000,0 days 00:00:07.675000,10237,146,4,0,True,0,car,568.1919444444445,0.1306483045856831,-5923.002733838931,3514.8333640092414,2318.517196665758,car,0 days 02:05:46.947000
2024-07-21 14:13:40.720,0 days 02:05:47.107000,0 days 00:00:07.835000,9397,136,3,0,True,0,car,574.236388888889,0.13203814551276832,-5961.519530103011,3563.5857753328955,2316.1227944244993,car,0 days 02:05:47.107000
2024-07-21 14:13:41.160,0 days 02:05:47.547000,0 days 00:00:08.275000,8126,118,3,0,True,0,car,588.6586111111112,0.13535434684246797,-6041.671646414685,3697.869778616144,2312.314789063438,car,0 days 02:05:47.547000
2024-07-21 14:13:41.641,0 days 02:05:48.028000,0 days 00:00:08.756000,7222,106,3,0,True,0,car,602.821388888889,0.13861089231619808,-6082.435253671525,3833.74235496824,2309.2000896641503,car,0 days 02:05:48.028000
2024-07-21 14:13:41.961,0 days 02:05:48.348000,0 days 00:00:09.076000,6711,100,3,0,False,0,car,611.710277777778,0.14065477603249987,-6082.62132108112,3914.8593530370586,2307.083714218602,car,0 days 02:05:48.348000
2024-07-21 14:13:42.241,0 days 02:05:48.628000,0 days 00:00:09.356000,6522,94,3,0,False,0,car,619.0213888888891,0.1423358703891581,-6051.650951799932,4010.2750680626123,2304.381141722586,car,0 days 02:05:48.628000
2024-07-21 14:13:42.401,0 days 02:05:48.788000,0 days 00:00:09.516000,6416,90,3,0,False,0,car,623.0213888888891,0.1432556180614939,-6040.399899415938,4034.1986717093987,2303.3110679396173,car,0 days 02:05:48.788000
2024-07-21 14:13:42.801,0 days 02:05:49.188000,0 days 00:00:09.916000,6457,86,3,12,False,0,car,632.5769444444446,0.14545279305651831,-5952.131084157714,4099.2345006282585,2301.2119167210762,car,0 days 02:05:49.188000
2024-07-21 14:13:43.121,0 days 02:05:49.508000,0 days 00:00:10.236000,6633,88,3,36,False,0,car,640.3991666666668,0.14725141072686387,-5905.525866399562,4123.486419897008,2300.989718790862,car,0 days 02:05:49.508000
2024-07-21 14:13:43.441,0 days 02:05:49.828000,0 days 00:00:10.556000,6899,92,3,48,False,0,car,648.5769444444445,0.1491317837458615,-5825.618064881871,4146.867897951048,2299.9523725725394,car,0 days 02:05:49.828000
2024-07-21 14:13:43.841,0 days 02:05:50.228000,0 days 00:00:10.956000,7677,101,3,62,False,0,car,659.7991666666668,0.15171218693769253,-5712.4190555686555,4161.707057647783,2297.547546643348,car,0 days 02:05:50.228000
2024-07-21 14:13:44.081,0 days 02:05:50.468000,0 days 00:00:11.196000,8285,111,3,71,False,0,car,667.1991666666668,0.15341372013151375,-5651.876597002432,4162.993668078419,2295.760918901284,car,0 days 02:05:50.468000
2024-07-21 14:13:44.441,0 days 02:05:50.828000,0 days 00:00:11.556000,9431,122,3,79,False,0,car,679.3991666666667,0.15621895053213794,-5533.272612567955,4159.755096105367,2293.941298012641,car,0 days 02:05:50.828000
2024-07-21 14:13:44.721,0 days 02:05:51.108000,0 days 00:00:11.836000,10002,130,3,82,False,0,car,689.5102777777779,0.15854386825943126,-5433.198635397446,4150.721741879436,2291.6022481317946,car,0 days 02:05:51.108000
2024-07-21 14:13:44.881,0 days 02:05:51.268000,0 days 00:00:11.996000,10221,134,3,92,False,0,car,695.4658333333334,0.15991327034935343,-5373.839756068224,4143.3186864225845,2289.7507400534555,car,0 days 02:05:51.268000
2024-07-21 14:13:45.041,0 days 02:05:51.428000,0 days 00:00:12.156000,11221,150,3,94,False,0,car,702.1325,0.16144618313657977,-5309.2675401537035,4133.017291076003,2288.8809389161243,car,0 days 02:05:51.428000
2024-07-21 14:13:45.280,0 days 02:05:51.667000,0 days 00:00:12.395000,10381,164,3,99,False,0,car,713.0202777777778,0.1639496852035849,-5173.50660052618,4108.247330626771,2284.7306751230867,car,0 days 02:05:51.667000
2024-07-21 14:13:45.480,0 days 02:05:51.867000,0 days 00:00:12.595000,10216,164,4,99,False,0,car,722.131388888889,0.16604466601279427,-5104.178982691862,4094.887464541684,2282.5820750803105,car,0 days 02:05:51.867000
2024-07-21 14:13:45.720,0 days 02:05:52.107000,0 days 00:00:12.835000,10964,181,4,99,False,0,car,734.1980555555557,0.16881923815767394,-5019.549826765548,4072.9665825684897,2280.853707514656,car,0 days 02:05:52.107000
2024-07-21 14:13:46.120,0 days 02:05:52.507000,0 days 00:00:13.235000,10552,196,4,99,False,0,car,755.9758333333334,0.17382675326261332,-4746.388518558365,3990.5157988744895,2275.353315564168,car,0 days 02:05:52.507000
2024-07-21 14:13:46.360,0 days 02:05:52.747000,0 days 00:00:13.475000,10719,202,5,99,False,0,car,769.4425000000001,0.17692323709281052,-4640.782588099339,3949.517529654121,2273.078234665185,car,0 days 02:05:52.747000
2024-07-21 14:13:46.760,0 days 02:05:53.147000,0 days 00:00:13.875000,11358,214,5,99,False,0,car,793.2202777777779,0.1823906260339178,-4470.536109472876,3875.363849188867,2269.912340959618,car,0 days 02:05:53.147000
2024-07-21 14:13:47.080,0 days 02:05:53.467000,0 days 00:00:14.195000,11574,225,5,99,False,0,car,813.2202777777779,0.18698936439559685,-4297.97331671211,3784.4534215545573,2266.5036938702006,car,0 days 02:05:53.467000
2024-07-21 14:13:47.240,0 days 02:05:53.627000,0 days 00:00:14.355000,10454,225,5,99,False,0,car,823.2202777777779,0.18928873357643636,-4212.512387007307,3733.8713524322206,2265.9385731822936,car,0 days 02:05:53.627000
2024-07-21 14:13:47.480,0 days 02:05:53.867000,0 days 00:00:14.595000,10659,234,6,99,False,0,car,838.820277777778,0.192875749498546,-4085.122040862432,3648.967659746008,2263.9151012882794,car,0 days 02:05:53.867000
2024-07-21 14:13:47.760,0 days 02:05:54.147000,0 days 00:00:14.875000,10797,238,6,99,False,0,car,857.331388888889,0.19713213733774446,-3933.884721543524,3540.389612095114,2262.3406332338427,car,0 days 02:05:54.147000
2024-07-21 14:13:47.920,0 days 02:05:54.307000,0 days 00:00:15.035000,11060,242,6,99,False,0,car,868.0869444444446,0.19960523663446963,-3849.155421559288,3474.851919693917,2261.419353694391,car,0 days 02:05:54.307000
2024-07-21 14:13:48.080,0 days 02:05:54.467000,0 days 00:00:15.195000,11187,243,6,99,False,0,car,878.8869444444446,0.2020885553497763,-3772.798302639494,3414.935551430766,2259.805102400288,car,0 days 02:05:54.467000
2024-07-21 14:13:48.281,0 days 02:05:54.668000,0 days 00:00:15.396000,11333,248,6,99,False,0,car,892.7336111111113,0.2052724152088454,-3612.421442384994,3281.201450145464,2257.5021596240194,car,0 days 02:05:54.668000
2024-07-21 14:13:48.561,0 days 02:05:54.948000,0 days 00:00:15.676000,11430,250,6,99,False,0,car,912.1780555555556,0.20974341083825554,-3454.565309621821,3147.149377243991,2255.016708354556,car,0 days 02:05:54.948000
2024-07-21 14:13:48.761,0 days 02:05:55.148000,0 days 00:00:15.876000,11522,253,6,99,False,0,car,926.2336111111111,0.21297530196465772,-3399.391107586703,3098.9337586295537,2254.0874439886857,car,0 days 02:05:55.148000
2024-07-21 14:13:48.921,0 days 02:05:55.308000,0 days 00:00:16.036000,11597,255,6,99,False,0,car,937.5669444444446,0.21558125370294254,-3324.6538683993713,3033.23559354108,2254.066774449399,car,0 days 02:05:55.308000
2024-07-21 14:13:49.201,0 days 02:05:55.588000,0 days 00:00:16.316000,11705,257,6,99,False,0,car,957.5558333333333,0.22017743720997615,-3171.576764306001,2899.447581341612,2252.57444474763,car,0 days 02:05:55.588000
2024-07-21 14:13:49.561,0 days 02:05:55.948000,0 days 00:00:16.676000,11819,258,6,83,False,0,car,983.3558333333333,0.22610980969654207,-2979.050873583511,2729.829779749923,2249.948860040645,car,0 days 02:05:55.948000
2024-07-21 14:13:49.841,0 days 02:05:56.228000,0 days 00:00:16.956000,11150,250,6,0,True,0,car,1002.8002777777779,0.23058080532595226,-2828.2362055044637,2601.122562659959,2247.912504693307,car,0 days 02:05:56.228000
2024-07-21 14:13:50.121,0 days 02:05:56.508000,0 days 00:00:17.236000,10777,222,6,0,True,0,car,1020.0669444444446,0.23455104944486851,-2687.929090680554,2485.0178923063777,2245.471300964578,car,0 days 02:05:56.508000
2024-07-21 14:13:50.401,0 days 02:05:56.788000,0 days 00:00:17.516000,10768,197,6,0,True,0,car,1035.3891666666668,0.2380741940008437,-2563.152694093628,2390.0502084407076,2243.5345196874036,car,0 days 02:05:56.788000
2024-07-21 14:13:50.601,0 days 02:05:56.988000,0 days 00:00:17.716000,11378,183,5,0,True,0,car,1045.5558333333336,0.2404118860013639,-2440.9697442723445,2309.45183767846,2240.4624232429555,car,0 days 02:05:56.988000
2024-07-21 14:13:50.881,0 days 02:05:57.268000,0 days 00:00:17.996000,11290,166,4,0,True,0,car,1058.4669444444446,0.24338062709929223,-2336.847491980818,2248.5189353938745,2237.0711992140896,car,0 days 02:05:57.268000
2024-07-21 14:13:51.241,0 days 02:05:57.628000,0 days 00:00:18.356000,10738,154,3,0,True,0,car,1073.8669444444447,0.2469216556377851,-2199.4667387047743,2193.931309298134,2233.088648351432,car,0 days 02:05:57.628000
2024-07-21 14:13:51.681,0 days 02:05:58.068000,0 days 00:00:18.796000,9844,141,3,0,True,0,car,1091.100277777778,0.2508842351927652,-2013.986271007247,2164.6262411605335,2226.8617760611446,car,0 days 02:05:58.068000
2024-07-21 14:13:52.120,0 days 02:05:58.507000,0 days 00:00:19.235000,9342,133,3,0,True,0,car,1107.3188888888892,0.2546134926472562,-1862.398039011102,2199.26561248125,2217.2981577803694,car,0 days 02:05:58.507000
2024-07-21 14:13:52.440,0 days 02:05:58.827000,0 days 00:00:19.555000,9044,124,3,0,False,0,car,1118.3411111111113,0.2571479084554704,-1766.4577724063208,2253.8379407042985,2209.9212493478612,car,0 days 02:05:58.827000
2024-07-21 14:13:52.680,0 days 02:05:59.067000,0 days 00:00:19.795000,8527,121,3,0,False,0,car,1126.4077777777782,0.2590027329280143,-1696.1744312764613,2327.4479262145383,2202.50684971275,car,0 days 02:05:59.067000
2024-07-21 14:13:52.880,0 days 02:05:59.267000,0 days 00:00:19.995000,8392,119,3,0,False,0,car,1133.0188888888893,0.26052287144201375,-1657.0713955287254,2383.425151078803,2196.860483881059,car,0 days 02:05:59.267000
2024-07-21 14:13:53.160,0 days 02:05:59.547000,0 days 00:00:20.275000,8331,118,3,2,False,0,car,1142.196666666667,0.26263318137909536,-1627.6189167624666,2451.2492102891647,2193.0020028815343,car,0 days 02:05:59.547000
2024-07-21 14:13:53.320,0 days 02:05:59.707000,0 days 00:00:20.435000,8064,114,3,6,False,0,car,1147.2633333333335,0.26379819509738733,-1612.355051176743,2500.4943409200628,2190.6739339099354,car,0 days 02:05:59.707000
2024-07-21 14:13:53.480,0 days 02:05:59.867000,0 days 00:00:20.595000,8537,114,3,32,False,0,car,1152.3300000000002,0.26496320881567936,-1603.1492626504566,2550.255758963621,2187.105742761679,car,0 days 02:05:59.867000
2024-07-21 14:13:53.720,0 days 02:06:00.107000,0 days 00:00:20.835000,8485,117,3,38,False,0,car,1160.13,0.2667567167767341,-1596.8969225064,2627.555894915992,2182.211190236087,car,0 days 02:06:00.107000
2024-07-21 14:13:53.960,0 days 02:06:00.347000,0 days 00:00:21.075000,8841,119,3,50,False,0,car,1168.0633333333335,0.2685808829935335,-1602.709512818209,2712.3247844101866,2174.8696977621594,car,0 days 02:06:00.347000
2024-07-21 14:13:54.160,0 days 02:06:00.547000,0 days 00:00:21.275000,9146,123,3,60,False,0,car,1174.8966666666668,0.27015211860044047,-1613.7251288508255,2775.3081193163853,2169.239626393384,car,0 days 02:06:00.547000
2024-07-21 14:13:54.360,0 days 02:06:00.747000,0 days 00:00:21.475000,9615,128,3,69,False,0,car,1182.007777777778,0.27178722557348195,-1628.1771036195373,2834.584129318489,2164.541960238726,car,0 days 02:06:00.747000
2024-07-21 14:13:54.560,0 days 02:06:00.947000,0 days 00:00:21.675000,10249,132,3,75,False,0,car,1189.3411111111113,0.27347342963943094,-1660.2060323977628,2921.5596232860808,2157.812483276865,car,0 days 02:06:00.947000
2024-07-21 14:13:54.841,0 days 02:06:01.228000,0 days 00:00:21.956000,11041,148,3,87,False,0,car,1200.8933333333334,0.2761297120142296,-1721.4719747772701,3060.4280764139407,2146.681618662091,car,0 days 02:06:01.228000
2024-07-21 14:13:55.161,0 days 02:06:01.548000,0 days 00:00:22.276000,11910,160,3,96,False,0,car,1215.1155555555556,0.27939992596031243,-1765.5768743919962,3137.0965123830533,2140.4378975915815,car,0 days 02:06:01.548000
2024-07-21 14:13:55.321,0 days 02:06:01.708000,0 days 00:00:22.436000,10790,169,3,99,False,0,car,1222.6266666666668,0.28112700770058746,-1818.6246719253336,3228.1932359730504,2132.580248688924,car,0 days 02:06:01.708000
2024-07-21 14:13:55.481,0 days 02:06:01.868000,0 days 00:00:22.596000,10875,174,4,99,False,0,car,1230.3600000000001,0.28290518653377006,-1858.392025428263,3296.3363932079983,2126.7739694239744,car,0 days 02:06:01.868000
2024-07-21 14:13:55.841,0 days 02:06:02.228000,0 days 00:00:22.956000,11836,192,4,99,False,0,car,1249.5600000000002,0.2873199753609819,-1929.8088910426306,3425.8258122179013,2117.010906329105,car,0 days 02:06:02.228000
2024-07-21 14:13:56.161,0 days 02:06:02.548000,0 days 00:00:23.276000,10686,202,4,99,False,0,car,1267.5155555555557,0.29144862046791153,-2001.919630983495,3586.7931419743886,2105.7380680909464,car,0 days 02:06:02.548000
2024-07-21 14:13:56.321,0 days 02:06:02.708000,0 days 00:00:23.436000,11099,208,5,98,False,0,car,1276.7600000000002,0.29357425953286537,-2030.22996962367,3672.052470234632,2099.872561103413,car,0 days 02:06:02.708000
2024-07-21 14:13:56.601,0 days 02:06:02.988000,0 days 00:00:23.716000,11539,216,5,93,False,0,car,1293.5600000000004,0.2974371997566758,-2068.5781536336835,3831.363221326564,2089.19200181274,car,0 days 02:06:02.988000
2024-07-21 14:13:56.881,0 days 02:06:03.268000,0 days 00:00:23.996000,11559,221,5,96,False,0,car,1310.748888888889,0.3013895598930743,-2084.18697771295,3999.329391421683,2080.5983580119546,car,0 days 02:06:03.268000
2024-07-21 14:13:57.201,0 days 02:06:03.588000,0 days 00:00:24.316000,10520,227,6,98,False,0,car,1330.9266666666667,0.30602917592907936,-2071.547060255793,4197.006631362569,2071.6745666715474,car,0 days 02:06:03.588000
2024-07-21 14:13:57.481,0 days 02:06:03.868000,0 days 00:00:24.596000,10681,232,6,99,False,0,car,1348.9711111111112,0.310178259873172,-2024.2258159035655,4376.334408599459,2062.698156489596,car,0 days 02:06:03.868000
2024-07-21 14:13:57.841,0 days 02:06:04.228000,0 days 00:00:24.956000,10924,238,6,99,False,0,car,1372.7711111111112,0.31565075852357005,-1910.0028192726952,4622.208060296275,2052.484732295,car,0 days 02:06:04.228000
2024-07-21 14:13:58.081,0 days 02:06:04.468000,0 days 00:00:25.196000,11067,243,6,99,False,0,car,1388.9711111111112,0.31937573659653007,-1854.365494862493,4722.243203438628,2050.0494622705783,car,0 days 02:06:04.468000
2024-07-21 14:13:58.321,0 days 02:06:04.708000,0 days 00:00:25.436000,11356,246,6,98,False,0,car,1405.371111111111,0.3231467020531068,-1778.1693313245923,4857.469940308889,2045.4789731690848,car,0 days 02:06:04.708000
2024-07-21 14:13:58.561,0 days 02:06:04.948000,0 days 00:00:25.676000,11347,249,6,99,False,0,car,1421.971111111111,0.32696365489330037,-1664.5559553219255,5042.979704896818,2042.4295361656837,car,0 days 02:06:04.948000
2024-07-21 14:13:58.840,0 days 02:06:05.227000,0 days 00:00:25.955000,11579,254,6,99,False,0,car,1441.656111111111,0.33148996312578294,-1556.8754264906465,5220.922949068931,2041.7919425471057,car,0 days 02:06:05.227000
2024-07-21 14:13:59.080,0 days 02:06:05.467000,0 days 00:00:26.195000,11602,258,6,98,False,0,car,1458.856111111111,0.3354448781168269,-1507.6583236009806,5314.293487603761,2042.4247614504795,car,0 days 02:06:05.467000
2024-07-21 14:13:59.360,0 days 02:06:05.747000,0 days 00:00:26.475000,10432,259,7,99,False,0,car,1479.0005555555556,0.34007682958889585,-1386.3992328732006,5537.457064938976,2044.094488737619,car,0 days 02:06:05.747000
2024-07-21 14:13:59.560,0 days 02:06:05.947000,0 days 00:00:26.675000,10566,264,7,99,False,0,car,1493.667222222222,0.3434492377207938,-1290.0190193089952,5713.682589503497,2045.8984048661252,car,0 days 02:06:05.947000
2024-07-21 14:13:59.800,0 days 02:06:06.187000,0 days 00:00:26.915000,10669,267,7,99,False,0,car,1511.467222222222,0.3475421148626881,-1192.7520172141037,5889.837106285,2049.170722121586,car,0 days 02:06:06.187000
2024-07-21 14:14:00.040,0 days 02:06:06.427000,0 days 00:00:27.155000,10805,270,7,99,False,0,car,1529.4672222222223,0.35168097938819926,-1130.3859168628583,6002.933325456195,2051.8092319613233,car,0 days 02:06:06.427000
2024-07-21 14:14:00.320,0 days 02:06:06.707000,0 days 00:00:27.435000,10887,273,7,99,False,0,car,1550.7005555555554,0.3565633066155151,-1064.311071986619,6124.186660280381,2055.868347109767,car,0 days 02:06:06.707000
2024-07-21 14:14:00.520,0 days 02:06:06.907000,0 days 00:00:27.635000,10953,275,7,99,False,0,car,1565.9783333333335,0.36007623175290887,-952.5394296741333,6327.990991884152,2063.7757540689768,car,0 days 02:06:06.907000
2024-07-21 14:14:00.680,0 days 02:06:07.067000,0 days 00:00:27.795000,11028,276,7,99,False,0,car,1578.2450000000001,0.36289679128140534,-879.3723154921834,6460.94124089783,2069.109311706638,car,0 days 02:06:07.067000
2024-07-21 14:14:00.920,0 days 02:06:07.307000,0 days 00:00:28.035000,11125,278,7,99,False,0,car,1596.7783333333334,0.36715828882989454,-815.8974066382802,6575.243656643556,2074.1958645102236,car,0 days 02:06:07.307000
2024-07-21 14:14:01.080,0 days 02:06:07.467000,0 days 00:00:28.195000,11005,279,7,99,False,0,car,1609.1783333333335,0.37000950661413556,-767.2025581927139,6662.777136626362,2078.722199137721,car,0 days 02:06:07.467000
2024-07-21 14:14:01.361,0 days 02:06:07.748000,0 days 00:00:28.476000,11163,279,7,99,False,0,car,1630.9558333333334,0.3750169578477088,-661.4815249487315,6852.494991771334,2089.3921893279203,car,0 days 02:06:07.748000
2024-07-21 14:14:01.521,0 days 02:06:07.908000,0 days 00:00:28.636000,11138,280,7,99,False,0,car,1643.4002777777778,0.3778783950505313,-605.3805836374385,6951.8359658771,2095.4625847673556,car,0 days 02:06:07.908000
2024-07-21 14:14:01.801,0 days 02:06:08.188000,0 days 00:00:28.916000,11135,279,7,99,False,0,car,1665.1002777777778,0.382868026172953,-507.42178032400045,7113.040705741538,2106.3545911850297,car,0 days 02:06:08.188000
2024-07-21 14:14:02.041,0 days 02:06:08.428000,0 days 00:00:29.156000,11141,278,7,99,False,0,car,1683.6336111111111,0.38712952372144227,-404.0024563499662,7261.125947848572,2117.5612292640917,car,0 days 02:06:08.428000
2024-07-21 14:14:02.321,0 days 02:06:08.708000,0 days 00:00:29.436000,11117,279,7,63,False,0,car,1705.3336111111112,0.392119154843864,-276.76009852042216,7437.074874039495,2131.03345080608,car,0 days 02:06:08.708000
2024-07-21 14:14:02.641,0 days 02:06:09.028000,0 days 00:00:29.756000,11101,272,7,0,True,0,car,1729.5113888888889,0.3976785185522048,-131.02733542892426,7626.182251780814,2144.54562281308,car,0 days 02:06:09.028000
2024-07-21 14:14:03.041,0 days 02:06:09.428000,0 days 00:00:30.156000,12456,244,6,0,True,0,car,1756.6225,0.4039123638869253,61.75611998760132,7902.171249898651,2161.958315492484,car,0 days 02:06:09.428000
2024-07-21 14:14:03.241,0 days 02:06:09.628000,0 days 00:00:30.356000,12127,236,5,0,False,0,car,1769.7336111111113,0.40692709236847047,90.87073860707395,7968.611842615659,2163.8848629830286,car,0 days 02:06:09.628000
2024-07-21 14:14:03.401,0 days 02:06:09.788000,0 days 00:00:30.516000,11816,229,5,3,False,0,car,1779.9113888888887,0.40926733922363595,137.43110080167446,8090.735646813553,2166.277085408669,car,0 days 02:06:09.788000
2024-07-21 14:14:03.681,0 days 02:06:10.068000,0 days 00:00:30.796000,11453,222,5,16,False,0,car,1797.1780555555554,0.4132375833425522,177.9744721714513,8243.921117409109,2169.751598751236,car,0 days 02:06:10.068000
2024-07-21 14:14:04.081,0 days 02:06:10.468000,0 days 00:00:31.196000,11707,220,5,90,False,0,car,1821.6225,0.4188582635623821,187.48573341618263,8478.827050212836,2174.23501658275,car,0 days 02:06:10.468000
2024-07-21 14:14:04.361,0 days 02:06:10.748000,0 days 00:00:31.476000,11943,224,5,96,False,0,car,1839.044722222222,0.42286427564633355,148.42643143113966,8701.305566847774,2175.0334123400353,car,0 days 02:06:10.748000
2024-07-21 14:14:04.721,0 days 02:06:11.108000,0 days 00:00:31.836000,12110,229,5,99,False,0,car,1861.9447222222218,0.428129831070456,93.51012492002319,8863.820186327443,2175.633530763724,car,0 days 02:06:11.108000
2024-07-21 14:14:05.001,0 days 02:06:11.388000,0 days 00:00:32.116000,12160,232,5,99,False,0,car,1879.9891666666663,0.4322789150145486,33.11734735154708,9023.963433880455,2175.900035228452,car,0 days 02:06:11.388000
2024-07-21 14:14:05.201,0 days 02:06:11.588000,0 days 00:00:32.316000,12218,234,5,99,False,0,car,1892.9891666666665,0.43526809494964,-35.613011786439394,9205.22172885267,2176.5700540494586,car,0 days 02:06:11.588000
2024-07-21 14:14:05.520,0 days 02:06:11.907000,0 days 00:00:32.635000,12000,238,5,43,False,0,car,1914.0786111111106,0.4401173368092982,-101.90467354034699,9388.628567673333,2176.9202994605535,car,0 days 02:06:11.907000
2024-07-21 14:14:05.760,0 days 02:06:12.147000,0 days 00:00:32.875000,11633,228,5,0,True,0,car,1929.2786111111106,0.4436123779641743,-131.80145864024993,9488.427392619305,2177.397951795955,car,0 days 02:06:12.147000
2024-07-21 14:14:05.960,0 days 02:06:12.347000,0 days 00:00:33.075000,10992,215,5,0,True,0,car,1941.2230555555552,0.44635884670795484,-165.5686418095678,9612.281294581671,2178.077148708452,car,0 days 02:06:12.347000
2024-07-21 14:14:06.160,0 days 02:06:12.547000,0 days 00:00:33.275000,11975,200,5,0,True,0,car,1952.334166666666,0.44891370135333203,-187.74355988630123,9719.548476515232,2178.0769061420915,car,0 days 02:06:12.547000
2024-07-21 14:14:06.520,0 days 02:06:12.907000,0 days 00:00:33.635000,10799,182,4,0,True,0,car,1970.5341666666661,0.45309855326245996,-198.6404506086079,9961.975438018208,2180.7673695254525,car,0 days 02:06:12.907000
2024-07-21 14:14:06.720,0 days 02:06:13.107000,0 days 00:00:33.835000,10351,174,4,0,True,0,car,1980.2008333333329,0.45532127680393814,-192.02365469791812,10054.221115374205,2181.5407062910444,car,0 days 02:06:13.107000
2024-07-21 14:14:06.880,0 days 02:06:13.267000,0 days 00:00:33.995000,9990,168,4,0,True,0,car,1987.6674999999993,0.4570381391256316,-181.03670593078627,10087.683257676506,2181.7115451918503,car,0 days 02:06:13.267000
2024-07-21 14:14:07.040,0 days 02:06:13.427000,0 days 00:00:34.155000,9860,165,4,0,True,0,car,1995.0008333333328,0.4587243431915806,-161.6715980489421,10146.843638550217,2183.072126474774,car,0 days 02:06:13.427000
2024-07-21 14:14:07.360,0 days 02:06:13.747000,0 days 00:00:34.475000,9266,157,4,0,False,0,car,2008.9563888888883,0.4619332406261744,-102.5768381884318,10278.026869905216,2187.1338191757677,car,0 days 02:06:13.747000
2024-07-21 14:14:07.800,0 days 02:06:14.187000,0 days 00:00:34.915000,8716,147,4,0,False,0,car,2026.9230555555548,0.4660644405877494,15.045484892313087,10419.333061016929,2193.655547276677,car,0 days 02:06:14.187000
2024-07-21 14:14:08.121,0 days 02:06:14.508000,0 days 00:00:35.236000,8644,140,4,14,False,0,car,2039.4063888888882,0.46893481978183066,120.27089414887031,10491.67799761701,2197.802924084626,car,0 days 02:06:14.508000
2024-07-21 14:14:08.401,0 days 02:06:14.788000,0 days 00:00:35.516000,8798,140,4,51,False,0,car,2050.2952777777773,0.47143857733430045,221.93459860598563,10530.003639198967,2201.3856154322875,car,0 days 02:06:14.788000
2024-07-21 14:14:08.601,0 days 02:06:14.988000,0 days 00:00:35.716000,8902,142,4,59,False,0,car,2058.1841666666664,0.47325252413251834,297.98593594121763,10547.32571717563,2204.49459225,car,0 days 02:06:14.988000
2024-07-21 14:14:08.801,0 days 02:06:15.188000,0 days 00:00:35.916000,9134,145,4,68,False,0,car,2066.2397222222216,0.47510479375041675,382.53177238251305,10555.829717091123,2208.1487071199067,car,0 days 02:06:15.188000
2024-07-21 14:14:09.041,0 days 02:06:15.428000,0 days 00:00:36.156000,9312,147,4,72,False,0,car,2076.039722222222,0.4773581755476395,511.23549343847384,10549.491767757827,2214.25940809516,car,0 days 02:06:15.428000
2024-07-21 14:14:09.201,0 days 02:06:15.588000,0 days 00:00:36.316000,9558,154,4,79,False,0,car,2082.8841666666663,0.47893196600919186,564.6076000302436,10541.343869470209,2217.045217218579,car,0 days 02:06:15.588000
2024-07-21 14:14:09.521,0 days 02:06:15.908000,0 days 00:00:36.636000,10040,162,4,83,False,0,car,2097.2841666666664,0.4822430576296008,680.1824573499364,10506.625316242627,2223.678652363307,car,0 days 02:06:15.908000
2024-07-21 14:14:09.841,0 days 02:06:16.228000,0 days 00:00:36.956000,10600,166,4,99,False,0,car,2112.039722222222,0.48563590459866174,817.4136430690332,10449.808981015325,2228.8620022455884,car,0 days 02:06:16.228000
2024-07-21 14:14:10.001,0 days 02:06:16.388000,0 days 00:00:37.116000,11057,177,4,98,False,0,car,2119.906388888888,0.4874447416875887,887.4337798598804,10413.56763741678,2232.6512301995376,car,0 days 02:06:16.388000
2024-07-21 14:14:10.161,0 days 02:06:16.548000,0 days 00:00:37.276000,11496,184,4,99,False,0,car,2128.084166666666,0.4893251147065864,955.8355446666607,10372.013499883884,2235.4515452532373,car,0 days 02:06:16.548000
2024-07-21 14:14:10.361,0 days 02:06:16.748000,0 days 00:00:37.476000,11855,190,4,99,False,0,car,2138.6397222222213,0.4917522266196947,1043.1746300916561,10310.794371608767,2240.904371350164,car,0 days 02:06:16.748000
2024-07-21 14:14:10.521,0 days 02:06:16.908000,0 days 00:00:37.636000,10735,197,4,99,False,0,car,2147.395277777777,0.4937654520802521,1107.585281142954,10261.1609383303,2245.1600696993946,car,0 days 02:06:16.908000
2024-07-21 14:14:10.761,0 days 02:06:17.148000,0 days 00:00:37.876000,10722,202,5,99,False,0,car,2160.8619444444435,0.4968619359104492,1238.7121129782404,10147.965954289519,2251.6357433335156,car,0 days 02:06:17.148000
2024-07-21 14:14:11.121,0 days 02:06:17.508000,0 days 00:00:38.236000,11226,213,5,99,False,0,car,2182.1619444444436,0.5017595922656374,1418.6853554118316,9978.918340137681,2260.582121165008,car,0 days 02:06:17.508000
2024-07-21 14:14:11.321,0 days 02:06:17.708000,0 days 00:00:38.436000,11391,217,5,99,False,0,car,2194.2174999999993,0.5045316095558717,1472.8403043069961,9920.886433250169,2263.1770633985257,car,0 days 02:06:17.708000
2024-07-21 14:14:11.521,0 days 02:06:17.908000,0 days 00:00:38.636000,11554,220,5,99,False,0,car,2206.4397222222215,0.5073419496657866,1537.5460051295001,9851.599391560443,2266.048209662354,car,0 days 02:06:17.908000
2024-07-21 14:14:11.801,0 days 02:06:18.188000,0 days 00:00:38.916000,11799,225,5,99,False,0,car,2223.939722222221,0.5113658457322556,1652.289806016361,9726.702157189316,2270.5341228299394,car,0 days 02:06:18.188000
2024-07-21 14:14:12.041,0 days 02:06:18.428000,0 days 00:00:39.156000,11990,227,5,99,False,0,car,2239.0730555555547,0.5148455577592596,1757.551589086183,9610.49729718544,2274.4212596812117,car,0 days 02:06:18.428000
2024-07-21 14:14:12.360,0 days 02:06:18.747000,0 days 00:00:39.475000,12048,227,5,0,False,0,car,2259.1877777777772,0.5194706749951522,1885.5546103983343,9467.747424814519,2278.486976973346,car,0 days 02:06:18.747000
2024-07-21 14:14:12.560,0 days 02:06:18.947000,0 days 00:00:39.675000,11628,222,5,0,True,0,car,2271.5211111111103,0.5223065636515208,1969.0455556308436,9375.837542887719,2280.55810018707,car,0 days 02:06:18.947000
2024-07-21 14:14:12.760,0 days 02:06:19.147000,0 days 00:00:39.875000,10876,210,5,0,True,0,car,2283.1877777777772,0.5249891610291669,2049.6743348354107,9287.287865797418,2282.108985005535,car,0 days 02:06:19.147000
2024-07-21 14:14:13.040,0 days 02:06:19.427000,0 days 00:00:40.155000,10449,193,5,0,True,0,car,2298.198888888888,0.5284407696550716,2148.1127392724297,9177.213660440877,2283.461693639122,car,0 days 02:06:19.427000
2024-07-21 14:14:13.400,0 days 02:06:19.787000,0 days 00:00:40.515000,10699,148,4,0,True,0,car,2312.9988888888884,0.5318438360427141,2277.3139666733105,9020.1099630216,2285.091957616271,car,0 days 02:06:19.787000
2024-07-21 14:14:13.680,0 days 02:06:20.067000,0 days 00:00:40.795000,9418,132,3,0,True,0,car,2323.2655555555552,0.5342045217350427,2323.3042505125145,8953.575966419068,2285.0429535744756,car,0 days 02:06:20.067000
2024-07-21 14:14:13.960,0 days 02:06:20.347000,0 days 00:00:41.075000,8568,124,3,0,True,0,car,2332.91,0.5364221355672302,2365.7932578405903,8870.61969146326,2284.99889104266,car,0 days 02:06:20.347000
2024-07-21 14:14:14.120,0 days 02:06:20.507000,0 days 00:00:41.235000,8152,117,3,0,True,0,car,2338.1099999999997,0.5376178075412666,2383.527075203754,8826.182535011578,2285.010050809007,car,0 days 02:06:20.507000
2024-07-21 14:14:14.400,0 days 02:06:20.787000,0 days 00:00:41.515000,7682,110,3,0,True,0,car,2346.6655555555553,0.5395850456182072,2402.8951693027066,8694.18201448016,2285.063562823411,car,0 days 02:06:20.787000
2024-07-21 14:14:14.681,0 days 02:06:21.068000,0 days 00:00:41.796000,7535,108,3,0,False,0,car,2355.095555555555,0.5415234138376549,2396.669791660809,8658.649855374222,2286.2013131042945,car,0 days 02:06:21.068000
2024-07-21 14:14:15.041,0 days 02:06:21.428000,0 days 00:00:42.156000,7138,103,3,22,False,0,car,2365.3955555555553,0.5438917640939196,2365.2301214627123,8553.925505011319,2287.753499739022,car,0 days 02:06:21.428000
2024-07-21 14:14:15.321,0 days 02:06:21.708000,0 days 00:00:42.436000,7873,105,3,46,False,0,car,2373.562222222222,0.5457695822582719,2330.6738275094076,8487.193972899438,2288.0787492630698,car,0 days 02:06:21.708000
2024-07-21 14:14:15.521,0 days 02:06:21.908000,0 days 00:00:42.636000,8076,109,3,55,False,0,car,2379.6177777777775,0.5471619780400024,2294.8150208920483,8413.765151774121,2287.9703272701454,car,0 days 02:06:21.908000
2024-07-21 14:14:15.721,0 days 02:06:22.108000,0 days 00:00:42.836000,8382,115,3,54,False,0,car,2386.006666666666,0.5486310194610943,2262.8405534943927,8336.267632195446,2288.158127877691,car,0 days 02:06:22.108000
2024-07-21 14:14:15.881,0 days 02:06:22.268000,0 days 00:00:42.996000,8536,116,3,52,False,0,car,2391.1622222222218,0.5498164720165494,2252.519727006461,8293.216961820242,2288.5928278146635,car,0 days 02:06:22.268000
2024-07-21 14:14:16.121,0 days 02:06:22.508000,0 days 00:00:43.236000,9596,122,3,61,False,0,car,2399.295555555555,0.5516866256169655,2246.758747234023,8210.973769770186,2289.221413363564,car,0 days 02:06:22.508000
2024-07-21 14:14:16.281,0 days 02:06:22.668000,0 days 00:00:43.396000,9257,126,3,65,False,0,car,2404.895555555555,0.5529742723582356,2247.162754852869,8140.100950647461,2289.572750520333,car,0 days 02:06:22.668000
2024-07-21 14:14:16.481,0 days 02:06:22.868000,0 days 00:00:43.596000,9809,132,3,69,False,0,car,2412.228888888888,0.5546604764241845,2248.206073227886,8076.304048152727,2290.184843141372,car,0 days 02:06:22.868000
2024-07-21 14:14:16.721,0 days 02:06:23.108000,0 days 00:00:43.836000,10026,139,3,73,False,0,car,2421.495555555555,0.5567912251984292,2251.6476034120933,8030.40314249918,2290.98982478494,car,0 days 02:06:23.108000
2024-07-21 14:14:16.921,0 days 02:06:23.308000,0 days 00:00:44.036000,11040,148,3,83,False,0,car,2429.717777777777,0.5586818176360082,2264.9547276022167,7954.299689713555,2291.0041092948013,car,0 days 02:06:23.308000
2024-07-21 14:14:17.201,0 days 02:06:23.588000,0 days 00:00:44.316000,11324,160,3,97,False,0,car,2442.1622222222213,0.5615432548388307,2292.714008889032,7846.947192888416,2291.582477619715,car,0 days 02:06:23.588000
2024-07-21 14:14:17.401,0 days 02:06:23.788000,0 days 00:00:44.516000,10595,168,3,99,False,0,car,2451.4955555555543,0.5636893327409476,2329.9769738256227,7723.3636879868645,2292.6988180481,car,0 days 02:06:23.788000
2024-07-21 14:14:17.561,0 days 02:06:23.948000,0 days 00:00:44.676000,10785,172,4,99,False,0,car,2459.139999999999,0.5654470727369671,2361.7482515459433,7615.607639858194,2293.628945991476,car,0 days 02:06:23.948000
2024-07-21 14:14:17.761,0 days 02:06:24.148000,0 days 00:00:44.876000,10665,181,4,99,False,0,car,2469.195555555554,0.5677592161910334,2394.660774249145,7496.971341336609,2294.5166532170615,car,0 days 02:06:24.148000
2024-07-21 14:14:17.961,0 days 02:06:24.348000,0 days 00:00:45.076000,11683,189,4,99,False,0,car,2479.695555555554,0.570173553830915,2418.5046045333347,7411.301340508791,2295.249340050701,car,0 days 02:06:24.348000
2024-07-21 14:14:18.241,0 days 02:06:24.628000,0 days 00:00:45.356000,12127,197,4,99,False,0,car,2495.0177777777762,0.5736966983868901,2440.417735152499,7325.733215969822,2295.9615176075868,car,0 days 02:06:24.628000
2024-07-21 14:14:18.601,0 days 02:06:24.988000,0 days 00:00:45.716000,11790,197,4,0,True,0,car,2514.717777777776,0.5782264556731439,2487.0321740916465,7134.630438092162,2296.07238777586,car,0 days 02:06:24.988000
2024-07-21 14:14:18.801,0 days 02:06:25.188000,0 days 00:00:45.916000,11320,191,4,0,True,0,car,2525.328888888887,0.5806663418594791,2522.3533846899127,7034.87010564646,2296.956798259513,car,0 days 02:06:25.188000
2024-07-21 14:14:19.120,0 days 02:06:25.507000,0 days 00:00:46.235000,10747,181,4,0,True,0,car,2541.367499999998,0.584354210668715,2595.77369699662,6894.979933920819,2298.0543900400035,car,0 days 02:06:25.507000
2024-07-21 14:14:19.400,0 days 02:06:25.787000,0 days 00:00:46.515000,10366,176,4,0,True,0,car,2555.056388888887,0.5875017915918197,2698.343059653813,6772.74738658106,2298.3997725719933,car,0 days 02:06:25.787000
2024-07-21 14:14:19.680,0 days 02:06:26.067000,0 days 00:00:46.795000,10080,169,4,2,False,0,car,2568.2008333333315,0.590524184637301,2797.610214457092,6686.926126478971,2299.6652909084837,car,0 days 02:06:26.067000
2024-07-21 14:14:19.840,0 days 02:06:26.227000,0 days 00:00:46.955000,9817,166,4,5,False,0,car,2575.5786111111092,0.5922206081218315,2841.1158654755463,6663.412287733056,2300.203169435962,car,0 days 02:06:26.227000
2024-07-21 14:14:20.360,0 days 02:06:26.747000,0 days 00:00:47.475000,10014,160,4,56,False,0,car,2598.6897222222206,0.5975347057842162,3136.113767315407,6585.616556658747,2302.378591523444,car,0 days 02:06:26.747000
2024-07-21 14:14:20.600,0 days 02:06:26.987000,0 days 00:00:47.715000,10319,165,4,69,False,0,car,2609.6897222222206,0.6000640118831397,3192.757054493309,6583.366051569575,2302.945080384156,car,0 days 02:06:26.987000
2024-07-21 14:14:20.880,0 days 02:06:27.267000,0 days 00:00:47.995000,10548,172,4,71,False,0,car,2623.067499999998,0.6031400568761738,3314.6529431964373,6575.785713359408,2303.0611614190407,car,0 days 02:06:27.267000
2024-07-21 14:14:21.321,0 days 02:06:27.708000,0 days 00:00:48.436000,10293,173,4,5,False,0,car,2644.259999999998,0.6080129950126679,3524.4822434860616,6546.775514083365,2305.0560268037475,car,0 days 02:06:27.708000
2024-07-21 14:14:21.521,0 days 02:06:27.908000,0 days 00:00:48.636000,10086,171,4,0,False,0,car,2653.759999999998,0.6101973957344654,3613.3035443361027,6519.944219367617,2306.0669327439846,car,0 days 02:06:27.908000
2024-07-21 14:14:21.721,0 days 02:06:28.108000,0 days 00:00:48.836000,9863,166,4,0,False,0,car,2662.98222222222,0.6123179250901285,3694.4763472933896,6481.006422001988,2307.019517167063,car,0 days 02:06:28.108000
2024-07-21 14:14:22.001,0 days 02:06:28.388000,0 days 00:00:49.116000,9519,161,4,0,False,0,car,2675.5044444444425,0.6151972462754687,3777.147526027947,6422.111177102312,2307.380506807005,car,0 days 02:06:28.388000
2024-07-21 14:14:22.241,0 days 02:06:28.628000,0 days 00:00:49.356000,9357,157,4,0,False,0,car,2685.971111111109,0.6176039193514141,3858.4646459902356,6353.244209358036,2308.8433078283283,car,0 days 02:06:28.628000
2024-07-21 14:14:22.441,0 days 02:06:28.828000,0 days 00:00:49.556000,9140,155,4,8,False,0,car,2694.58222222222,0.6195839317015813,3932.173125745317,6261.903839144429,2309.5833053860415,car,0 days 02:06:28.828000
2024-07-21 14:14:22.721,0 days 02:06:29.108000,0 days 00:00:49.836000,9310,150,4,49,False,0,car,2706.2488888888865,0.6222665290792274,4007.6215835268004,6133.243489255961,2311.122374928248,car,0 days 02:06:29.108000
2024-07-21 14:14:23.041,0 days 02:06:29.428000,0 days 00:00:50.156000,9692,153,4,62,False,0,car,2719.8488888888864,0.6253936711651692,4035.5142575023606,6011.802615069748,2313.931756607447,car,0 days 02:06:29.428000
2024-07-21 14:14:23.401,0 days 02:06:29.788000,0 days 00:00:50.516000,10100,162,4,77,False,0,car,2736.0488888888863,0.6291186492381291,4045.9027045293565,5858.787447323799,2315.97389196461,car,0 days 02:06:29.788000
2024-07-21 14:14:23.801,0 days 02:06:30.188000,0 days 00:00:50.916000,11133,175,4,96,False,0,car,2755.4933333333306,0.6335896448675392,4026.829139352479,5691.931659149515,2318.1840891069687,car,0 days 02:06:30.188000
2024-07-21 14:14:24.241,0 days 02:06:30.628000,0 days 00:00:51.356000,10974,191,4,99,False,0,car,2778.8377777777755,0.6389573944774769,3984.7839578219105,5491.226750955146,2320.657899948619,car,0 days 02:06:30.628000
2024-07-21 14:14:24.401,0 days 02:06:30.788000,0 days 00:00:51.516000,10400,199,5,99,False,0,car,2787.68222222222,0.6409910587751972,3959.0009752258857,5402.2243154301395,2321.544641227808,car,0 days 02:06:30.788000
2024-07-21 14:14:24.841,0 days 02:06:31.228000,0 days 00:00:51.956000,11055,209,5,99,False,0,car,2813.2266666666646,0.6468646696049195,3880.0963382347054,5122.662645466483,2325.470907415198,car,0 days 02:06:31.228000
2024-07-21 14:14:25.041,0 days 02:06:31.428000,0 days 00:00:52.156000,11353,215,5,99,False,0,car,2825.171111111109,0.6496111383487,3865.6218557133225,5058.226309514385,2326.7527542279477,car,0 days 02:06:31.428000
2024-07-21 14:14:25.281,0 days 02:06:31.668000,0 days 00:00:52.396000,11748,223,5,99,False,0,car,2840.037777777776,0.6530295338642148,3840.8907641882183,4919.52311784036,2329.0981996187193,car,0 days 02:06:31.668000
2024-07-21 14:14:25.441,0 days 02:06:31.828000,0 days 00:00:52.556000,11878,223,5,99,False,0,car,2849.948888888887,0.6553084642078912,3829.1011946541225,4822.445785674977,2330.2509133207145,car,0 days 02:06:31.828000
2024-07-21 14:14:25.800,0 days 02:06:32.187000,0 days 00:00:52.915000,10749,231,6,99,False,0,car,2872.98472222222,0.6606052527300534,3828.1108770980363,4561.974057682795,2334.175622277805,car,0 days 02:06:32.187000
2024-07-21 14:14:26.080,0 days 02:06:32.467000,0 days 00:00:53.195000,10948,237,6,99,False,0,car,2891.4180555555536,0.6648437565867343,3842.911280566639,4379.853959084651,2336.682306854169,car,0 days 02:06:32.467000
2024-07-21 14:14:26.240,0 days 02:06:32.627000,0 days 00:00:53.355000,10974,239,6,99,False,0,car,2902.0402777777754,0.6672861976277149,3857.8217374154065,4309.066978310486,2337.9140780798234,car,0 days 02:06:32.627000
2024-07-21 14:14:26.440,0 days 02:06:32.827000,0 days 00:00:53.555000,11139,242,6,99,False,0,car,2915.48472222222,0.6703775717486214,3891.0723397613847,4178.799372670392,2340.127251954715,car,0 days 02:06:32.827000
2024-07-21 14:14:26.840,0 days 02:06:33.227000,0 days 00:00:53.955000,11217,245,6,99,False,0,car,2942.7069444444423,0.6766369656297956,3988.1938139601716,3929.459388806884,2343.9243521158373,car,0 days 02:06:33.227000
2024-07-21 14:14:27.160,0 days 02:06:33.547000,0 days 00:00:54.275000,11315,247,6,99,False,0,car,2964.662499999998,0.6816853584090611,4103.451084336255,3743.8212440355537,2346.859730356324,car,0 days 02:06:33.547000
2024-07-21 14:14:27.520,0 days 02:06:33.907000,0 days 00:00:54.635000,11456,249,6,99,False,0,car,2989.562499999998,0.6874107876693515,4259.046605189327,3543.7302247083644,2351.0189634213043,car,0 days 02:06:33.907000
2024-07-21 14:14:27.681,0 days 02:06:34.068000,0 days 00:00:54.796000,10994,247,6,0,True,0,car,3000.608888888887,0.6899507602864194,4327.613009874717,3443.8622181868204,2352.8636960777053,car,0 days 02:06:34.068000
2024-07-21 14:14:27.921,0 days 02:06:34.308000,0 days 00:00:55.036000,10847,242,6,0,True,0,car,3016.742222222221,0.6936604092315072,4431.471179479954,3266.025362184074,2355.7510164324462,car,0 days 02:06:34.308000
2024-07-21 14:14:28.281,0 days 02:06:34.668000,0 days 00:00:55.396000,11943,235,5,0,False,0,car,3040.242222222221,0.6990639268064801,4503.478669425642,3093.0635324326995,2357.610978553073,car,0 days 02:06:34.668000
2024-07-21 14:14:28.441,0 days 02:06:34.828000,0 days 00:00:55.556000,11685,227,5,0,False,0,car,3050.3311111111093,0.7013837348244825,4528.696501985344,2998.4204707086687,2359.1099587793537,car,0 days 02:06:34.828000
2024-07-21 14:14:28.761,0 days 02:06:35.148000,0 days 00:00:55.876000,11353,220,5,0,False,0,car,3069.886666666665,0.7058802790003464,4550.294239512847,2793.178222457691,2361.2521858383575,car,0 days 02:06:35.148000
2024-07-21 14:14:29.001,0 days 02:06:35.388000,0 days 00:00:56.116000,11139,213,5,51,False,0,car,3084.086666666665,0.7091453832371386,4540.452153030814,2650.889785471341,2363.666343608147,car,0 days 02:06:35.388000
2024-07-21 14:14:29.441,0 days 02:06:35.828000,0 days 00:00:56.556000,11387,214,5,90,False,0,car,3110.242222222221,0.7151595110723566,4459.019999853635,2390.560855764609,2368.237291880214,car,0 days 02:06:35.828000
2024-07-21 14:14:29.641,0 days 02:06:36.028000,0 days 00:00:56.756000,11621,216,5,99,False,0,car,3122.242222222221,0.717918754089364,4376.922265554555,2244.7763892996018,2371.327317912626,car,0 days 02:06:36.028000
2024-07-21 14:14:29.841,0 days 02:06:36.228000,0 days 00:00:56.956000,11771,221,5,99,False,0,car,3134.5199999999986,0.7207418684725059,4321.905038798749,2168.8500862809597,2371.987141155488,car,0 days 02:06:36.228000
2024-07-21 14:14:30.121,0 days 02:06:36.508000,0 days 00:00:57.236000,11734,225,5,99,False,0,car,3152.019999999998,0.7247657645389749,4227.521197760362,2066.0224680339556,2374.3062598282845,car,0 days 02:06:36.508000
2024-07-21 14:14:30.401,0 days 02:06:36.788000,0 days 00:00:57.516000,10930,231,6,99,False,0,car,3169.986666666665,0.72889696450055,4090.3828030735167,1923.8461328621636,2373.5239417476096,car,0 days 02:06:36.788000
2024-07-21 14:14:30.681,0 days 02:06:37.068000,0 days 00:00:57.796000,10950,238,6,99,False,0,car,3188.4977777777763,0.7331533523397484,3900.0296683256192,1732.795272310019,2374.998236685846,car,0 days 02:06:37.068000
2024-07-21 14:14:30.881,0 days 02:06:37.268000,0 days 00:00:57.996000,11148,242,6,99,False,0,car,3201.942222222221,0.736244726460655,3802.6416898262014,1632.838085159712,2373.6257286827185,car,0 days 02:06:37.268000
2024-07-21 14:14:31.201,0 days 02:06:37.588000,0 days 00:00:58.316000,11295,245,6,99,False,0,car,3223.719999999999,0.7412522415655944,3697.52987229481,1524.9093848856937,2371.398315284734,car,0 days 02:06:37.588000
2024-07-21 14:14:31.401,0 days 02:06:37.788000,0 days 00:00:58.516000,11415,249,6,99,False,0,car,3237.553333333332,0.744433035599089,3634.669506756605,1461.2791509490658,2370.5046798929307,car,0 days 02:06:37.788000
2024-07-21 14:14:31.641,0 days 02:06:38.028000,0 days 00:00:58.756000,11574,254,6,99,False,0,car,3254.4866666666653,0.7483266340786439,3482.968093805984,1304.9093490696855,2366.8152750544477,car,0 days 02:06:38.028000
2024-07-21 14:14:31.841,0 days 02:06:38.228000,0 days 00:00:58.956000,11708,256,6,99,False,0,car,3268.708888888888,0.7515968480247268,3379.9761960441624,1198.6656846674227,2363.577859977841,car,0 days 02:06:38.228000
2024-07-21 14:14:32.161,0 days 02:06:38.548000,0 days 00:00:59.276000,11755,261,6,99,False,0,car,3291.9088888888878,0.7569313845242744,3260.1520952857427,1074.500225323306,2359.6838873696615,car,0 days 02:06:38.548000
2024-07-21 14:14:32.321,0 days 02:06:38.708000,0 days 00:00:59.436000,11960,262,6,99,False,0,car,3303.553333333332,0.7596088721926297,3178.8532757464195,989.6054491539358,2357.790468417515,car,0 days 02:06:38.708000
2024-07-21 14:14:32.560,0 days 02:06:38.947000,0 days 00:00:59.675000,11968,263,6,99,False,0,car,3321.0136111111096,0.7636236346537416,3057.7511314319145,863.10375991203,2353.2703100370236,car,0 days 02:06:38.947000
2024-07-21 14:14:32.880,0 days 02:06:39.267000,0 days 00:00:59.995000,12079,265,6,99,False,0,car,3344.5691666666653,0.7690399265019414,2895.5622054557853,691.9485759478403,2349.3164640566265,car,0 days 02:06:39.267000
2024-07-21 14:14:33.120,0 days 02:06:39.507000,0 days 00:01:00.235000,12092,265,6,92,False,0,car,3362.2358333333323,0.7731021453880913,2767.5719966138836,554.8134394583216,2345.197530634945,car,0 days 02:06:39.507000
2024-07-21 14:14:33.400,0 days 02:06:39.787000,0 days 00:01:00.515000,11643,261,6,0,False,0,car,3382.5358333333324,0.7777698648251955,2621.1778169852937,393.43000437296126,2340.573617762448,car,0 days 02:06:39.787000
2024-07-21 14:14:33.720,0 days 02:06:40.107000,0 days 00:01:00.835000,10895,245,6,0,True,0,car,3404.3136111111103,0.782777379930135,2481.3539786801557,234.96266133752937,2336.5882102815935,car,0 days 02:06:40.107000
2024-07-21 14:14:33.920,0 days 02:06:40.307000,0 days 00:01:01.035000,10013,225,6,0,True,0,car,3416.81361111111,0.7856515914061842,2408.461159544235,149.14843462367745,2334.704577400148,car,0 days 02:06:40.307000
2024-07-21 14:14:34.401,0 days 02:06:40.788000,0 days 00:01:01.516000,9822,175,5,0,True,0,car,3440.195555555554,0.79102796365055,2234.3352251476613,-56.82833975039161,2329.6644007153595,car,0 days 02:06:40.788000
2024-07-21 14:14:34.561,0 days 02:06:40.948000,0 days 00:01:01.676000,10942,167,5,0,True,0,car,3447.6177777777766,0.7927346065536619,2183.386556579844,-111.53393492286561,2328.080685735961,car,0 days 02:06:40.948000
2024-07-21 14:14:34.961,0 days 02:06:41.348000,0 days 00:01:02.076000,9954,148,3,0,True,0,car,3464.062222222221,0.7965157914288202,2027.074042081967,-236.21713134470122,2322.8694893046522,car,0 days 02:06:41.348000
2024-07-21 14:14:35.161,0 days 02:06:41.548000,0 days 00:01:02.276000,9333,135,3,0,True,0,car,3471.562222222221,0.7982403183144499,1967.1730180910374,-271.929726926273,2321.332291526822,car,0 days 02:06:41.548000
2024-07-21 14:14:35.441,0 days 02:06:41.828000,0 days 00:01:02.556000,8778,126,3,0,True,0,car,3481.3622222222207,0.8004937001116725,1914.6798587564954,-290.74856389841,2319.8623219135106,car,0 days 02:06:41.828000
2024-07-21 14:14:35.601,0 days 02:06:41.988000,0 days 00:01:02.716000,8606,126,3,0,True,0,car,3486.9622222222206,0.8017813468529427,1851.464994480723,-301.92713991278237,2318.1040021027748,car,0 days 02:06:41.988000
2024-07-21 14:14:35.841,0 days 02:06:42.228000,0 days 00:01:02.956000,8305,118,3,0,False,0,car,3494.8288888888874,0.8035901839418698,1729.0694978492631,-290.77988496281654,2315.5966836284256,car,0 days 02:06:42.228000
2024-07-21 14:14:36.041,0 days 02:06:42.428000,0 days 00:01:03.156000,8197,115,3,0,False,0,car,3501.217777777776,0.8050592253629616,1691.311445559999,-277.8955670295516,2314.9438080998298,car,0 days 02:06:42.428000
2024-07-21 14:14:36.361,0 days 02:06:42.748000,0 days 00:01:03.476000,8159,111,3,14,False,0,car,3511.084444444443,0.8073279362880567,1615.405514123608,-231.44847545048722,2312.5043166496275,car,0 days 02:06:42.748000
2024-07-21 14:14:36.521,0 days 02:06:42.908000,0 days 00:01:03.636000,8433,113,3,40,False,0,car,3516.106666666665,0.8084827305877672,1548.6195067095139,-179.7348448509603,2311.2725500972874,car,0 days 02:06:42.908000
2024-07-21 14:14:36.721,0 days 02:06:43.108000,0 days 00:01:03.836000,8504,116,3,48,False,0,car,3522.5511111111095,0.8099645462820859,1503.490790930247,-141.10082794730752,2310.441763903416,car,0 days 02:06:43.108000
2024-07-21 14:14:37.001,0 days 02:06:43.388000,0 days 00:01:04.116000,9030,120,3,60,False,0,car,3531.884444444443,0.8121106241842029,1467.4923090230968,-101.6860020127133,2309.7900790602866,car,0 days 02:06:43.388000
2024-07-21 14:14:37.161,0 days 02:06:43.548000,0 days 00:01:04.276000,9590,122,3,60,False,0,car,3537.306666666665,0.8133573932511469,1426.1020164309161,-56.54790132664596,2308.881896470298,car,0 days 02:06:43.548000
2024-07-21 14:14:37.441,0 days 02:06:43.828000,0 days 00:01:04.556000,10287,136,3,78,False,0,car,3547.884444444443,0.8157896148735461,1332.786817647488,55.73557295520834,2305.240420964428,car,0 days 02:06:43.828000
2024-07-21 14:14:37.841,0 days 02:06:44.228000,0 days 00:01:04.956000,11644,152,3,97,False,0,car,3564.773333333332,0.8196729939345195,1263.8725004084608,139.76527264167908,2303.2454614607086,car,0 days 02:06:44.228000
2024-07-21 14:14:38.041,0 days 02:06:44.428000,0 days 00:01:05.156000,10782,166,3,99,False,0,car,3573.9955555555543,0.8217935232901826,1204.0813364969465,213.645450328644,2300.7678550084142,car,0 days 02:06:44.428000
2024-07-21 14:14:38.241,0 days 02:06:44.628000,0 days 00:01:05.356000,10762,174,4,99,False,0,car,3583.6622222222204,0.8240162468316606,1143.1733425007276,288.491769743051,2299.4394147274643,car,0 days 02:06:44.628000
2024-07-21 14:14:38.481,0 days 02:06:44.868000,0 days 00:01:05.596000,11260,186,4,99,False,0,car,3596.062222222221,0.8268674646159018,1065.2691180782506,380.36941411834334,2297.0728854124077,car,0 days 02:06:44.868000
2024-07-21 14:14:38.681,0 days 02:06:45.068000,0 days 00:01:05.796000,11728,190,4,99,False,0,car,3606.6177777777766,0.8292945765290102,998.8565310147025,456.65739775708,2295.319853497795,car,0 days 02:06:45.068000
2024-07-21 14:14:38.841,0 days 02:06:45.228000,0 days 00:01:05.956000,10624,194,4,99,False,0,car,3615.239999999999,0.8312771437338229,918.8800030346105,545.7531997858878,2293.029598632912,car,0 days 02:06:45.228000
2024-07-21 14:14:39.161,0 days 02:06:45.548000,0 days 00:01:06.276000,10831,201,5,99,False,0,car,3633.106666666665,0.8353853500035894,813.5783891231185,661.3659107165628,2291.9453168591203,car,0 days 02:06:45.548000
2024-07-21 14:14:39.400,0 days 02:06:45.787000,0 days 00:01:06.515000,11090,210,5,98,False,0,car,3647.0483333333323,0.8385910538698766,738.7788336690172,742.2679782322192,2291.713755735916,car,0 days 02:06:45.787000
2024-07-21 14:14:39.600,0 days 02:06:45.987000,0 days 00:01:06.715000,11106,210,5,0,True,0,car,3658.7149999999992,0.8412736512475227,635.5637318473359,843.0765170798152,2290.841406719159,car,0 days 02:06:45.987000
2024-07-21 14:14:40.000,0 days 02:06:46.387000,0 days 00:01:07.115000,10826,181,5,0,True,0,car,3678.82611111111,0.8458979381556555,460.15106772944944,991.3506326426157,2289.8924512879016,car,0 days 02:06:46.387000
2024-07-21 14:14:40.200,0 days 02:06:46.587000,0 days 00:01:07.315000,10831,169,5,0,True,0,car,3688.2149999999992,0.8480567903309993,408.51203842190773,1019.3975432984046,2290.025881788996,car,0 days 02:06:46.587000
2024-07-21 14:14:40.600,0 days 02:06:46.987000,0 days 00:01:07.715000,10121,146,3,0,True,0,car,3704.437222222222,0.8517868781132502,225.42893109441815,1087.0030995052532,2290.018622340671,car,0 days 02:06:46.987000
2024-07-21 14:14:40.760,0 days 02:06:47.147000,0 days 00:01:07.875000,9561,142,3,0,True,0,car,3710.748333333333,0.8532380355518244,174.86306176540262,1094.8235415668921,2290.5838977806343,car,0 days 02:06:47.147000
2024-07-21 14:14:41.081,0 days 02:06:47.468000,0 days 00:01:08.196000,8787,127,3,0,True,0,car,3722.0724999999998,0.8558418795350268,72.8264450765559,1090.4551068739884,2291.0237455249207,car,0 days 02:06:47.468000
2024-07-21 14:14:41.361,0 days 02:06:47.748000,0 days 00:01:08.476000,8324,121,3,0,True,0,car,3731.483611111111,0.8580058414196613,-17.5511926871702,1067.8733866870766,2292.920400506707,car,0 days 02:06:47.748000
2024-07-21 14:14:41.681,0 days 02:06:48.068000,0 days 00:01:08.796000,7850,110,3,0,True,0,car,3741.2613888888886,0.8602541135075933,-107.45952310499919,1021.2758167914628,2294.712342716273,car,0 days 02:06:48.068000
2024-07-21 14:14:42.041,0 days 02:06:48.428000,0 days 00:01:09.156000,7450,105,3,0,False,0,car,3751.7613888888886,0.8626684511474748,-183.74765206538768,948.2026699546534,2297.1208462918526,car,0 days 02:06:48.428000
2024-07-21 14:14:42.201,0 days 02:06:48.588000,0 days 00:01:09.316000,7153,102,3,0,False,0,car,3756.294722222222,0.8637108318427887,-221.8237282525114,888.8375331438192,2298.781756424964,car,0 days 02:06:48.588000
2024-07-21 14:14:42.481,0 days 02:06:48.868000,0 days 00:01:09.596000,6898,99,3,3,False,0,car,3763.9947222222218,0.8654813461120351,-246.15708913624118,835.0063124609597,2299.7104532976514,car,0 days 02:06:48.868000
2024-07-21 14:14:42.721,0 days 02:06:49.108000,0 days 00:01:09.836000,7114,96,3,8,False,0,car,3770.3947222222214,0.8669529423877723,-258.5765688062628,777.5010495623044,2300.933106901288,car,0 days 02:06:49.108000
2024-07-21 14:14:43.081,0 days 02:06:49.468000,0 days 00:01:10.196000,7507,100,3,40,False,0,car,3780.3947222222214,0.8692523115686118,-262.213019923436,680.1716729846323,2303.9481029590333,car,0 days 02:06:49.468000
2024-07-21 14:14:43.281,0 days 02:06:49.668000,0 days 00:01:10.396000,7516,102,3,41,False,0,car,3786.0613888888884,0.8705552874377542,-253.01958323447167,625.5363766771757,2305.2890532712145,car,0 days 02:06:49.668000
2024-07-21 14:14:43.681,0 days 02:06:50.068000,0 days 00:01:10.796000,8154,107,3,55,False,0,car,3797.9502777777775,0.873288981908308,-211.30858280981911,517.3135161581218,2309.2181714214717,car,0 days 02:06:50.068000
2024-07-21 14:14:43.881,0 days 02:06:50.268000,0 days 00:01:10.996000,8154,114,3,55,False,0,car,3804.2836111111105,0.8747452490561729,-179.05761586369184,464.5801792625159,2310.407476909735,car,0 days 02:06:50.268000
2024-07-21 14:14:44.081,0 days 02:06:50.468000,0 days 00:01:11.196000,8705,119,3,64,False,0,car,3810.894722222222,0.8762653875701724,-139.71778489428578,413.0245946942199,2311.8282978562474,car,0 days 02:06:50.468000
2024-07-21 14:14:44.441,0 days 02:06:50.828000,0 days 00:01:11.556000,9791,129,3,73,False,0,car,3823.794722222222,0.8792315738134554,-54.126436423462785,323.0287497099116,2319.1378348359995,car,0 days 02:06:50.828000
2024-07-21 14:14:44.841,0 days 02:06:51.228000,0 days 00:01:11.956000,10714,136,3,83,False,0,car,3838.9058333333332,0.8827061761311684,58.491665665857916,229.14746469567086,2325.899392824077,car,0 days 02:06:51.228000
2024-07-21 14:14:45.041,0 days 02:06:51.428000,0 days 00:01:12.156000,11321,153,3,86,False,0,car,3847.4058333333332,0.8846606399348821,148.54595940848952,161.4383118568044,2330.997627577949,car,0 days 02:06:51.428000
2024-07-21 14:14:45.361,0 days 02:06:51.748000,0 days 00:01:12.476000,10516,161,3,98,False,0,car,3861.716944444444,0.8879512927181278,250.95304393335542,86.60647768101637,2335.7004766105497,car,0 days 02:06:51.748000
2024-07-21 14:14:45.561,0 days 02:06:51.948000,0 days 00:01:12.676000,10777,174,4,99,False,0,car,3871.383611111111,0.8901740162596061,323.648327315355,35.35226289184346,2339.252647321907,car,0 days 02:06:51.948000
2024-07-21 14:14:45.841,0 days 02:06:52.228000,0 days 00:01:12.956000,11401,181,4,99,False,0,car,3885.461388888889,0.8934110170952991,453.7580314033419,-56.794666182173785,2346.168205133612,car,0 days 02:06:52.228000
2024-07-21 14:14:46.040,0 days 02:06:52.427000,0 days 00:01:13.155000,11713,191,4,99,False,0,car,3896.019444444444,0.8958387038507026,515.0579822972126,-102.22518160290973,2348.975617286326,car,0 days 02:06:52.427000
2024-07-21 14:14:46.360,0 days 02:06:52.747000,0 days 00:01:13.475000,12025,194,4,99,False,0,car,3913.2638888888882,0.899803838260328,655.423845856761,-210.89344417583604,2356.110780633567,car,0 days 02:06:52.747000
2024-07-21 14:14:46.800,0 days 02:06:53.187000,0 days 00:01:13.915000,11419,196,4,0,True,0,car,3937.2194444444444,0.9053121048757614,834.5168359717436,-375.224132245455,2365.840095904022,car,0 days 02:06:53.187000
2024-07-21 14:14:47.080,0 days 02:06:53.467000,0 days 00:01:14.195000,10910,184,4,0,True,0,car,3951.5305555555547,0.9086027576590071,923.3113588783995,-484.0798153335848,2368.835307854514,car,0 days 02:06:53.467000
2024-07-21 14:14:47.320,0 days 02:06:53.707000,0 days 00:01:14.435000,10443,177,4,0,True,0,car,3963.3305555555553,0.9113160132923979,971.309211509214,-567.2850653707372,2371.1305581100723,car,0 days 02:06:53.707000
2024-07-21 14:14:47.561,0 days 02:06:53.948000,0 days 00:01:14.676000,10018,169,4,0,True,0,car,3974.6441666666665,0.9139174301636871,1023.0727848391537,-711.9274061587909,2374.3816438002673,car,0 days 02:06:53.948000
2024-07-21 14:14:47.761,0 days 02:06:54.148000,0 days 00:01:14.876000,9730,167,4,0,True,0,car,3983.9219444444443,0.9160507337925772,1043.007527618168,-792.5386552992588,2375.5356274975325,car,0 days 02:06:54.148000
2024-07-21 14:14:48.041,0 days 02:06:54.428000,0 days 00:01:15.156000,9324,160,4,0,False,0,car,3996.3663888888887,0.9189121709953997,1045.7069706930567,-879.64379358207,2376.7842678353054,car,0 days 02:06:54.428000
2024-07-21 14:14:48.281,0 days 02:06:54.668000,0 days 00:01:15.396000,9117,154,4,0,False,0,car,4006.633055555555,0.9212728566877282,1028.7076967476,-1013.7226863463256,2379.6014620650917,car,0 days 02:06:54.668000
2024-07-21 14:14:48.601,0 days 02:06:54.988000,0 days 00:01:15.716000,8533,147,4,0,False,0,car,4019.6997222222217,0.9242773657506917,992.1211042038235,-1144.4521850260305,2382.2576691270087,car,0 days 02:06:54.988000
2024-07-21 14:14:48.881,0 days 02:06:55.268000,0 days 00:01:15.996000,8278,141,4,0,False,0,car,4030.6663888888884,0.9267990072856791,951.3837075109309,-1209.6562383556693,2383.345057992796,car,0 days 02:06:55.268000
2024-07-21 14:14:49.241,0 days 02:06:55.628000,0 days 00:01:16.356000,8054,136,4,0,False,0,car,4044.2663888888883,0.9299261493716208,864.4721412869346,-1316.6915733716826,2385.265606661369,car,0 days 02:06:55.628000
2024-07-21 14:14:49.441,0 days 02:06:55.828000,0 days 00:01:16.556000,8127,133,4,22,False,0,car,4051.6552777777774,0.9316251277107968,810.7167424728666,-1362.6231303300297,2385.9263204277418,car,0 days 02:06:55.828000
2024-07-21 14:14:49.601,0 days 02:06:55.988000,0 days 00:01:16.716000,8221,131,4,48,False,0,car,4057.4774999999995,0.9329638715449744,739.9220024423583,-1405.411110947399,2386.0418336084063,car,0 days 02:06:55.988000
2024-07-21 14:14:49.921,0 days 02:06:56.308000,0 days 00:01:17.036000,8525,135,4,56,False,0,car,4069.4775,0.9357231145619819,635.098567390485,-1453.552315919005,2385.5294085511196,car,0 days 02:06:56.308000
2024-07-21 14:14:50.281,0 days 02:06:56.668000,0 days 00:01:17.396000,8884,141,4,67,False,0,car,4083.5775,0.9389652251069656,515.580261032108,-1482.426139776635,2387.068441525122,car,0 days 02:06:56.668000
2024-07-21 14:14:50.721,0 days 02:06:57.108000,0 days 00:01:17.836000,9742,152,4,82,False,0,car,4102.155277777778,0.9432369420740363,361.1381161300526,-1491.8866001216268,2387.031602729409,car,0 days 02:06:57.108000
2024-07-21 14:14:50.961,0 days 02:06:57.348000,0 days 00:01:18.076000,10313,159,4,90,False,0,car,4112.755277777777,0.9456742734057261,258.9634320519604,-1479.5051363880852,2387.6842485873367,car,0 days 02:06:57.348000
2024-07-21 14:14:51.161,0 days 02:06:57.548000,0 days 00:01:18.276000,10682,162,4,96,False,0,car,4121.755277777777,0.9477437056684817,168.7865269610068,-1456.2456601983777,2387.960207800158,car,0 days 02:06:57.548000
2024-07-21 14:14:51.521,0 days 02:06:57.908000,0 days 00:01:18.636000,11642,181,4,99,False,0,car,4139.855277777778,0.9519055638858013,-0.09896073629288082,-1378.556989085701,2389.225183213402,car,0 days 02:06:57.908000
2024-07-21 14:14:51.961,0 days 02:06:58.348000,0 days 00:01:19.076000,10596,195,4,99,False,0,car,4163.688611111111,0.9573857271001354,-195.99183795464774,-1243.933471390348,2388.885532857986,car,0 days 02:06:58.348000
2024-07-21 14:14:52.161,0 days 02:06:58.548000,0 days 00:01:19.276000,10995,197,5,99,False,0,car,4174.633055555555,0.9599022589258319,-267.76659578997203,-1184.2339932955495,2389.437402846782,car,0 days 02:06:58.548000
2024-07-21 14:14:52.361,0 days 02:06:58.748000,0 days 00:01:19.476000,11101,206,5,99,False,0,car,4186.077499999999,0.9625337592105705,-359.33466899079804,-1107.680808833791,2390.045260192001,car,0 days 02:06:58.748000
2024-07-21 14:14:52.680,0 days 02:06:59.067000,0 days 00:01:19.795000,11457,218,5,99,False,0,car,4205.394722222221,0.9669755017542909,-529.1916856362845,-958.2934518072049,2390.0168091010614,car,0 days 02:06:59.067000
2024-07-21 14:14:53.000,0 days 02:06:59.387000,0 days 00:01:20.115000,10421,225,5,99,False,0,car,4225.394722222221,0.97157424011597,-712.6281719975353,-791.9153883989426,2389.3843460599046,car,0 days 02:06:59.387000
2024-07-21 14:14:53.160,0 days 02:06:59.547000,0 days 00:01:20.275000,10559,228,5,99,False,0,car,4235.5280555555555,0.9739042675525542,-767.9894294119995,-740.359271725313,2389.0254943947602,car,0 days 02:06:59.547000
2024-07-21 14:14:53.520,0 days 02:06:59.907000,0 days 00:01:20.635000,10907,239,6,99,False,0,car,4259.428055555555,0.9793997598947606,-904.4198608467187,-615.492931532796,2388.865008691438,car,0 days 02:06:59.907000
2024-07-21 14:14:53.760,0 days 02:07:00.147000,0 days 00:01:20.875000,11063,241,6,99,False,0,car,4275.494722222222,0.983094079711976,-1081.6676496223822,-455.28222796091524,2387.9146111523078,car,0 days 02:07:00.147000
2024-07-21 14:14:54.001,0 days 02:07:00.388000,0 days 00:01:21.116000,11335,247,6,99,False,0,car,4292.03,0.9868961505238604,-1187.239307020408,-360.9601988414143,2387.7936655687477,car,0 days 02:07:00.388000
2024-07-21 14:14:54.201,0 days 02:07:00.588000,0 days 00:01:21.316000,11502,250,6,99,False,0,car,4305.918888888888,0.9900897188305818,-1266.0350353130482,-293.84245326229393,2387.9767965152064,car,0 days 02:07:00.588000
2024-07-21 14:14:54.481,0 days 02:07:00.868000,0 days 00:01:21.596000,11669,257,6,99,False,0,car,4325.9077777777775,0.9946859023376156,-1441.1928426361683,-149.21800052725078,2388.009166987244,car,0 days 02:07:00.868000
