Date_x,SessionTime_x,Time,RPM_x,Speed_x,nGear_x,Throttle_x,Brake_x,DRS_x,Source_x,Distance,RelativeDistance,X,Y,Z,Source_y,SessionTime_y
2024-06-23 13:51:30.597,0 days 01:45:13.279000,0 days 00:00:00.115000,11232,283,7,100,False,0,car,9.177777777777777,0.0019823027878712826,1351.8344404578856,-289.4795970962707,1706.5444522693401,car,0 days 01:45:13.279000
2024-06-23 13:51:30.837,0 days 01:45:13.519000,0 days 00:00:00.355000,11252,284,7,100,False,0,car,28.11111111111111,0.006071702243721968,1250.703866471235,-447.3570673925595,1707.3340683358172,car,0 days 01:45:13.519000
2024-06-23 13:51:31.197,0 days 01:45:13.879000,0 days 00:00:00.715000,11330,287,7,100,False,0,car,56.8111111111111,0.012270598249861825,1093.4844758186084,-694.7960979047416,1707.9955868432687,car,0 days 01:45:13.879000
2024-06-23 13:51:31.557,0 days 01:45:14.239000,0 days 00:00:01.075000,11426,288,7,100,False,0,pos,85.6111111111111,0.018491093196789626,900.0,-1000.0,1708.0,car,0 days 01:45:14.239000
2024-06-23 13:51:31.757,0 days 01:45:14.439000,0 days 00:00:01.275000,11492,290,7,100,False,0,car,101.7222222222222,0.02197092254595834,800.3595304015078,-1156.6045459241984,1707.6623950307503,car,0 days 01:45:14.439000
2024-06-23 13:51:31.957,0 days 01:45:14.639000,0 days 00:00:01.475000,11460,291,7,100,False,0,car,117.88888888888889,0.02546275130667592,722.6020132935264,-1278.2407935078136,1707.1573993578706,car,0 days 01:45:14.639000
2024-06-23 13:51:32.197,0 days 01:45:14.879000,0 days 00:00:01.715000,11501,292,7,100,False,0,car,137.35555555555555,0.029667345113395638,650.328415305107,-1392.0127507862048,1706.7700577089267,car,0 days 01:45:14.879000
2024-06-23 13:51:32.597,0 days 01:45:15.279000,0 days 00:00:02.115000,11596,293,7,100,False,0,car,169.91111111111113,0.036699000281026226,490.91121626105127,-1644.6262290938798,1708.1922272700497,car,0 days 01:45:15.279000
2024-06-23 13:51:32.837,0 days 01:45:15.519000,0 days 00:00:02.355000,11676,294,7,100,False,0,car,189.51111111111112,0.0409323926754632,385.80122533458695,-1808.4783028502698,1707.9912936331004,car,0 days 01:45:15.519000
2024-06-23 13:51:33.117,0 days 01:45:15.799000,0 days 00:00:02.635000,11682,296,7,100,False,0,car,212.53333333333333,0.045904948821309806,262.21581603493394,-2003.888400669046,1707.9973586440935,car,0 days 01:45:15.799000
2024-06-23 13:51:33.357,0 days 01:45:16.039000,0 days 00:00:02.875000,11381,296,7,100,False,0,car,232.26666666666668,0.050167139803464045,125.13267486565582,-2220.5942471732506,1708.049794340961,car,0 days 01:45:16.039000
2024-06-23 13:51:33.637,0 days 01:45:16.319000,0 days 00:00:03.155000,10573,297,8,100,False,0,car,255.36666666666667,0.05515649512547905,3.0197903757852522,-2413.4017804470614,1707.7199668903631,car,0 days 01:45:16.319000
2024-06-23 13:51:33.797,0 days 01:45:16.479000,0 days 00:00:03.315000,10573,297,8,100,False,0,car,268.56666666666666,0.058007555309487625,-40.957917381624256,-2481.9192484462938,1707.2248331448345,car,0 days 01:45:16.479000
2024-06-23 13:51:33.957,0 days 01:45:16.639000,0 days 00:00:03.475000,10601,298,8,100,False,0,car,281.81111111111113,0.06086821502273529,-108.4508135492706,-2586.0399021426924,1706.5628409979881,car,0 days 01:45:16.639000
2024-06-23 13:51:34.317,0 days 01:45:16.999000,0 days 00:00:03.835000,10662,300,8,100,False,0,car,311.81111111111113,0.06734789725911842,-270.4506108372649,-2832.678678404927,1703.9946892879586,car,0 days 01:45:16.999000
2024-06-23 13:51:34.677,0 days 01:45:17.359000,0 days 00:00:04.195000,10686,301,8,100,False,0,car,341.91111111111115,0.07384917843628949,-436.08730471764534,-3081.0701535428784,1701.241034264578,car,0 days 01:45:17.359000
2024-06-23 13:51:34.877,0 days 01:45:17.559000,0 days 00:00:04.395000,10701,301,8,100,False,0,car,358.6333333333333,0.07746100131249564,-560.9265552627633,-3269.9555588083044,1699.0254848574946,car,0 days 01:45:17.559000
2024-06-23 13:51:35.317,0 days 01:45:17.999000,0 days 00:00:04.835000,10705,302,8,100,False,0,car,395.5444444444445,0.08543341034555667,-804.2012402588166,-3632.919944217817,1691.3127167993946,car,0 days 01:45:17.999000
2024-06-23 13:51:35.597,0 days 01:45:18.279000,0 days 00:00:05.115000,10739,303,8,100,False,0,car,419.11111111111114,0.09052356072458208,-923.4696047476856,-3811.0598564634406,1687.659649293585,car,0 days 01:45:18.279000
2024-06-23 13:51:35.797,0 days 01:45:18.479000,0 days 00:00:05.315000,10780,303,8,100,False,0,car,435.9444444444445,0.09415938242388595,-999.0459818345769,-3923.804186424186,1685.2296358479311,car,0 days 01:45:18.479000
2024-06-23 13:51:36.157,0 days 01:45:18.839000,0 days 00:00:05.675000,10771,304,8,100,False,0,car,466.3444444444445,0.10072546042342084,-1129.9812637747364,-4118.049459522296,1679.9504690871524,car,0 days 01:45:18.839000
2024-06-23 13:51:36.318,0 days 01:45:19,0 days 00:00:05.836000,10802,305,8,100,False,0,car,479.98472222222233,0.10367161594395413,-1205.3052264687956,-4230.8573812277855,1677.1761161598884,car,0 days 01:45:19
2024-06-23 13:51:36.637,0 days 01:45:19.319000,0 days 00:00:06.155000,10864,305,8,100,False,0,car,507.01111111111123,0.10950902967718466,-1396.9611306232227,-4515.859072543369,1668.5374984796213,car,0 days 01:45:19.319000
2024-06-23 13:51:36.837,0 days 01:45:19.519000,0 days 00:00:06.355000,10855,306,8,100,False,0,car,524.0111111111113,0.11318084961113511,-1472.9928880866507,-4630.017921841824,1664.981458059079,car,0 days 01:45:19.519000
2024-06-23 13:51:36.997,0 days 01:45:19.679000,0 days 00:00:06.515000,10888,307,8,100,False,0,car,537.6555555555557,0.11612790508753454,-1527.7003850538308,-4711.862339428762,1662.6407607656033,car,0 days 01:45:19.679000
2024-06-23 13:51:37.397,0 days 01:45:20.079000,0 days 00:00:06.915000,10902,308,8,100,False,0,car,571.877777777778,0.12351954260163085,-1777.5699019382307,-5097.752301101446,1653.516366117142,car,0 days 01:45:20.079000
2024-06-23 13:51:37.837,0 days 01:45:20.519000,0 days 00:00:07.355000,10880,308,8,100,False,0,car,609.5222222222225,0.1316503438671368,-1936.1497417222754,-5366.806964559919,1648.177581937207,car,0 days 01:45:20.519000
2024-06-23 13:51:37.997,0 days 01:45:20.679000,0 days 00:00:07.515000,10921,308,8,100,False,0,car,623.2111111111113,0.13460699887277533,-1985.2295402166894,-5451.74601583701,1646.7191438748832,car,0 days 01:45:20.679000
2024-06-23 13:51:38.397,0 days 01:45:21.079000,0 days 00:00:07.915000,10950,308,8,100,False,0,car,657.4333333333336,0.14199863638687166,-2140.3090414550597,-5726.940455498049,1642.7849721746834,car,0 days 01:45:21.079000
2024-06-23 13:51:38.637,0 days 01:45:21.319000,0 days 00:00:08.155000,10630,308,8,0,False,0,pos,677.9666666666669,0.14643361889532944,-2240.0,-5906.0,1640.0,car,0 days 01:45:21.319000
2024-06-23 13:51:38.877,0 days 01:45:21.559000,0 days 00:00:08.395000,10422,297,8,0,False,0,car,697.766666666667,0.1507102091713423,-2349.0653548513296,-6102.593086737411,1637.2935508899757,car,0 days 01:45:21.559000
2024-06-23 13:51:39.277,0 days 01:45:21.959000,0 days 00:00:08.795000,9660,258,8,0,True,0,car,726.4333333333337,0.15690190553055286,-2498.178168588727,-6352.569989284117,1635.167041278719,car,0 days 01:45:21.959000
2024-06-23 13:51:39.477,0 days 01:45:22.159000,0 days 00:00:08.995000,9774,232,8,0,True,0,car,739.3222222222225,0.15968576900988782,-2588.7272299993265,-6489.732540802961,1633.12596677082,car,0 days 01:45:22.159000
2024-06-23 13:51:39.677,0 days 01:45:22.359000,0 days 00:00:09.195000,10122,221,6,0,True,0,car,751.6000000000004,0.16233763896218537,-2634.24361073253,-6554.115227861358,1632.397110775304,car,0 days 01:45:22.359000
2024-06-23 13:51:39.837,0 days 01:45:22.519000,0 days 00:00:09.355000,9824,200,6,0,True,0,car,760.4888888888893,0.1642575448100026,-2675.4867431470293,-6606.753106305556,1631.3200487942593,car,0 days 01:45:22.519000
2024-06-23 13:51:40.037,0 days 01:45:22.719000,0 days 00:00:09.555000,10347,193,5,0,True,0,car,771.2111111111114,0.16657343123893212,-2747.410022657703,-6694.46339981852,1629.1456055726987,car,0 days 01:45:22.719000
2024-06-23 13:51:40.357,0 days 01:45:23.039000,0 days 00:00:09.875000,9699,167,4,0,True,0,car,786.0555555555559,0.16977967400478688,-2851.119277093966,-6802.762257179172,1626.8674831049484,car,0 days 01:45:23.039000
2024-06-23 13:51:40.517,0 days 01:45:23.199000,0 days 00:00:10.035000,9316,157,4,0,True,0,car,793.0333333333336,0.1712868000953234,-2908.4182116001393,-6852.326385002267,1624.9888118288673,car,0 days 01:45:23.199000
2024-06-23 13:51:40.677,0 days 01:45:23.359000,0 days 00:00:10.195000,8567,149,4,0,True,0,car,799.6555555555559,0.17271712995194724,-2983.4296931298763,-6906.211810156291,1623.350822835988,car,0 days 01:45:23.359000
2024-06-23 13:51:40.837,0 days 01:45:23.519000,0 days 00:00:10.355000,8411,145,4,0,True,0,car,806.1000000000004,0.17410906169161472,-3038.483771028683,-6941.152980563826,1623.110604530343,car,0 days 01:45:23.519000
2024-06-23 13:51:41.157,0 days 01:45:23.839000,0 days 00:00:10.675000,7976,136,4,0,False,0,car,818.1888888888892,0.17672013364464614,-3123.0539112450588,-6974.182231341479,1623.3530817448084,car,0 days 01:45:23.839000
2024-06-23 13:51:41.557,0 days 01:45:24.239000,0 days 00:00:11.075000,8012,131,4,5,False,0,car,832.7444444444448,0.17986397947044683,-3267.280594832169,-6994.157028874327,1624.5831121085976,car,0 days 01:45:24.239000
2024-06-23 13:51:41.917,0 days 01:45:24.599000,0 days 00:00:11.435000,8020,129,4,52,False,0,car,845.6444444444448,0.1826502428320916,-3392.0169244509507,-6975.913238500347,1626.8502251057266,car,0 days 01:45:24.599000
2024-06-23 13:51:42.157,0 days 01:45:24.839000,0 days 00:00:11.675000,8312,132,4,59,False,0,car,854.4444444444448,0.18455094962143065,-3484.042484191644,-6945.176039742487,1629.4146901631334,car,0 days 01:45:24.839000
2024-06-23 13:51:42.517,0 days 01:45:25.199000,0 days 00:00:12.035000,8807,141,4,76,False,0,car,868.5444444444448,0.18759640027253072,-3598.9849013748926,-6894.006643796687,1631.6762660236507,car,0 days 01:45:25.199000
2024-06-23 13:51:42.797,0 days 01:45:25.479000,0 days 00:00:12.315000,9344,151,4,82,False,0,pos,880.2888888888892,0.19013307587395922,-3749.0,-6826.0,1633.0,car,0 days 01:45:25.479000
2024-06-23 13:51:43.117,0 days 01:45:25.799000,0 days 00:00:12.635000,9683,159,4,56,False,0,car,894.4222222222226,0.1931857261719886,-3832.7538712819096,-6789.757998168157,1634.4574806072837,car,0 days 01:45:25.799000
2024-06-23 13:51:43.437,0 days 01:45:26.119000,0 days 00:00:12.955000,9830,161,4,50,False,0,car,908.7333333333337,0.19627677458697435,-4019.8245578010797,-6766.829631460008,1641.4938141772654,car,0 days 01:45:26.119000
2024-06-23 13:51:43.637,0 days 01:45:26.319000,0 days 00:00:13.155000,9994,162,4,53,False,0,car,917.7333333333337,0.19822067925788928,-4129.877923410285,-6783.073880372421,1645.8226541152003,car,0 days 01:45:26.319000
2024-06-23 13:51:43.877,0 days 01:45:26.559000,0 days 00:00:13.395000,10088,165,4,64,False,0,car,928.7333333333337,0.20059656274456308,-4223.993065527955,-6813.9787013777695,1649.9441648111465,car,0 days 01:45:26.559000
2024-06-23 13:51:44.037,0 days 01:45:26.719000,0 days 00:00:13.555000,10384,166,4,69,False,0,car,936.1111111111114,0.20219008459825139,-4265.862422237924,-6830.187669884025,1652.184570846849,car,0 days 01:45:26.719000
2024-06-23 13:51:44.437,0 days 01:45:27.119000,0 days 00:00:13.955000,10828,173,4,78,False,0,car,955.3333333333337,0.20634188099415612,-4428.953128063842,-6917.6097182416415,1662.0220381349989,car,0 days 01:45:27.119000
2024-06-23 13:51:44.797,0 days 01:45:27.479000,0 days 00:00:14.315000,11297,183,4,90,False,0,car,973.6333333333337,0.21029448715834984,-4620.989176514226,-7046.741590855023,1673.0051757133601,car,0 days 01:45:27.479000
2024-06-23 13:51:44.957,0 days 01:45:27.639000,0 days 00:00:14.475000,11719,187,4,92,False,0,car,981.9444444444448,0.21208959912605893,-4655.832925204011,-7072.288031819657,1674.6651443002156,car,0 days 01:45:27.639000
2024-06-23 13:51:45.277,0 days 01:45:27.959000,0 days 00:00:14.795000,10599,198,4,98,False,0,pos,999.5444444444448,0.21589101270473704,-4777.0,-7157.0,1681.0,car,0 days 01:45:27.959000
2024-06-23 13:51:45.437,0 days 01:45:28.119000,0 days 00:00:14.955000,10590,201,5,98,False,0,car,1008.4777777777782,0.21782051808179337,-4894.465676499923,-7231.254116750634,1687.7874292175397,car,0 days 01:45:28.119000
2024-06-23 13:51:45.837,0 days 01:45:28.519000,0 days 00:00:15.355000,11099,210,5,87,False,0,car,1031.8111111111116,0.2228602709323136,-5051.453969177685,-7319.215603669453,1696.0216167661915,car,0 days 01:45:28.519000
2024-06-23 13:51:45.997,0 days 01:45:28.679000,0 days 00:00:15.515000,11172,215,5,81,False,0,car,1041.3666666666672,0.22492416971871712,-5137.534998519212,-7359.240199473222,1700.0227116803794,car,0 days 01:45:28.679000
2024-06-23 13:51:46.197,0 days 01:45:28.879000,0 days 00:00:15.715000,11168,217,5,64,False,0,car,1053.4222222222227,0.22752804202481922,-5243.096265683518,-7400.550282514111,1703.9120609121771,car,0 days 01:45:28.879000
2024-06-23 13:51:46.477,0 days 01:45:29.159000,0 days 00:00:15.995000,10863,216,5,42,False,0,car,1070.2222222222226,0.23115666407719374,-5491.752738630163,-7449.810271046467,1714.4131274235253,car,0 days 01:45:29.159000
2024-06-23 13:51:46.957,0 days 01:45:29.639000,0 days 00:00:16.475000,10792,211,5,43,False,0,car,1098.355555555556,0.23723316608553527,-5712.876859824666,-7442.646332963081,1724.1631122085473,car,0 days 01:45:29.639000
2024-06-23 13:51:47.117,0 days 01:45:29.799000,0 days 00:00:16.635000,10459,209,5,51,False,0,car,1107.644444444445,0.2392394676965043,-5865.804399821771,-7418.47921130898,1730.3334457246435,car,0 days 01:45:29.799000
2024-06-23 13:51:47.317,0 days 01:45:29.999000,0 days 00:00:16.835000,10725,208,5,62,False,0,car,1119.2000000000005,0.24173534529866667,-5964.081509202634,-7397.357135930288,1734.3345769811133,car,0 days 01:45:29.999000
2024-06-23 13:51:47.517,0 days 01:45:30.199000,0 days 00:00:17.035000,10744,208,5,70,False,0,car,1130.755555555556,0.24423122290082902,-6013.442370030546,-7375.912267660265,1736.282762912759,car,0 days 01:45:30.199000
2024-06-23 13:51:47.837,0 days 01:45:30.519000,0 days 00:00:17.355000,10886,208,5,72,False,0,car,1149.2444444444448,0.24822462706428883,-6192.479071781475,-7288.034891409768,1743.1956387274818,car,0 days 01:45:30.519000
2024-06-23 13:51:48.037,0 days 01:45:30.719000,0 days 00:00:17.555000,10988,210,5,80,False,0,car,1160.9111111111113,0.2507445034895489,-6330.2494517958985,-7193.814268073225,1748.9353905742053,car,0 days 01:45:30.719000
2024-06-23 13:51:48.357,0 days 01:45:31.039000,0 days 00:00:17.875000,11184,213,5,84,False,0,car,1179.8444444444447,0.2548339029453996,-6420.952705080757,-7104.411097508988,1752.7603449387082,car,0 days 01:45:31.039000
2024-06-23 13:51:48.517,0 days 01:45:31.199000,0 days 00:00:18.035000,11200,216,5,88,False,0,car,1189.4444444444446,0.25690740126104217,-6481.11161025354,-7029.196834681723,1755.093156271273,car,0 days 01:45:31.199000
2024-06-23 13:51:48.917,0 days 01:45:31.599000,0 days 00:00:18.435000,11634,223,5,100,False,0,car,1214.2222222222222,0.26225913881183266,-6614.0884277971945,-6806.403782128184,1760.8945403213397,car,0 days 01:45:31.599000
2024-06-23 13:51:49.197,0 days 01:45:31.879000,0 days 00:00:18.715000,11939,229,5,100,False,0,car,1232.0333333333333,0.2661061501543964,-6674.271797684894,-6639.037629904328,1763.618144474003,car,0 days 01:45:31.879000
2024-06-23 13:51:49.357,0 days 01:45:32.039000,0 days 00:00:18.875000,11659,232,5,100,False,0,car,1242.3444444444444,0.2683332409378644,-6698.11021474966,-6544.215910708734,1765.2914516350893,car,0 days 01:45:32.039000
2024-06-23 13:51:49.558,0 days 01:45:32.240000,0 days 00:00:19.076000,10692,234,5,100,False,0,car,1255.4094444444445,0.2711551425518093,-6718.527368546942,-6426.879082265434,1767.3535314370783,car,0 days 01:45:32.240000
2024-06-23 13:51:49.837,0 days 01:45:32.519000,0 days 00:00:19.355000,10888,237,6,100,False,0,car,1273.7769444444446,0.27512232800103487,-6731.0227199087885,-6220.123648301404,1770.0198420167053,car,0 days 01:45:32.519000
2024-06-23 13:51:50.117,0 days 01:45:32.799000,0 days 00:00:19.635000,11014,242,6,100,False,0,car,1292.5991666666669,0.2791877286337878,-6724.68911568713,-5974.362141073707,1773.9255829337724,car,0 days 01:45:32.799000
2024-06-23 13:51:50.397,0 days 01:45:33.079000,0 days 00:00:19.915000,11216,246,6,100,False,0,pos,1311.7325,0.28332032597121437,-6711.0,-5862.0,1776.0,car,0 days 01:45:33.079000
2024-06-23 13:51:50.597,0 days 01:45:33.279000,0 days 00:00:20.115000,11323,250,6,100,False,0,car,1325.621388888889,0.2863201788584288,-6690.729184666187,-5725.419366889384,1777.1771524333662,car,0 days 01:45:33.279000
2024-06-23 13:51:50.797,0 days 01:45:33.479000,0 days 00:00:20.315000,11379,253,6,100,False,0,car,1339.6769444444446,0.2893560299802898,-6665.574401475784,-5595.82838075777,1779.4227711247752,car,0 days 01:45:33.479000
2024-06-23 13:51:51.037,0 days 01:45:33.719000,0 days 00:00:20.555000,11498,256,6,100,False,0,car,1356.7436111111112,0.29304224920809885,-6628.803896339508,-5435.087894869289,1781.5924689989668,car,0 days 01:45:33.719000
2024-06-23 13:51:51.237,0 days 01:45:33.919000,0 days 00:00:20.755000,11618,258,6,100,False,0,car,1371.0769444444445,0.29613809738770414,-6592.822960135925,-5307.9222432664155,1783.8628011381861,car,0 days 01:45:33.919000
2024-06-23 13:51:51.397,0 days 01:45:34.079000,0 days 00:00:20.915000,11632,260,6,100,False,0,car,1382.6325000000002,0.29863397498986655,-6558.28740492227,-5206.700708313662,1785.615021949035,car,0 days 01:45:34.079000
2024-06-23 13:51:51.597,0 days 01:45:34.279000,0 days 00:00:21.115000,11775,263,6,100,False,0,car,1397.2436111111112,0.3017898202272161,-6505.279922248855,-5076.934828218703,1787.5316079247755,car,0 days 01:45:34.279000
2024-06-23 13:51:51.797,0 days 01:45:34.479000,0 days 00:00:21.315000,11099,265,6,100,False,0,car,1411.9658333333336,0.3049696642876634,-6438.201018899565,-4947.672640265066,1790.2050189550755,car,0 days 01:45:34.479000
2024-06-23 13:51:51.997,0 days 01:45:34.679000,0 days 00:00:21.515000,10610,267,7,100,False,0,car,1426.799166666667,0.3081735071712084,-6361.708909705633,-4819.097195623158,1792.5539214436233,car,0 days 01:45:34.679000
2024-06-23 13:51:52.317,0 days 01:45:34.999000,0 days 00:00:21.835000,10728,270,7,100,False,0,car,1450.799166666667,0.31335725296031486,-6228.666779477115,-4623.2091096998765,1794.587876806344,car,0 days 01:45:34.999000
2024-06-23 13:51:52.597,0 days 01:45:35.279000,0 days 00:00:22.115000,10838,273,7,100,False,0,car,1472.0325,0.3179434280542882,-6104.138309721127,-4448.013661659005,1797.6165840111894,car,0 days 01:45:35.279000
2024-06-23 13:51:52.917,0 days 01:45:35.599000,0 days 00:00:22.435000,10954,275,7,100,False,0,car,1496.4769444444446,0.32322316913578564,-5949.688826562486,-4218.994575106187,1801.1954315202536,car,0 days 01:45:35.599000
2024-06-23 13:51:53.197,0 days 01:45:35.879000,0 days 00:00:22.715000,11064,279,7,100,False,0,car,1518.1769444444446,0.32791013928676943,-5850.329385568506,-4051.22042123337,1804.3747064431727,car,0 days 01:45:35.879000
2024-06-23 13:51:53.437,0 days 01:45:36.119000,0 days 00:00:22.955000,11101,280,7,100,False,0,car,1536.8436111111112,0.33194194156718554,-5757.574327959036,-3894.2986184732613,1807.010033725613,car,0 days 01:45:36.119000
2024-06-23 13:51:53.717,0 days 01:45:36.399000,0 days 00:00:23.235000,11013,281,7,59,False,0,car,1558.6991666666668,0.3366625100705062,-5630.9823508999425,-3691.931964024211,1809.3628245606294,car,0 days 01:45:36.399000
2024-06-23 13:51:53.877,0 days 01:45:36.559000,0 days 00:00:23.395000,10690,274,7,0,False,0,car,1570.8769444444445,0.33929278108201577,-5554.298205449502,-3575.8214629005292,1811.3204174005205,car,0 days 01:45:36.559000
2024-06-23 13:51:54.117,0 days 01:45:36.799000,0 days 00:00:23.635000,10324,255,7,0,True,0,car,1587.8769444444447,0.34296460101596626,-5445.085267156988,-3416.3411862527387,1814.7958668175877,car,0 days 01:45:36.799000
2024-06-23 13:51:54.397,0 days 01:45:37.079000,0 days 00:00:23.915000,10001,231,7,0,True,0,car,1605.8436111111112,0.34684521071086677,-5365.578006268736,-3299.954620135248,1816.559522799708,car,0 days 01:45:37.079000
2024-06-23 13:51:54.557,0 days 01:45:37.239000,0 days 00:00:24.075000,10259,208,7,0,True,0,car,1615.0880555555557,0.3488419127925967,-5325.7307391332015,-3245.6480310060833,1817.0026256357162,car,0 days 01:45:37.239000
2024-06-23 13:51:55.437,0 days 01:45:38.119000,0 days 00:00:24.955000,9138,159,4,0,True,0,car,1653.9547222222222,0.3572367011121775,-5021.3045526996275,-2935.310485150898,1820.5209158374605,car,0 days 01:45:38.119000
2024-06-23 13:51:55.677,0 days 01:45:38.359000,0 days 00:00:25.195000,8777,150,4,0,True,0,car,1663.9547222222222,0.35939659519097183,-4939.647043373984,-2889.9562489743016,1821.6513794558487,car,0 days 01:45:38.359000
2024-06-23 13:51:55.997,0 days 01:45:38.679000,0 days 00:00:25.515000,8408,146,4,0,True,0,car,1676.9325000000001,0.36219965772878504,-4813.650525799108,-2848.4017331624054,1823.4640667550118,car,0 days 01:45:38.679000
2024-06-23 13:51:56.238,0 days 01:45:38.920000,0 days 00:00:25.756000,8102,139,4,0,False,0,car,1686.2377777777779,0.3642094991661609,-4723.89738879039,-2838.4425108769424,1825.2100176944869,car,0 days 01:45:38.920000
2024-06-23 13:51:56.398,0 days 01:45:39.080000,0 days 00:00:25.916000,7985,136,4,0,False,0,car,1692.2822222222223,0.36551503514267664,-4659.952722107356,-2840.368729542829,1825.8778534452617,car,0 days 01:45:39.080000
2024-06-23 13:51:56.637,0 days 01:45:39.319000,0 days 00:00:26.155000,7750,133,4,1,False,0,car,1701.1119444444446,0.3674221616171943,-4576.522803987013,-2854.983418276668,1827.8778702259542,car,0 days 01:45:39.319000
2024-06-23 13:51:56.917,0 days 01:45:39.599000,0 days 00:00:26.435000,7830,129,4,29,False,0,car,1711.145277777778,0.36958925534291803,-4478.762464001651,-2888.2400937420534,1829.8563835553182,car,0 days 01:45:39.599000
2024-06-23 13:51:57.077,0 days 01:45:39.759000,0 days 00:00:26.595000,7958,129,4,42,False,0,car,1716.8786111111112,0.3708275946147601,-4427.860629148143,-2913.2852108382453,1830.657660808144,car,0 days 01:45:39.759000
2024-06-23 13:51:57.237,0 days 01:45:39.919000,0 days 00:00:26.755000,8128,130,4,52,False,0,car,1722.656388888889,0.3720755334158413,-4377.839408463773,-2943.467386071031,1831.6263536164613,car,0 days 01:45:39.919000
2024-06-23 13:51:57.397,0 days 01:45:40.079000,0 days 00:00:26.915000,8198,132,4,51,False,0,car,1728.5230555555556,0.37334267127540066,-4332.415420069222,-2978.222972735573,1832.5842174930895,car,0 days 01:45:40.079000
2024-06-23 13:51:57.677,0 days 01:45:40.359000,0 days 00:00:27.195000,8498,136,4,52,False,0,car,1739.1008333333334,0.3756273592343032,-4246.776981454692,-3067.7975791939593,1834.5078446628029,car,0 days 01:45:40.359000
2024-06-23 13:51:57.957,0 days 01:45:40.639000,0 days 00:00:27.475000,8578,138,4,54,False,0,car,1749.8341666666668,0.3779456455455425,-4156.668673860919,-3190.55267304254,1835.3650537571114,car,0 days 01:45:40.639000
2024-06-23 13:51:58.117,0 days 01:45:40.799000,0 days 00:00:27.635000,8578,141,4,54,False,0,car,1756.1008333333334,0.3792991791682536,-4128.796377029119,-3241.1110215768663,1836.3730562252947,car,0 days 01:45:40.799000
2024-06-23 13:51:58.357,0 days 01:45:41.039000,0 days 00:00:27.875000,8873,144,4,53,False,0,car,1765.7008333333333,0.3813726774838962,-4093.6031445672525,-3325.7146658090733,1837.4120603363215,car,0 days 01:45:41.039000
2024-06-23 13:51:58.717,0 days 01:45:41.399000,0 days 00:00:28.235000,9266,150,4,70,False,0,car,1780.7008333333333,0.3846125186020878,-4049.129987561937,-3468.5321763918137,1837.9097741372366,car,0 days 01:45:41.399000
2024-06-23 13:51:58.917,0 days 01:45:41.599000,0 days 00:00:28.435000,9487,154,4,75,False,0,car,1789.2563888888888,0.3864604279806118,-4037.0489732876204,-3524.4336625827373,1838.4970220201976,car,0 days 01:45:41.599000
2024-06-23 13:51:59.197,0 days 01:45:41.879000,0 days 00:00:28.715000,9847,159,4,79,False,0,car,1801.6230555555555,0.38913149699138755,-4028.6787452956896,-3619.1096865540176,1839.0222952874399,car,0 days 01:45:41.879000
2024-06-23 13:51:59.557,0 days 01:45:42.239000,0 days 00:00:29.075000,10740,167,4,89,False,0,car,1818.3230555555556,0.39273852010297416,-4034.0492487652086,-3782.111528101762,1838.6203862911948,car,0 days 01:45:42.239000
2024-06-23 13:51:59.917,0 days 01:45:42.599000,0 days 00:00:29.435000,11361,184,4,100,False,0,car,1836.7230555555554,0.3967127252079558,-4067.303549182074,-3955.0191514076864,1838.0886940252528,car,0 days 01:45:42.599000
2024-06-23 13:52:00.117,0 days 01:45:42.799000,0 days 00:00:29.635000,11711,190,4,100,False,0,car,1847.278611111111,0.39899261340223874,-4101.26389071312,-4052.5966786355807,1836.1398849727818,car,0 days 01:45:42.799000
2024-06-23 13:52:00.277,0 days 01:45:42.959000,0 days 00:00:29.795000,11939,196,4,100,False,0,car,1855.9897222222223,0.40087412113309967,-4135.029517059293,-4131.729330847338,1835.7679288040117,car,0 days 01:45:42.959000
2024-06-23 13:52:00.477,0 days 01:45:43.159000,0 days 00:00:29.995000,12054,198,4,100,False,0,car,1866.9897222222223,0.40325000461977345,-4185.812638625353,-4226.832344887326,1833.6756143099917,car,0 days 01:45:43.159000
2024-06-23 13:52:00.757,0 days 01:45:43.439000,0 days 00:00:30.275000,11494,204,4,100,False,0,car,1882.856388888889,0.4066770365581272,-4272.360594179895,-4360.661272451353,1831.5870111102702,car,0 days 01:45:43.439000
2024-06-23 13:52:01.117,0 days 01:45:43.799000,0 days 00:00:30.635000,11202,214,5,100,False,0,car,1904.256388888889,0.4112992098867472,-4395.126044758717,-4534.646086627018,1827.3553581160518,car,0 days 01:45:43.799000
2024-06-23 13:52:01.317,0 days 01:45:43.999000,0 days 00:00:30.835000,11285,219,5,100,False,0,car,1916.4230555555555,0.413927081015947,-4463.926181054973,-4628.669693676924,1825.4748601268423,car,0 days 01:45:43.999000
2024-06-23 13:52:01.637,0 days 01:45:44.319000,0 days 00:00:31.155000,11715,228,5,100,False,0,car,1936.6897222222221,0.4183044663489702,-4610.256004956962,-4828.955248515184,1820.5572757213772,car,0 days 01:45:44.319000
2024-06-23 13:52:01.997,0 days 01:45:44.679000,0 days 00:00:31.515000,11949,234,5,100,False,0,car,1960.089722222222,0.42335861849334905,-4758.701419621646,-5032.119818669351,1816.4641467887059,car,0 days 01:45:44.679000
2024-06-23 13:52:02.237,0 days 01:45:44.919000,0 days 00:00:31.755000,11671,238,5,3,False,0,car,1975.9563888888886,0.42678565043170275,-4814.828700823944,-5108.221702063323,1814.3159051518146,car,0 days 01:45:44.919000
2024-06-23 13:52:02.437,0 days 01:45:45.119000,0 days 00:00:31.955000,11110,232,5,0,True,0,car,1988.8452777777775,0.42956951391103776,-4888.960563264056,-5209.788036157488,1811.5406841389163,car,0 days 01:45:45.119000
2024-06-23 13:52:02.678,0 days 01:45:45.360000,0 days 00:00:32.196000,10122,202,5,0,True,0,car,2002.3680555555552,0.4324902906761452,-4973.941255643475,-5331.15818352932,1808.353972986392,car,0 days 01:45:45.360000
2024-06-23 13:52:02.838,0 days 01:45:45.520000,0 days 00:00:32.356000,10142,193,5,0,True,0,car,2010.9458333333332,0.43434299981928887,-5019.96133460099,-5399.19247335912,1806.3061077977864,car,0 days 01:45:45.520000
2024-06-23 13:52:03.078,0 days 01:45:45.760000,0 days 00:00:32.596000,10658,166,4,0,True,0,car,2022.0124999999996,0.43673328259982125,-5085.6847964750905,-5504.864008053537,1801.7821193165514,car,0 days 01:45:45.760000
2024-06-23 13:52:03.238,0 days 01:45:45.920000,0 days 00:00:32.756000,11028,159,4,0,True,0,car,2029.0791666666664,0.43825960774883593,-5115.723005003268,-5557.852530008793,1800.8358955596327,car,0 days 01:45:45.920000
2024-06-23 13:52:03.437,0 days 01:45:46.119000,0 days 00:00:32.955000,10160,152,3,0,True,0,car,2037.4813888888887,0.4400743987514852,-5149.146750665408,-5623.795830329262,1798.2589018672863,car,0 days 01:45:46.119000
2024-06-23 13:52:03.717,0 days 01:45:46.399000,0 days 00:00:33.235000,9587,134,3,0,True,0,car,2047.9036111111109,0.44232548835805086,-5187.325878742911,-5716.26264092046,1793.4826526553202,car,0 days 01:45:46.399000
2024-06-23 13:52:03.877,0 days 01:45:46.559000,0 days 00:00:33.395000,8870,126,3,0,True,0,car,2053.503611111111,0.44353502904217573,-5205.498243239727,-5771.425229417117,1790.7527335116686,car,0 days 01:45:46.559000
2024-06-23 13:52:04.157,0 days 01:45:46.839000,0 days 00:00:33.675000,8730,119,3,0,True,0,car,2062.7591666666663,0.44553413100621536,-5224.403685362653,-5864.494535695272,1787.189504619361,car,0 days 01:45:46.839000
2024-06-23 13:52:04.517,0 days 01:45:47.199000,0 days 00:00:34.035000,7682,110,3,0,True,0,car,2073.7591666666663,0.4479100144928892,-5223.131211105092,-5971.466418507466,1782.3742291851324,car,0 days 01:45:47.199000
2024-06-23 13:52:04.917,0 days 01:45:47.599000,0 days 00:00:34.435000,7216,104,3,0,False,0,car,2085.314722222222,0.4504058920950516,-5187.2944085734425,-6081.097207584768,1775.710890910268,car,0 days 01:45:47.599000
2024-06-23 13:52:05.357,0 days 01:45:48.039000,0 days 00:00:34.875000,6849,98,3,0,False,0,car,2097.2924999999996,0.4529929652249853,-5107.010032096277,-6177.135155859212,1768.7070429313624,car,0 days 01:45:48.039000
2024-06-23 13:52:05.517,0 days 01:45:48.199000,0 days 00:00:35.035000,6847,96,3,0,False,0,car,2101.559166666666,0.4539145200319375,-5071.914421500769,-6201.048983576066,1767.5343902867455,car,0 days 01:45:48.199000
2024-06-23 13:52:05.877,0 days 01:45:48.559000,0 days 00:00:35.395000,6939,94,3,36,False,0,car,2110.959166666666,0.4559448204660042,-4984.803849371184,-6237.498036670711,1761.6710253042647,car,0 days 01:45:48.559000
2024-06-23 13:52:06.037,0 days 01:45:48.719000,0 days 00:00:35.555000,7106,95,3,40,False,0,car,2115.1813888888883,0.4568567757437174,-4945.2563010736285,-6245.929980443579,1759.3032909329697,car,0 days 01:45:48.719000
2024-06-23 13:52:06.237,0 days 01:45:48.919000,0 days 00:00:35.755000,7416,98,3,42,False,0,car,2120.6258333333326,0.45803271807550544,-4890.057017801528,-6250.665240247094,1756.8020995265633,car,0 days 01:45:48.919000
2024-06-23 13:52:06.517,0 days 01:45:49.199000,0 days 00:00:36.035000,7618,102,3,51,False,0,car,2128.5591666666655,0.45974623404468223,-4810.711628716062,-6247.967934571974,1751.9820436401487,car,0 days 01:45:49.199000
2024-06-23 13:52:06.757,0 days 01:45:49.439000,0 days 00:00:36.275000,8253,106,3,57,False,0,car,2135.625833333332,0.4612725591936969,-4743.04644713885,-6236.950127621028,1748.035297964463,car,0 days 01:45:49.439000
2024-06-23 13:52:07.037,0 days 01:45:49.719000,0 days 00:00:36.555000,8846,114,3,62,False,0,car,2144.492499999999,0.4631876652768946,-4641.19331212697,-6205.762703983679,1741.1747191323711,car,0 days 01:45:49.719000
2024-06-23 13:52:07.437,0 days 01:45:50.119000,0 days 00:00:36.955000,9846,127,3,76,False,0,car,2158.60361111111,0.46623551581030437,-4522.415487624219,-6158.824707704097,1732.6954267889028,car,0 days 01:45:50.119000
2024-06-23 13:52:07.797,0 days 01:45:50.479000,0 days 00:00:37.315000,10819,144,3,89,False,0,car,2173.00361111111,0.4693457632837683,-4384.386159725086,-6085.939585521826,1723.4864246139275,car,0 days 01:45:50.479000
2024-06-23 13:52:07.997,0 days 01:45:50.679000,0 days 00:00:37.515000,11134,148,3,91,False,0,car,2181.225833333332,0.4711216761929992,-4324.293117600643,-6053.493788498704,1719.5159580620802,car,0 days 01:45:50.679000
2024-06-23 13:52:08.197,0 days 01:45:50.879000,0 days 00:00:37.715000,11694,162,3,100,False,0,car,2190.225833333332,0.47306558086391415,-4263.817163954788,-6020.58248050883,1715.4464461196276,car,0 days 01:45:50.879000
2024-06-23 13:52:08.357,0 days 01:45:51.039000,0 days 00:00:37.875000,10854,167,3,100,False,0,car,2197.648055555554,0.4746687022468415,-4191.818086314547,-5981.7859415695275,1710.5856493493263,car,0 days 01:45:51.039000
2024-06-23 13:52:08.517,0 days 01:45:51.199000,0 days 00:00:38.035000,10711,175,4,100,False,0,car,2205.425833333332,0.4763486198636816,-4124.881794404323,-5945.248723169425,1706.1425288272249,car,0 days 01:45:51.199000
2024-06-23 13:52:08.717,0 days 01:45:51.399000,0 days 00:00:38.235000,11055,183,4,100,False,0,car,2215.592499999999,0.47854451217712257,-4025.4481581880523,-5894.141989720919,1697.4445336490214,car,0 days 01:45:51.399000
2024-06-23 13:52:09.037,0 days 01:45:51.719000,0 days 00:00:38.555000,11897,194,4,100,False,0,car,2232.8369444444434,0.482269129521888,-3845.4175575170075,-5809.021772843204,1689.751594213929,car,0 days 01:45:51.719000
2024-06-23 13:52:09.197,0 days 01:45:51.879000,0 days 00:00:38.715000,12184,201,4,100,False,0,car,2241.7702777777768,0.4841986348989443,-3765.3741491891333,-5774.514772966902,1684.8781321399624,car,0 days 01:45:51.879000
2024-06-23 13:52:09.478,0 days 01:45:52.160000,0 days 00:00:38.996000,10956,210,4,100,False,0,car,2258.161944444443,0.48773906127643474,-3622.86118553361,-5715.006184612165,1678.6280880554575,car,0 days 01:45:52.160000
2024-06-23 13:52:09.838,0 days 01:45:52.520000,0 days 00:00:39.356000,11103,216,5,100,False,0,car,2279.761944444443,0.49240443248663057,-3424.653480945296,-5629.60204324038,1669.992284981371,car,0 days 01:45:52.520000
2024-06-23 13:52:10.077,0 days 01:45:52.759000,0 days 00:00:39.595000,11576,226,5,100,False,0,pos,2294.765833333332,0.49564511356363056,-3291.0,-5562.0,1664.0,car,0 days 01:45:52.759000
2024-06-23 13:52:10.317,0 days 01:45:52.999000,0 days 00:00:39.835000,11793,228,5,100,False,0,car,2309.9658333333323,0.49892815256339806,-3094.7010775460712,-5443.217424660694,1657.6195263109971,car,0 days 01:45:52.999000
2024-06-23 13:52:10.477,0 days 01:45:53.159000,0 days 00:00:39.995000,12041,234,5,100,False,0,car,2320.365833333332,0.5011744424053441,-3038.841296545849,-5404.910538157206,1655.9671261771814,car,0 days 01:45:53.159000
2024-06-23 13:52:10.717,0 days 01:45:53.399000,0 days 00:00:40.235000,10641,238,5,100,False,0,car,2336.2324999999987,0.504601474343698,-2960.944879427663,-5342.2257130292965,1654.2443956266384,car,0 days 01:45:53.399000
2024-06-23 13:52:10.917,0 days 01:45:53.599000,0 days 00:00:40.435000,10951,242,6,100,False,0,car,2349.6769444444435,0.5075053319385215,-2842.2259565720797,-5237.296607009615,1652.304093573537,car,0 days 01:45:53.599000
2024-06-23 13:52:11.237,0 days 01:45:53.919000,0 days 00:00:40.755000,11115,246,6,100,False,0,car,2371.5436111111103,0.5122283003241519,-2661.899547123436,-5048.852766108795,1650.8921885272828,car,0 days 01:45:53.919000
2024-06-23 13:52:11.437,0 days 01:45:54.119000,0 days 00:00:40.955000,11305,250,6,100,False,0,car,2385.432499999999,0.5152281532113663,-2612.3708976791304,-4986.465718011173,1651.0062969779133,car,0 days 01:45:54.119000
2024-06-23 13:52:11.757,0 days 01:45:54.439000,0 days 00:00:41.275000,11090,254,6,45,False,0,car,2408.010277777777,0.5201047140648221,-2479.4740975146906,-4807.591331762268,1651.0077173510622,car,0 days 01:45:54.439000
2024-06-23 13:52:12.117,0 days 01:45:54.799000,0 days 00:00:41.635000,9875,228,6,0,True,0,car,2430.810277777777,0.5250292725644733,-2336.2801748401907,-4600.111126454883,1651.4646282456677,car,0 days 01:45:54.799000
2024-06-23 13:52:12.317,0 days 01:45:54.999000,0 days 00:00:41.835000,9314,217,6,0,True,0,car,2442.865833333333,0.5276331448705754,-2269.675506892759,-4503.527590998584,1653.0094065512135,car,0 days 01:45:54.999000
2024-06-23 13:52:12.717,0 days 01:45:55.399000,0 days 00:00:42.235000,10311,182,5,0,True,0,car,2463.088055555555,0.5320009306743596,-2128.7594857299905,-4265.553681232313,1661.0170173054885,car,0 days 01:45:55.399000
2024-06-23 13:52:12.917,0 days 01:45:55.599000,0 days 00:00:42.435000,9434,164,4,0,True,0,car,2472.1991666666663,0.5339688341683723,-2111.440977760298,-4231.7115870545795,1662.0201236668356,car,0 days 01:45:55.599000
2024-06-23 13:52:13.197,0 days 01:45:55.879000,0 days 00:00:42.715000,8729,151,4,0,True,0,car,2483.943611111111,0.5365055097698008,-2097.7108856728228,-4121.406442771533,1662.7122959612636,car,0 days 01:45:55.879000
2024-06-23 13:52:13.477,0 days 01:45:56.159000,0 days 00:00:42.995000,8317,144,4,0,False,0,car,2495.1436111111107,0.5389245911380505,-2080.5334205910667,-3981.86557058373,1665.0063270626342,car,0 days 01:45:56.159000
2024-06-23 13:52:13.677,0 days 01:45:56.359000,0 days 00:00:43.195000,8275,140,4,0,False,0,car,2502.9213888888885,0.5406045087548906,-2084.028815344538,-3941.7030057736356,1667.01235437613,car,0 days 01:45:56.359000
2024-06-23 13:52:13.997,0 days 01:45:56.679000,0 days 00:00:43.515000,8000,135,4,3,False,0,car,2514.9213888888885,0.5431963816494438,-2096.4863513235196,-3822.8678138331543,1672.1495216622611,car,0 days 01:45:56.679000
2024-06-23 13:52:14.197,0 days 01:45:56.879000,0 days 00:00:43.715000,8078,133,4,21,False,0,car,2522.3102777777776,0.5447923033854419,-2116.256347050653,-3756.3302276243367,1676.5256490894556,car,0 days 01:45:56.879000
2024-06-23 13:52:14.517,0 days 01:45:57.199000,0 days 00:00:44.035000,8060,131,4,45,False,0,car,2533.954722222222,0.5473073800460825,-2197.513680542849,-3621.8899729210066,1682.7603183584142,car,0 days 01:45:57.199000
2024-06-23 13:52:14.757,0 days 01:45:57.439000,0 days 00:00:44.275000,8446,132,4,56,False,0,car,2542.754722222222,0.5492080868354215,-2231.205118757576,-3594.868781712534,1684.753922517283,car,0 days 01:45:57.439000
2024-06-23 13:52:14.917,0 days 01:45:57.599000,0 days 00:00:44.435000,8511,135,4,63,False,0,car,2548.754722222222,0.5505040232826982,-2284.0001002086483,-3548.9252914145454,1687.4659846271688,car,0 days 01:45:57.599000
2024-06-23 13:52:15.117,0 days 01:45:57.799000,0 days 00:00:44.635000,8950,139,4,73,False,0,car,2556.476944444444,0.5521719414879894,-2349.2772196488913,-3498.736434636435,1691.4291070198688,car,0 days 01:45:57.799000
2024-06-23 13:52:15.437,0 days 01:45:58.119000,0 days 00:00:44.955000,9583,147,4,91,False,0,car,2569.5436111111107,0.5549942030842807,-2474.986655514595,-3407.362153627039,1697.5131381092829,car,0 days 01:45:58.119000
2024-06-23 13:52:15.838,0 days 01:45:58.520000,0 days 00:00:45.356000,10634,165,4,100,False,0,car,2587.9227777777774,0.5589639084099315,-2581.151638323855,-3317.616274844641,1707.6465945844345,car,0 days 01:45:58.520000
2024-06-23 13:52:15.998,0 days 01:45:58.680000,0 days 00:00:45.516000,11194,172,4,100,False,0,car,2595.5672222222215,0.5606150274390542,-2640.82292133567,-3249.172311071123,1713.272742846247,car,0 days 01:45:58.680000
2024-06-23 13:52:16.318,0 days 01:45:59,0 days 00:00:45.836000,11463,186,4,100,False,0,car,2612.100555555555,0.5641860523159943,-2764.334253623557,-3074.1550071213906,1730.284401720794,car,0 days 01:45:59
2024-06-23 13:52:16.558,0 days 01:45:59.240000,0 days 00:00:46.076000,11743,192,4,100,False,0,car,2624.900555555555,0.5669507167368512,-2789.8519866156303,-3017.1945476948213,1732.8784362378915,car,0 days 01:45:59.240000
2024-06-23 13:52:16.837,0 days 01:45:59.519000,0 days 00:00:46.355000,11419,198,4,100,False,0,pos,2640.245555555555,0.570265074200761,-2855.0,-2878.0,1742.0,car,0 days 01:45:59.519000
2024-06-23 13:52:17.317,0 days 01:45:59.999000,0 days 00:00:46.835000,11055,209,5,100,False,0,car,2668.1122222222216,0.576283979033668,-3002.0931840754306,-2560.177117744777,1763.9419202992174,car,0 days 01:45:59.999000
2024-06-23 13:52:17.597,0 days 01:46:00.279000,0 days 00:00:47.115000,11434,222,5,100,False,0,car,2685.3788888888885,0.580013396143053,-3049.1568281108775,-2461.8806148955186,1770.4715784517307,car,0 days 01:46:00.279000
2024-06-23 13:52:17.877,0 days 01:46:00.559000,0 days 00:00:47.395000,11766,230,5,100,False,0,car,2703.2677777777776,0.5838772066617853,-3140.3689639014333,-2270.68102575447,1782.5629885459875,car,0 days 01:46:00.559000
2024-06-23 13:52:18.157,0 days 01:46:00.839000,0 days 00:00:47.675000,12042,234,5,100,False,0,car,2721.4677777777774,0.587808213885191,-3236.160355260666,-2068.204566550674,1795.7938814633249,car,0 days 01:46:00.839000
2024-06-23 13:52:18.517,0 days 01:46:01.199000,0 days 00:00:48.035000,10849,240,6,100,False,0,car,2745.4677777777774,0.5929919596742975,-3319.682023219927,-1894.9637592135143,1807.533093259202,car,0 days 01:46:01.199000
2024-06-23 13:52:18.757,0 days 01:46:01.439000,0 days 00:00:48.275000,11107,245,6,100,False,0,car,2761.801111111111,0.5965197866696617,-3375.424815384441,-1777.1057201664798,1815.5400756934614,car,0 days 01:46:01.439000
2024-06-23 13:52:18.997,0 days 01:46:01.679000,0 days 00:00:48.515000,10784,249,6,19,False,0,car,2778.4011111111113,0.6001052108404604,-3439.7512414553407,-1617.0040513615813,1825.9358099264423,car,0 days 01:46:01.679000
2024-06-23 13:52:19.197,0 days 01:46:01.879000,0 days 00:00:48.715000,10880,244,6,10,False,0,car,2791.956666666667,0.6030330672583817,-3485.1642022955707,-1461.3340687438908,1835.0347073868654,car,0 days 01:46:01.879000
2024-06-23 13:52:19.437,0 days 01:46:02.119000,0 days 00:00:48.955000,10373,239,6,10,False,0,car,2807.89,0.606474498490594,-3505.176061135281,-1336.4921313968848,1840.1622934516417,car,0 days 01:46:02.119000
2024-06-23 13:52:19.757,0 days 01:46:02.439000,0 days 00:00:49.275000,10032,236,6,13,False,0,car,2828.8677777777775,0.6110054762914426,-3502.937079737105,-1125.3348097339601,1849.0164358912853,car,0 days 01:46:02.439000
2024-06-23 13:52:20.197,0 days 01:46:02.879000,0 days 00:00:49.715000,9850,220,6,51,False,0,car,2855.7566666666667,0.6168131914810898,-3449.056413940346,-843.1860332319832,1860.1030671483863,car,0 days 01:46:02.879000
2024-06-23 13:52:20.397,0 days 01:46:03.079000,0 days 00:00:49.915000,9856,219,6,69,False,0,car,2867.923333333333,0.6194410626102895,-3381.019908009091,-655.0774765307332,1866.5224114188584,car,0 days 01:46:03.079000
2024-06-23 13:52:20.717,0 days 01:46:03.399000,0 days 00:00:50.235000,9924,218,6,78,False,0,car,2887.301111111111,0.6236264573585311,-3286.22430110978,-490.57970719629594,1870.1169646062792,car,0 days 01:46:03.399000
2024-06-23 13:52:20.917,0 days 01:46:03.599000,0 days 00:00:50.435000,10023,220,6,88,False,0,car,2899.523333333333,0.6262663278992798,-3236.900909035844,-424.7297784520114,1871.7342567275884,car,0 days 01:46:03.599000
2024-06-23 13:52:21.277,0 days 01:46:03.959000,0 days 00:00:50.795000,10378,226,6,100,False,0,car,2922.123333333333,0.631147688517355,-3069.286594680099,-291.4541128190179,1874.6694613044629,car,0 days 01:46:03.959000
2024-06-23 13:52:21.477,0 days 01:46:04.159000,0 days 00:00:50.995000,10378,229,6,100,False,0,car,2934.845555555555,0.6338955537620434,-2925.3294321148232,-211.43452204135386,1874.9854135671471,car,0 days 01:46:04.159000
2024-06-23 13:52:21.837,0 days 01:46:04.519000,0 days 00:00:51.355000,10711,235,6,100,False,0,car,2958.345555555555,0.6389713048472102,-2747.0175907249572,-140.96693217382378,1872.8279023916546,car,0 days 01:46:04.519000
2024-06-23 13:52:21.997,0 days 01:46:04.679000,0 days 00:00:51.515000,10777,239,6,100,False,0,car,2968.9677777777774,0.6412655923353519,-2615.4052315129334,-87.60113971105477,1870.8340689814063,car,0 days 01:46:04.679000
2024-06-23 13:52:22.237,0 days 01:46:04.919000,0 days 00:00:51.755000,10938,243,6,100,False,0,car,2985.1677777777777,0.6447646207429988,-2487.1813309910076,-31.5506859418937,1869.5085500815358,car,0 days 01:46:04.919000
2024-06-23 13:52:22.398,0 days 01:46:05.080000,0 days 00:00:51.916000,11032,246,6,100,False,0,car,2996.169444444444,0.6471408642120189,-2415.5348000080694,2.3257378068774752,1868.8527189587057,car,0 days 01:46:05.080000
2024-06-23 13:52:22.718,0 days 01:46:05.400000,0 days 00:00:52.236000,11205,250,6,100,False,0,car,3018.391666666666,0.651940628831562,-2226.8785560978554,89.36258763242739,1866.355628422485,car,0 days 01:46:05.400000
2024-06-23 13:52:22.998,0 days 01:46:05.680000,0 days 00:00:52.516000,11379,255,6,100,False,0,car,3038.2249999999995,0.6562244187545042,-1989.2686727365003,201.6883589292911,1863.1123646318504,car,0 days 01:46:05.680000
2024-06-23 13:52:23.238,0 days 01:46:05.920000,0 days 00:00:52.756000,11577,257,6,100,False,0,car,3055.358333333333,0.6599250372761719,-1768.3953773318042,306.36699224325656,1859.7026169739418,car,0 days 01:46:05.920000
2024-06-23 13:52:23.517,0 days 01:46:06.199000,0 days 00:00:53.035000,11658,260,6,100,False,0,car,3075.5083333333328,0.6642772238449426,-1638.2281030415757,368.2570837076782,1858.3168661466545,car,0 days 01:46:06.199000
2024-06-23 13:52:23.677,0 days 01:46:06.359000,0 days 00:00:53.195000,11484,263,6,100,False,0,car,3087.197222222222,0.6668019000348223,-1550.7497453996828,409.474874586708,1857.4269929318614,car,0 days 01:46:06.359000
2024-06-23 13:52:23.877,0 days 01:46:06.559000,0 days 00:00:53.395000,10520,265,6,100,False,0,car,3101.9194444444447,0.6699817440952697,-1423.5076085142116,469.3449655598031,1856.0728986430865,car,0 days 01:46:06.559000
2024-06-23 13:52:24.197,0 days 01:46:06.879000,0 days 00:00:53.715000,10729,268,7,100,False,0,car,3125.741666666667,0.6751270917674198,-1194.8066056251807,580.9554155602381,1852.720824041909,car,0 days 01:46:06.879000
2024-06-23 13:52:24.517,0 days 01:46:07.199000,0 days 00:00:54.035000,10828,273,7,100,False,0,car,3150.0083333333328,0.6803684347319606,-1008.0869213617476,675.058530792968,1850.3863045621301,car,0 days 01:46:07.199000
2024-06-23 13:52:24.797,0 days 01:46:07.479000,0 days 00:00:54.315000,10960,276,7,100,False,0,car,3171.4749999999995,0.6850050073544393,-835.7053163540552,766.3316334105136,1848.7272491717345,car,0 days 01:46:07.479000
2024-06-23 13:52:24.997,0 days 01:46:07.679000,0 days 00:00:54.515000,11017,278,7,100,False,0,car,3186.9194444444443,0.6883408437650217,-613.1347476383853,885.8270789263174,1845.2598710553675,car,0 days 01:46:07.679000
2024-06-23 13:52:25.197,0 days 01:46:07.879000,0 days 00:00:54.715000,11066,280,7,100,False,0,car,3202.475,0.6917006789987019,-511.25849154466675,939.8570931884175,1843.92025352903,car,0 days 01:46:07.879000
2024-06-23 13:52:25.557,0 days 01:46:08.239000,0 days 00:00:55.075000,11201,281,7,100,False,0,car,3230.575,0.697769981360114,-251.60219977014404,1078.6379674839739,1840.61343068427,car,0 days 01:46:08.239000
2024-06-23 13:52:25.957,0 days 01:46:08.639000,0 days 00:00:55.475000,11327,285,7,100,False,0,car,3262.2416666666663,0.7046096459429629,56.04353192171143,1243.373270854475,1835.5350627876733,car,0 days 01:46:08.639000
2024-06-23 13:52:26.117,0 days 01:46:08.799000,0 days 00:00:55.635000,11334,287,7,100,False,0,car,3274.997222222222,0.7073647108345806,134.87776720395328,1284.848691003392,1834.6467570780565,car,0 days 01:46:08.799000
2024-06-23 13:52:26.317,0 days 01:46:08.999000,0 days 00:00:55.835000,11401,288,7,100,False,0,car,3290.9972222222223,0.7108205413606516,220.0766414485115,1329.0972454066998,1834.1885881477988,car,0 days 01:46:08.999000
2024-06-23 13:52:26.517,0 days 01:46:09.199000,0 days 00:00:56.035000,11428,289,7,100,False,0,car,3307.0527777777775,0.7142883712982715,327.83138147221956,1385.8111389763756,1832.754252212111,car,0 days 01:46:09.199000
2024-06-23 13:52:26.717,0 days 01:46:09.399000,0 days 00:00:56.235000,11167,285,7,0,False,0,car,3322.886111111111,0.7177082035896959,456.6987289866337,1450.2965494002933,1830.4973112381338,car,0 days 01:46:09.399000
2024-06-23 13:52:26.997,0 days 01:46:09.679000,0 days 00:00:56.515000,10543,279,7,0,True,0,car,3344.586111111111,0.7223951737406797,678.5988756829529,1548.3587487177379,1827.2838829973514,car,0 days 01:46:09.679000
2024-06-23 13:52:27.157,0 days 01:46:09.839000,0 days 00:00:56.675000,10131,254,7,0,True,0,car,3355.875,0.7248334541674076,790.1753299846297,1593.689723997918,1826.5145128946206,car,0 days 01:46:09.839000
2024-06-23 13:52:27.477,0 days 01:46:10.159000,0 days 00:00:56.995000,10463,202,7,0,True,0,car,3373.8305555555557,0.7287116639799984,989.3697193178288,1673.6308120626882,1823.3982130315935,car,0 days 01:46:10.159000
2024-06-23 13:52:27.717,0 days 01:46:10.399000,0 days 00:00:57.235000,10896,182,5,0,True,0,car,3385.963888888889,0.731332335462269,1130.2918252926968,1735.370418894698,1822.9408510699575,car,0 days 01:46:10.399000
2024-06-23 13:52:28.117,0 days 01:46:10.799000,0 days 00:00:57.635000,10814,155,4,0,True,0,pos,3403.186111111111,0.7350521530424148,1298.0,1830.0,1821.0,car,0 days 01:46:10.799000
2024-06-23 13:52:28.277,0 days 01:46:10.959000,0 days 00:00:57.795000,10238,145,3,0,True,0,car,3409.630555555556,0.7364440847820823,1332.9937767164172,1856.7246387591535,1820.3751501144432,car,0 days 01:46:10.959000
2024-06-23 13:52:28.757,0 days 01:46:11.439000,0 days 00:00:58.275000,8851,130,3,0,True,0,car,3426.963888888889,0.7401879011853258,1425.4528166582345,1969.6015116315352,1818.802314796156,car,0 days 01:46:11.439000
2024-06-23 13:52:28.958,0 days 01:46:11.640000,0 days 00:00:58.476000,8432,124,3,0,True,0,car,3433.887222222222,0.7416832678525445,1451.8355125996402,2036.2049528498621,1817.986713124974,car,0 days 01:46:11.640000
2024-06-23 13:52:29.358,0 days 01:46:12.040000,0 days 00:00:58.876000,7927,117,3,0,True,0,car,3446.887222222222,0.7444911301549771,1458.3759162137785,2179.4017175893405,1816.7891139786539,car,0 days 01:46:12.040000
2024-06-23 13:52:29.678,0 days 01:46:12.360000,0 days 00:00:59.196000,7600,109,3,0,False,0,car,3456.576111111111,0.746583827529098,1425.7286775669322,2308.4690412186637,1818.5840328985382,car,0 days 01:46:12.360000
2024-06-23 13:52:29.838,0 days 01:46:12.520000,0 days 00:00:59.356000,7493,108,3,0,False,0,car,3461.376111111111,0.7476205766869193,1405.7178161734291,2348.2766541298315,1819.9540860538739,car,0 days 01:46:12.520000
2024-06-23 13:52:30.118,0 days 01:46:12.800000,0 days 00:00:59.636000,7242,106,3,0,False,0,car,3469.6205555555557,0.7494012893607698,1374.4639067648936,2398.546926677891,1821.4213151677263,car,0 days 01:46:12.800000
2024-06-23 13:52:30.397,0 days 01:46:13.079000,0 days 00:00:59.915000,7337,100,3,28,False,0,car,3477.3705555555557,0.7510752072718354,1338.33416357942,2446.5816243580257,1822.6843354751004,car,0 days 01:46:13.079000
2024-06-23 13:52:30.677,0 days 01:46:13.359000,0 days 00:01:00.195000,7681,102,3,45,False,0,car,3485.303888888889,0.7527887232410123,1282.5346712765736,2506.184272364688,1824.782514812083,car,0 days 01:46:13.359000
2024-06-23 13:52:30.877,0 days 01:46:13.559000,0 days 00:01:00.395000,7864,105,3,45,False,0,car,3491.1372222222226,0.7540486614536424,1240.487456060967,2541.4538931600164,1825.6894653500071,car,0 days 01:46:13.559000
2024-06-23 13:52:31.237,0 days 01:46:13.919000,0 days 00:01:00.755000,8244,109,3,51,False,0,car,3502.0372222222227,0.7564029459995283,1151.044235051162,2594.4180101064876,1828.1146990159486,car,0 days 01:46:13.919000
2024-06-23 13:52:31.437,0 days 01:46:14.119000,0 days 00:01:00.955000,8415,114,3,57,False,0,car,3508.3705555555557,0.757770878916098,1085.0451649986612,2618.697244945236,1829.3399721585597,car,0 days 01:46:14.119000
2024-06-23 13:52:31.717,0 days 01:46:14.399000,0 days 00:01:01.235000,9025,121,3,60,False,0,car,3517.7816666666668,0.7598035792324744,963.2413025923204,2649.691367111,1831.9223801463263,car,0 days 01:46:14.399000
2024-06-23 13:52:31.957,0 days 01:46:14.639000,0 days 00:01:01.475000,9556,126,3,70,False,0,car,3526.181666666667,0.7616178902586618,923.0837301565208,2653.446642869423,1833.414570371461,car,0 days 01:46:14.639000
2024-06-23 13:52:32.117,0 days 01:46:14.799000,0 days 00:01:01.635000,9866,132,3,75,False,0,car,3532.048333333333,0.762885028118221,867.7767557449351,2658.913063270703,1834.6271783589834,car,0 days 01:46:14.799000
2024-06-23 13:52:32.357,0 days 01:46:15.039000,0 days 00:01:01.875000,10485,138,3,82,False,0,car,3541.2483333333334,0.7648721306707119,756.311430285615,2657.5853826336515,1836.7613893817634,car,0 days 01:46:15.039000
2024-06-23 13:52:32.517,0 days 01:46:15.199000,0 days 00:01:02.035000,10534,145,3,83,False,0,car,3547.692777777778,0.7662640624103794,667.6888404055927,2647.113173557401,1838.3813831339353,car,0 days 01:46:15.199000
2024-06-23 13:52:32.837,0 days 01:46:15.519000,0 days 00:01:02.355000,9534,152,4,90,False,0,car,3561.2038888888887,0.7691823192990616,523.8034453682548,2616.5195982639816,1841.588149969742,car,0 days 01:46:15.519000
2024-06-23 13:52:33.077,0 days 01:46:15.759000,0 days 00:01:02.595000,10268,166,4,100,False,0,car,3572.2705555555553,0.771572602079594,447.69478090939515,2588.8805519291236,1844.0107219009783,car,0 days 01:46:15.759000
2024-06-23 13:52:33.317,0 days 01:46:15.999000,0 days 00:01:02.835000,10535,173,4,100,False,0,car,3583.8038888888887,0.7740636799171369,371.62855825777774,2555.8163790095186,1847.016551228282,car,0 days 01:46:15.999000
2024-06-23 13:52:33.597,0 days 01:46:16.279000,0 days 00:01:03.115000,11286,184,4,100,False,0,car,3598.115,0.7771547283321225,254.07472600597958,2490.849773325007,1852.9727720219996,car,0 days 01:46:16.279000
2024-06-23 13:52:33.837,0 days 01:46:16.519000,0 days 00:01:03.355000,11563,190,4,100,False,0,car,3610.7816666666663,0.7798905941652621,144.8549962061818,2418.584210181294,1859.7203916634803,car,0 days 01:46:16.519000
2024-06-23 13:52:34.277,0 days 01:46:16.959000,0 days 00:01:03.795000,11390,198,4,0,True,0,car,3634.9816666666666,0.7851175378359445,-45.54206324896329,2285.169264570551,1869.5440282765835,car,0 days 01:46:16.959000
2024-06-23 13:52:34.677,0 days 01:46:17.359000,0 days 00:01:04.195000,10129,173,4,0,True,0,car,3654.2038888888883,0.7892693342318492,-211.98292640062425,2199.2411710213264,1875.7487010548034,car,0 days 01:46:17.359000
2024-06-23 13:52:34.837,0 days 01:46:17.519000,0 days 00:01:04.355000,10766,173,4,0,True,0,car,3661.8927777777776,0.7909300527902111,-297.4391557341509,2167.6360688478353,1878.8856558811606,car,0 days 01:46:17.519000
2024-06-23 13:52:34.997,0 days 01:46:17.679000,0 days 00:01:04.515000,11083,159,3,0,True,0,car,3668.959444444444,0.7924563779392259,-401.57812529627125,2142.041469152466,1882.9640001525165,car,0 days 01:46:17.679000
2024-06-23 13:52:35.317,0 days 01:46:17.999000,0 days 00:01:04.835000,10218,155,3,0,True,0,car,3682.7372222222216,0.7954322320033425,-497.5336756136384,2122.1406088503836,1887.0411346167218,car,0 days 01:46:17.999000
2024-06-23 13:52:35.477,0 days 01:46:18.159000,0 days 00:01:04.995000,9790,140,3,0,True,0,car,3688.959444444444,0.7967761660968146,-544.6717775231699,2123.3272620060934,1889.4317011216344,car,0 days 01:46:18.159000
2024-06-23 13:52:35.718,0 days 01:46:18.400000,0 days 00:01:05.236000,9361,134,3,0,True,0,car,3697.93,0.7987137110796086,-677.4109087572101,2130.0292033403475,1896.0210652159167,car,0 days 01:46:18.400000
2024-06-23 13:52:35.918,0 days 01:46:18.600000,0 days 00:01:05.436000,8983,129,3,0,True,0,car,3705.096666666667,0.8002616351694113,-722.17479464249,2136.116052219074,1898.5244044225199,car,0 days 01:46:18.600000
2024-06-23 13:52:36.398,0 days 01:46:19.080000,0 days 00:01:05.916000,8519,119,3,0,False,0,car,3720.963333333333,0.803688667107765,-891.7800800056266,2223.7351220951964,1906.7734001698423,car,0 days 01:46:19.080000
2024-06-23 13:52:36.558,0 days 01:46:19.240000,0 days 00:01:06.076000,8309,119,3,0,False,0,car,3726.252222222222,0.8048310110872162,-921.8368287899887,2248.523706674586,1907.6246224755293,car,0 days 01:46:19.240000
2024-06-23 13:52:36.758,0 days 01:46:19.440000,0 days 00:01:06.276000,8166,116,3,0,False,0,car,3732.6966666666663,0.8062229428268837,-945.1702164868591,2281.520254895233,1907.8629876984046,car,0 days 01:46:19.440000
2024-06-23 13:52:36.997,0 days 01:46:19.679000,0 days 00:01:06.515000,7957,112,3,5,False,0,car,3740.132222222222,0.8078289440685829,-985.475931154592,2344.284916148378,1909.1433195052884,car,0 days 01:46:19.679000
2024-06-23 13:52:37.357,0 days 01:46:20.039000,0 days 00:01:06.875000,8232,110,3,35,False,0,car,3751.132222222222,0.8102048275552567,-1031.6825165638147,2454.1593867285005,1911.51980576,car,0 days 01:46:20.039000
2024-06-23 13:52:37.597,0 days 01:46:20.279000,0 days 00:01:07.115000,8232,112,3,41,False,0,car,3758.5988888888887,0.8118175484674232,-1044.0976663784115,2513.02426296913,1912.7530866250559,car,0 days 01:46:20.279000
2024-06-23 13:52:37.957,0 days 01:46:20.639000,0 days 00:01:07.475000,8759,115,3,43,False,0,car,3770.0988888888887,0.8143014266580366,-1047.7238328245328,2653.109333178557,1914.7728947296862,car,0 days 01:46:20.639000
2024-06-23 13:52:38.157,0 days 01:46:20.839000,0 days 00:01:07.675000,8756,117,3,48,False,0,car,3776.5988888888887,0.815705357809253,-1041.031809397626,2720.9907676379107,1915.5536188863923,car,0 days 01:46:20.839000
2024-06-23 13:52:38.397,0 days 01:46:21.079000,0 days 00:01:07.915000,9065,121,3,51,False,0,car,3784.665555555556,0.8174476723661472,-1027.3023227058604,2776.3825495035953,1916.6616323564601,car,0 days 01:46:21.079000
2024-06-23 13:52:38.637,0 days 01:46:21.319000,0 days 00:01:08.155000,9517,123,3,57,False,0,car,3792.8655555555556,0.8192187855107586,-1001.4085085355932,2855.971741726011,1918.1194839285643,car,0 days 01:46:21.319000
2024-06-23 13:52:38.877,0 days 01:46:21.559000,0 days 00:01:08.395000,9928,129,3,59,False,0,car,3801.4655555555555,0.8210762944185217,-967.8365014673736,2930.3259091786426,1919.0006377670152,car,0 days 01:46:21.559000
2024-06-23 13:52:39.077,0 days 01:46:21.759000,0 days 00:01:08.595000,10172,133,3,68,False,0,car,3808.8544444444447,0.8226722161545198,-934.8804883468563,2992.7971883197033,1919.2815043437506,car,0 days 01:46:21.759000
2024-06-23 13:52:39.317,0 days 01:46:21.999000,0 days 00:01:08.835000,10580,140,3,72,False,0,car,3818.1877777777777,0.8246881172947279,-874.3236494883595,3077.5805445270566,1921.2279413615381,car,0 days 01:46:21.999000
2024-06-23 13:52:39.597,0 days 01:46:22.279000,0 days 00:01:09.115000,11334,149,3,85,False,0,car,3829.7766666666666,0.8271911945438196,-763.5293314637145,3203.935305033938,1923.6339952502126,car,0 days 01:46:22.279000
2024-06-23 13:52:39.957,0 days 01:46:22.639000,0 days 00:01:09.475000,11116,159,3,92,False,0,car,3845.6766666666667,0.8306254261291026,-698.9532456061492,3259.0051271296916,1922.5648706754832,car,0 days 01:46:22.639000
2024-06-23 13:52:40.237,0 days 01:46:22.919000,0 days 00:01:09.755000,10795,166,4,100,False,0,car,3858.587777777778,0.8334140893730572,-555.5594089452322,3375.0955307307704,1921.178696384729,car,0 days 01:46:22.919000
2024-06-23 13:52:40.397,0 days 01:46:23.079000,0 days 00:01:09.915000,11081,178,4,100,False,0,car,3866.4988888888893,0.8351228055776145,-476.7998227849675,3436.6075538904092,1920.398198688191,car,0 days 01:46:23.079000
2024-06-23 13:52:40.677,0 days 01:46:23.359000,0 days 00:01:10.195000,11615,190,4,100,False,0,car,3881.276666666666,0.8383146490496105,-388.41649339128486,3505.0935135092686,1918.7127628864305,car,0 days 01:46:23.359000
2024-06-23 13:52:40.837,0 days 01:46:23.519000,0 days 00:01:10.355000,11945,193,4,100,False,0,car,3889.8544444444447,0.8401673581927543,-340.5318746665896,3544.3701646722707,1917.5292213786292,car,0 days 01:46:23.519000
2024-06-23 13:52:41.037,0 days 01:46:23.719000,0 days 00:01:10.555000,12200,200,4,100,False,0,car,3900.965555555556,0.8425672405025258,-271.4793823021052,3603.3094626356983,1915.8047172117306,car,0 days 01:46:23.719000
2024-06-23 13:52:41.357,0 days 01:46:24.039000,0 days 00:01:10.875000,11006,205,5,100,False,0,car,3919.1877777777777,0.846503047490551,-125.81869407552998,3728.7366880196787,1912.1932785254107,car,0 days 01:46:24.039000
2024-06-23 13:52:41.517,0 days 01:46:24.199000,0 days 00:01:11.035000,11006,215,5,100,False,0,car,3928.743333333333,0.8485669462769545,-59.21542918771264,3785.4279858989776,1909.4993890078174,car,0 days 01:46:24.199000
2024-06-23 13:52:41.757,0 days 01:46:24.439000,0 days 00:01:11.275000,11469,220,5,100,False,0,car,3943.4100000000003,0.8517347909258531,113.24678129837407,3921.9117568558318,1902.1041064742908,car,0 days 01:46:24.439000
2024-06-23 13:52:41.957,0 days 01:46:24.639000,0 days 00:01:11.475000,11569,225,5,100,False,0,car,3955.9099999999994,0.8544346585243459,192.8194663648897,3981.5613893582313,1898.2716112740968,car,0 days 01:46:24.639000
2024-06-23 13:52:42.118,0 days 01:46:24.800000,0 days 00:01:11.636000,11569,225,5,100,False,0,car,3965.9724999999994,0.8566080519411327,236.4191090774347,4006.231465083151,1895.9801783827397,car,0 days 01:46:24.800000
2024-06-23 13:52:42.398,0 days 01:46:25.080000,0 days 00:01:11.916000,10503,233,6,100,False,0,car,3984.0947222222217,0.8605222599883701,394.93546696949215,4084.1420307523244,1888.8407792876474,car,0 days 01:46:25.080000
2024-06-23 13:52:42.638,0 days 01:46:25.320000,0 days 00:01:12.156000,10378,235,6,100,False,0,car,3999.761388888889,0.8639060940451481,544.695981643191,4125.335505396903,1882.284791760555,car,0 days 01:46:25.320000
2024-06-23 13:52:42.958,0 days 01:46:25.640000,0 days 00:01:12.476000,10415,232,6,61,False,0,car,4020.383611111111,0.868360275612084,760.7159284652753,4138.069961217221,1871.034920781065,car,0 days 01:46:25.640000
2024-06-23 13:52:43.118,0 days 01:46:25.800000,0 days 00:01:12.636000,10415,233,6,61,False,0,car,4030.7391666666663,0.870596965924791,856.6055255287789,4126.904074418679,1865.9686058054344,car,0 days 01:46:25.800000
2024-06-23 13:52:43.438,0 days 01:46:26.120000,0 days 00:01:12.956000,10611,234,6,94,False,0,car,4051.539166666667,0.8750895456086835,1061.7756775560424,4078.3165622713996,1854.2232116926261,car,0 days 01:46:26.120000
2024-06-23 13:52:43.757,0 days 01:46:26.439000,0 days 00:01:13.275000,10874,239,6,100,False,0,pos,4072.7172222222225,0.8796637812881657,1257.0,3998.0,1842.0,car,0 days 01:46:26.439000
2024-06-23 13:52:43.957,0 days 01:46:26.639000,0 days 00:01:13.475000,10907,242,6,100,False,0,car,4086.1616666666664,0.8825676388829892,1383.1579458683248,3934.211315559862,1834.6870459240658,car,0 days 01:46:26.639000
2024-06-23 13:52:44.237,0 days 01:46:26.919000,0 days 00:01:13.755000,11104,246,6,100,False,0,car,4105.295,0.8867002362204158,1543.0771177892018,3841.561143105802,1826.2799722309685,car,0 days 01:46:26.919000
2024-06-23 13:52:44.517,0 days 01:46:27.199000,0 days 00:01:14.035000,11222,251,6,100,False,0,car,4124.817222222222,0.8909168294386843,1710.146196890938,3735.213897729023,1815.794133113357,car,0 days 01:46:27.199000
2024-06-23 13:52:44.917,0 days 01:46:27.599000,0 days 00:01:14.435000,11463,257,6,100,False,0,car,4153.372777777778,0.8970845269747971,1958.2411338518407,3576.2327609305644,1800.2558239956768,car,0 days 01:46:27.599000
2024-06-23 13:52:45.197,0 days 01:46:27.879000,0 days 00:01:14.715000,11287,260,6,48,False,0,car,4173.595,0.9014523127785814,2184.083278203322,3431.1277398329303,1787.4031010535825,car,0 days 01:46:27.879000
2024-06-23 13:52:45.477,0 days 01:46:28.159000,0 days 00:01:14.995000,11404,260,6,17,False,0,car,4193.817222222223,0.9058200985823657,2369.365845972928,3304.8657432831783,1777.69368176202,car,0 days 01:46:28.159000
2024-06-23 13:52:45.677,0 days 01:46:28.359000,0 days 00:01:15.195000,10961,252,6,18,False,0,car,4207.817222222222,0.9088439502926776,2439.326671818968,3253.0342093904073,1774.4205455751858,car,0 days 01:46:28.359000
2024-06-23 13:52:45.957,0 days 01:46:28.639000,0 days 00:01:15.475000,10801,250,6,21,False,0,car,4227.261666666666,0.9130437443347778,2528.181506079827,3178.505954845781,1770.6000568805732,car,0 days 01:46:28.639000
2024-06-23 13:52:46.197,0 days 01:46:28.879000,0 days 00:01:15.715000,10704,241,6,36,False,0,car,4243.328333333334,0.9165139741547076,2662.7987514482634,3035.4842527407623,1763.1010181952956,car,0 days 01:46:28.879000
2024-06-23 13:52:46.437,0 days 01:46:29.119000,0 days 00:01:15.955000,10569,238,6,55,False,0,car,4259.195,0.9199410060930612,2787.1577354189117,2858.51527021209,1754.8028242840442,car,0 days 01:46:29.119000
2024-06-23 13:52:46.677,0 days 01:46:29.359000,0 days 00:01:16.195000,10522,235,6,55,False,0,car,4274.861666666666,0.9233248401498388,2814.994370077976,2777.6568982794406,1753.6654333481342,car,0 days 01:46:29.359000
2024-06-23 13:52:46.997,0 days 01:46:29.679000,0 days 00:01:16.515000,10262,235,6,77,False,0,car,4295.750555555555,0.9278366188922095,2871.109725579207,2569.3738084905135,1747.9720403726394,car,0 days 01:46:29.679000
2024-06-23 13:52:47.157,0 days 01:46:29.839000,0 days 00:01:16.675000,10402,232,6,77,False,0,car,4306.0616666666665,0.9300637096756775,2881.8037272921597,2471.67487474046,1743.5944066490988,car,0 days 01:46:29.839000
2024-06-23 13:52:47.517,0 days 01:46:30.199000,0 days 00:01:17.035000,10746,235,6,100,False,0,car,4329.5616666666665,0.9351394607608443,2870.982605540048,2239.6243732171747,1740.1151334027522,car,0 days 01:46:30.199000
2024-06-23 13:52:47.717,0 days 01:46:30.399000,0 days 00:01:17.235000,10782,237,6,100,False,0,car,4342.7283333333335,0.9379833212979236,2817.4752140591295,2054.053516698602,1736.2558002624514,car,0 days 01:46:30.399000
2024-06-23 13:52:47.997,0 days 01:46:30.679000,0 days 00:01:17.515000,11011,241,6,100,False,0,car,4361.472777777778,0.9420319227545082,2750.080388583619,1887.1182286156989,1733.539659250528,car,0 days 01:46:30.679000
2024-06-23 13:52:48.197,0 days 01:46:30.879000,0 days 00:01:17.715000,11090,243,6,100,False,0,car,4374.972777777778,0.9449477797608806,2701.362172690183,1804.2375574018847,1732.7092817430985,car,0 days 01:46:30.879000
2024-06-23 13:52:48.637,0 days 01:46:31.319000,0 days 00:01:18.155000,11297,249,6,100,False,0,pos,4405.406111111111,0.9515210574073448,2547.0,1553.0,1729.0,car,0 days 01:46:31.319000
2024-06-23 13:52:48.878,0 days 01:46:31.560000,0 days 00:01:18.396000,11386,254,6,100,False,0,car,4422.41,0.9551937173001036,2458.809464164655,1418.537089921381,1726.3459544932618,car,0 days 01:46:31.560000
2024-06-23 13:52:49.078,0 days 01:46:31.760000,0 days 00:01:18.596000,11394,256,6,100,False,0,car,4436.6322222222225,0.9582655666566112,2360.3981813372075,1267.6687232957943,1723.7669644568546,car,0 days 01:46:31.760000
2024-06-23 13:52:49.278,0 days 01:46:31.960000,0 days 00:01:18.796000,11552,257,6,100,False,0,car,4450.910000000001,0.9613494154246678,2237.907161207697,1079.2008142182435,1720.1170069901393,car,0 days 01:46:31.960000
2024-06-23 13:52:49.598,0 days 01:46:32.280000,0 days 00:01:19.116000,11726,262,6,100,False,0,car,4474.198888888889,0.9663795687459488,2149.8003212693716,942.7021728076837,1718.3961857642512,car,0 days 01:46:32.280000
2024-06-23 13:52:49.798,0 days 01:46:32.480000,0 days 00:01:19.316000,11322,265,6,100,False,0,car,4488.921111111112,0.9695594128063961,2097.9313997994636,863.537256991074,1716.7831899912437,car,0 days 01:46:32.480000
2024-06-23 13:52:49.998,0 days 01:46:32.680000,0 days 00:01:19.516000,10622,267,7,100,False,0,car,4503.754444444446,0.9727632556899413,2023.7937178928369,750.4944255640138,1714.498288789432,car,0 days 01:46:32.680000
2024-06-23 13:52:50.198,0 days 01:46:32.880000,0 days 00:01:19.716000,10711,268,7,100,False,0,car,4518.643333333333,0.9759790979850349,1889.4619259553667,543.4497967702446,1711.8177977957432,car,0 days 01:46:32.880000
2024-06-23 13:52:50.437,0 days 01:46:33.119000,0 days 00:01:19.955000,10756,272,7,100,False,0,car,4536.7011111111115,0.9798793867148756,1816.6995328483915,431.79958606284026,1710.2372890141667,car,0 days 01:46:33.119000
2024-06-23 13:52:50.597,0 days 01:46:33.279000,0 days 00:01:20.115000,10908,274,7,100,False,0,car,4548.878888888889,0.9825096577263852,1772.7098410951864,364.846384395033,1709.7281736249101,car,0 days 01:46:33.279000
2024-06-23 13:52:50.757,0 days 01:46:33.439000,0 days 00:01:20.275000,10970,275,7,100,False,0,car,4561.101111111112,0.985149528267134,1700.5699745072309,254.13583959037294,1708.5797828312946,car,0 days 01:46:33.439000
2024-06-23 13:52:51.037,0 days 01:46:33.719000,0 days 00:01:20.555000,11017,278,7,100,False,0,car,4582.723333333334,0.9898196992419493,1589.774426470241,82.62503692422005,1707.0455698047099,car,0 days 01:46:33.719000
2024-06-23 13:52:51.397,0 days 01:46:34.079000,0 days 00:01:20.915000,11171,282,7,100,False,0,car,4610.923333333334,0.9959106005441495,1463.5728928022907,-113.25870038447917,1707.176271235529,car,0 days 01:46:34.079000
