Date_x,SessionTime_x,Time,RPM_x,Speed_x,nGear_x,Throttle_x,Brake_x,DRS_x,Source_x,Distance,RelativeDistance,X,Y,Z,Source_y,SessionTime_y
2024-03-24 04:48:37.338,0 days 01:43:54.140000,0 days 00:00:00.052000,10634,296,7,100,False,0,car,4.316666666666663,0.0008307812915323803,-1270.8578806138119,-1262.2280721260702,84.27937690491954,car,0 days 01:43:54.140000
2024-03-24 04:48:37.618,0 days 01:43:54.420000,0 days 00:00:00.332000,10698,299,8,99,False,0,car,27.572222222222223,0.005306521943211335,-1464.0682243233348,-1077.3128017192057,83.07517006809296,car,0 days 01:43:54.420000
2024-03-24 04:48:38.018,0 days 01:43:54.820000,0 days 00:00:00.732000,10625,300,8,99,False,0,car,60.90555555555555,0.01172182149172393,-1678.685385907103,-873.2381650422433,81.43147869097302,car,0 days 01:43:54.820000
2024-03-24 04:48:38.258,0 days 01:43:55.060000,0 days 00:00:00.972000,10625,301,8,99,False,0,car,80.97222222222221,0.015583831819928512,-1831.8035963296684,-726.4244985819573,79.41914697375397,car,0 days 01:43:55.060000
2024-03-24 04:48:38.659,0 days 01:43:55.461000,0 days 00:00:01.373000,10710,301,8,100,False,0,car,114.50027777777777,0.022036607409970335,-2077.9539822522074,-494.49817693782353,78.75805647371841,car,0 days 01:43:55.461000
2024-03-24 04:48:38.819,0 days 01:43:55.621000,0 days 00:00:01.533000,10710,301,8,100,False,0,car,127.87805555555553,0.02461128096210672,-2164.953002595995,-410.0117114560091,78.00948824118494,car,0 days 01:43:55.621000
2024-03-24 04:48:39.019,0 days 01:43:55.821000,0 days 00:00:01.733000,10703,302,8,100,False,0,car,144.65583333333333,0.027840315068191398,-2285.2069531631964,-294.7117831781519,77.01164442864379,car,0 days 01:43:55.821000
2024-03-24 04:48:39.219,0 days 01:43:56.021000,0 days 00:00:01.933000,10714,302,8,100,False,0,car,161.4336111111111,0.03106934917427607,-2488.481186589493,-101.13778389215555,75.79261323430255,car,0 days 01:43:56.021000
2024-03-24 04:48:39.459,0 days 01:43:56.261000,0 days 00:00:02.173000,10649,300,8,100,False,0,car,181.4336111111111,0.03491852890338363,-2570.673546255164,-24.94795194166756,74.93947642319128,car,0 days 01:43:56.261000
2024-03-24 04:48:39.779,0 days 01:43:56.581000,0 days 00:00:02.493000,10608,299,8,100,False,0,car,208.01138888888886,0.040033661076730995,-2806.6144371233318,198.1515269382318,75.72327240890083,car,0 days 01:43:56.581000
2024-03-24 04:48:39.978,0 days 01:43:56.780000,0 days 00:00:02.692000,10573,298,8,100,False,0,car,224.48416666666665,0.04320399519194679,-2950.371245619138,334.7087656048549,76.13271511992866,car,0 days 01:43:56.780000
2024-03-24 04:48:40.218,0 days 01:43:57.020000,0 days 00:00:02.932000,10427,294,8,100,False,0,car,244.08416666666665,0.04697619132647219,-3023.9882390938255,404.0937363852326,75.86726664779317,car,0 days 01:43:57.020000
2024-03-24 04:48:40.458,0 days 01:43:57.260000,0 days 00:00:03.172000,9180,266,8,0,True,0,car,261.8175,0.05038913068628089,-3140.157392674603,512.831791164132,76.6936751199093,car,0 days 01:43:57.260000
2024-03-24 04:48:40.898,0 days 01:43:57.700000,0 days 00:00:03.612000,9666,215,8,0,True,0,car,288.09527777777777,0.055446525163691654,-3370.959823530991,734.5154502310884,79.64189180398408,car,0 days 01:43:57.700000
2024-03-24 04:48:41.058,0 days 01:43:57.860000,0 days 00:00:03.772000,10042,196,7,0,True,0,car,296.8063888888889,0.05712305677903628,-3406.7483445441057,774.4923196034572,80.30345238087057,car,0 days 01:43:57.860000
2024-03-24 04:48:41.258,0 days 01:43:58.060000,0 days 00:00:03.972000,9533,185,6,0,True,0,car,307.08416666666665,0.059101107473160996,-3482.149997883986,860.0874395290391,81.2252500198804,car,0 days 01:43:58.060000
2024-03-24 04:48:41.498,0 days 01:43:58.300000,0 days 00:00:04.212000,9136,177,5,0,True,0,car,318.88416666666666,0.06137212351333445,-3552.624261555745,954.8214906962813,80.94120704645228,car,0 days 01:43:58.300000
2024-03-24 04:48:41.658,0 days 01:43:58.460000,0 days 00:00:04.372000,8861,171,5,0,True,0,car,326.4841666666667,0.06283481181039532,-3593.648964711218,1019.9566149626922,80.19215411809215,car,0 days 01:43:58.460000
2024-03-24 04:48:41.858,0 days 01:43:58.660000,0 days 00:00:04.572000,8861,169,5,0,True,0,car,335.8730555555556,0.06464178784989305,-3635.0627543227683,1100.4288155350991,79.9646448391716,car,0 days 01:43:58.660000
2024-03-24 04:48:42.018,0 days 01:43:58.820000,0 days 00:00:04.732000,8530,163,5,0,False,0,car,343.11750000000006,0.06603604628510312,-3658.695780967735,1200.719001227883,80.4267949421707,car,0 days 01:43:58.820000
2024-03-24 04:48:42.338,0 days 01:43:59.140000,0 days 00:00:05.052000,8547,158,5,28,False,0,car,357.1619444444445,0.06873902582820976,-3672.507740149805,1342.7954454786693,81.49655970174071,car,0 days 01:43:59.140000
2024-03-24 04:48:42.698,0 days 01:43:59.500000,0 days 00:00:05.412000,8686,159,5,54,False,0,car,373.0619444444445,0.07179912371285027,-3650.015773289203,1468.6946748999003,82.8731179536261,car,0 days 01:43:59.500000
2024-03-24 04:48:43.018,0 days 01:43:59.820000,0 days 00:00:05.732000,9051,167,5,69,False,0,car,387.90638888888896,0.07465607044512122,-3616.319031025584,1612.9155036877685,82.46612355776986,car,0 days 01:43:59.820000
2024-03-24 04:48:43.218,0 days 01:44:00.020000,0 days 00:00:05.932000,9371,175,5,100,False,0,car,397.6286111111112,0.07652719948010406,-3593.474290646155,1703.5183865184172,81.75428479231013,car,0 days 01:44:00.020000
2024-03-24 04:48:43.618,0 days 01:44:00.420000,0 days 00:00:06.332000,9980,185,5,100,False,0,car,418.1841666666667,0.0804833008683535,-3554.890632671557,1897.4525935478273,82.0509363118638,car,0 days 01:44:00.420000
2024-03-24 04:48:43.818,0 days 01:44:00.620000,0 days 00:00:06.532000,10419,195,5,99,False,0,car,429.01750000000004,0.08256827322162008,-3550.516308564573,2005.7189658801594,83.04410049805705,car,0 days 01:44:00.620000
2024-03-24 04:48:43.978,0 days 01:44:00.780000,0 days 00:00:06.692000,10744,198,5,100,False,0,car,437.81750000000005,0.08426191230242741,-3561.509261006994,2151.7761865664015,82.99469544026944,car,0 days 01:44:00.780000
2024-03-24 04:48:44.218,0 days 01:44:01.020000,0 days 00:00:06.932000,11014,206,5,100,False,0,car,451.5508333333334,0.0869050157164146,-3573.4627251488964,2247.352243900402,83.58054660907801,car,0 days 01:44:01.020000
2024-03-24 04:48:44.458,0 days 01:44:01.260000,0 days 00:00:07.172000,11466,212,5,100,False,0,car,465.68416666666667,0.08962510272498393,-3597.3679698930164,2349.9432982642525,84.59861264840708,car,0 days 01:44:01.260000
2024-03-24 04:48:44.818,0 days 01:44:01.620000,0 days 00:00:07.532000,11718,222,5,100,False,0,car,487.8841666666667,0.09389769222429332,-3679.159217307962,2569.956210060595,85.04815834226643,car,0 days 01:44:01.620000
2024-03-24 04:48:45.019,0 days 01:44:01.821000,0 days 00:00:07.733000,10601,226,5,99,False,0,car,500.5025,0.09632620386838275,-3739.4053509132136,2675.009105194225,85.73993853126255,car,0 days 01:44:01.821000
2024-03-24 04:48:45.179,0 days 01:44:01.981000,0 days 00:00:07.893000,10559,228,6,99,False,0,car,510.6358333333333,0.09827645493113059,-3806.3939106080843,2769.9694314171566,86.41703713476556,car,0 days 01:44:01.981000
2024-03-24 04:48:45.499,0 days 01:44:02.301000,0 days 00:00:08.213000,10875,232,6,99,False,0,car,531.2580555555555,0.10224538691847704,-3938.724197561574,2930.4903539566853,88.24422546541625,car,0 days 01:44:02.301000
2024-03-24 04:48:45.859,0 days 01:44:02.661000,0 days 00:00:08.573000,11201,242,6,99,False,0,car,555.4580555555556,0.1069028943906972,-4104.986821388733,3090.227827799114,89.05254104929824,car,0 days 01:44:02.661000
2024-03-24 04:48:46.059,0 days 01:44:02.861000,0 days 00:00:08.773000,11345,246,6,100,False,0,car,569.1247222222222,0.10953316720558735,-4217.04419077295,3187.8211045142116,88.22447907096561,car,0 days 01:44:02.861000
2024-03-24 04:48:46.379,0 days 01:44:03.181000,0 days 00:00:09.093000,11557,252,6,100,False,0,car,591.5247222222222,0.11384424850218781,-4381.02798559595,3329.9788499643314,87.9172460989698,car,0 days 01:44:03.181000
2024-03-24 04:48:46.579,0 days 01:44:03.381000,0 days 00:00:09.293000,11741,255,6,100,False,0,car,605.6913888888888,0.11657075081030566,-4481.611426668144,3419.661374680235,87.98885490564213,car,0 days 01:44:03.381000
2024-03-24 04:48:46.938,0 days 01:44:03.740000,0 days 00:00:09.652000,11920,262,6,100,False,0,car,631.8186111111111,0.12159916951808898,-4691.996164048373,3613.1065536728775,88.9927346680508,car,0 days 01:44:03.740000
2024-03-24 04:48:47.338,0 days 01:44:04.140000,0 days 00:00:10.052000,10693,267,7,100,False,0,car,661.4852777777778,0.1273087861162652,-4939.310354305455,3852.3790079692403,89.11909997150092,car,0 days 01:44:04.140000
2024-03-24 04:48:47.738,0 days 01:44:04.540000,0 days 00:00:10.452000,10926,273,7,100,False,0,car,691.8186111111112,0.13314670870541168,-5098.944100609436,4015.998816448291,90.01814884053802,car,0 days 01:44:04.540000
2024-03-24 04:48:48.098,0 days 01:44:04.900000,0 days 00:00:10.812000,11083,274,7,99,False,0,car,719.2186111111112,0.138420084934289,-5320.963881854912,4248.174283873723,90.32081377606585,car,0 days 01:44:04.900000
2024-03-24 04:48:48.298,0 days 01:44:05.100000,0 days 00:00:11.012000,11180,279,7,100,False,0,car,734.7186111111113,0.1414031992243474,-5387.395584115377,4320.149012232112,89.86080800764525,car,0 days 01:44:05.100000
2024-03-24 04:48:48.538,0 days 01:44:05.340000,0 days 00:00:11.252000,11307,281,7,99,False,0,car,753.4519444444446,0.1450085975706115,-5514.039472153816,4461.075189464899,88.1115873689614,car,0 days 01:44:05.340000
2024-03-24 04:48:48.978,0 days 01:44:05.780000,0 days 00:00:11.692000,11412,286,7,100,False,0,car,788.4075000000001,0.15173610836381834,-5765.046656637391,4749.320998475824,87.43921047167814,car,0 days 01:44:05.780000
2024-03-24 04:48:49.378,0 days 01:44:06.180000,0 days 00:00:12.092000,11489,286,7,99,False,0,car,820.185277777778,0.1578520272667337,-5980.789296098403,5010.517658278299,87.96450526534545,car,0 days 01:44:06.180000
2024-03-24 04:48:49.618,0 days 01:44:06.420000,0 days 00:00:12.332000,11455,287,7,100,False,0,car,839.3186111111113,0.16153440920757992,-6062.825097189368,5116.043282808418,86.73570774317204,car,0 days 01:44:06.420000
2024-03-24 04:48:49.858,0 days 01:44:06.660000,0 days 00:00:12.572000,11557,288,7,99,False,0,car,858.5186111111111,0.16522962174752315,-6176.462881946434,5265.164409620467,84.82713344079168,car,0 days 01:44:06.660000
2024-03-24 04:48:50.058,0 days 01:44:06.860000,0 days 00:00:12.772000,11550,289,7,100,False,0,car,874.5741666666668,0.1683196576967234,-6292.895984435173,5424.096326782916,84.63827281936958,car,0 days 01:44:06.860000
2024-03-24 04:48:50.258,0 days 01:44:07.060000,0 days 00:00:12.972000,11539,289,7,100,False,0,car,890.6297222222223,0.17140969364592362,-6405.643936710998,5579.595571514084,83.95666412969263,car,0 days 01:44:07.060000
2024-03-24 04:48:50.458,0 days 01:44:07.260000,0 days 00:00:13.172000,11541,289,7,100,False,0,car,906.685277777778,0.1744997295951239,-6466.116637295524,5665.283843746214,84.18854476737526,car,0 days 01:44:07.260000
2024-03-24 04:48:50.818,0 days 01:44:07.620000,0 days 00:00:13.532000,11516,288,7,100,False,0,car,935.4852777777779,0.18004254840503875,-6642.216813483269,5922.248313059909,81.95830607972212,car,0 days 01:44:07.620000
2024-03-24 04:48:50.978,0 days 01:44:07.780000,0 days 00:00:13.692000,11519,288,7,100,False,0,car,948.285277777778,0.1825060234316676,-6730.2723666706615,6054.353902839857,81.94275490166018,car,0 days 01:44:07.780000
2024-03-24 04:48:51.258,0 days 01:44:08.060000,0 days 00:00:13.972000,11071,261,7,0,True,0,car,968.585277777778,0.18641294085671176,-6869.770760747034,6264.979670596054,83.55226466737568,car,0 days 01:44:08.060000
2024-03-24 04:48:51.619,0 days 01:44:08.421000,0 days 00:00:14.333000,9532,207,7,0,True,0,car,989.342777777778,0.19040790826805928,-6960.328537290575,6399.925861057712,84.5799752496592,car,0 days 01:44:08.421000
2024-03-24 04:48:51.779,0 days 01:44:08.581000,0 days 00:00:14.493000,9783,194,7,0,True,0,car,997.9650000000003,0.19206733241794122,-7001.233960212467,6464.469152215575,85.72880692471026,car,0 days 01:44:08.581000
2024-03-24 04:48:51.979,0 days 01:44:08.781000,0 days 00:00:14.693000,11015,176,7,0,True,0,car,1007.742777777778,0.19394915361883824,-7083.362908711976,6598.446013844419,88.7622952241334,car,0 days 01:44:08.781000
2024-03-24 04:48:52.179,0 days 01:44:08.981000,0 days 00:00:14.893000,9831,161,6,0,True,0,car,1016.6872222222224,0.19567059233102244,-7127.871252800391,6672.240691575569,89.36321858362406,car,0 days 01:44:08.981000
2024-03-24 04:48:52.419,0 days 01:44:09.221000,0 days 00:00:15.133000,9964,144,4,0,True,0,car,1026.2872222222225,0.1975181986009941,-7137.63918881116,6694.560516578493,87.31210984434053,car,0 days 01:44:09.221000
2024-03-24 04:48:52.579,0 days 01:44:09.381000,0 days 00:00:15.293000,9585,134,3,0,True,0,car,1032.242777777778,0.198664398786995,-7158.062502349156,6740.488983154458,86.73771686136597,car,0 days 01:44:09.381000
2024-03-24 04:48:52.859,0 days 01:44:09.661000,0 days 00:00:15.573000,8480,118,3,0,True,0,car,1041.420555555556,0.2004307445960188,-7190.045963360272,6832.240391564258,88.10001255871974,car,0 days 01:44:09.661000
2024-03-24 04:48:53.099,0 days 01:44:09.901000,0 days 00:00:15.813000,7920,112,3,0,True,0,car,1048.8872222222226,0.20186777169488565,-7205.574304490829,6916.058629898713,86.69139631509114,car,0 days 01:44:09.901000
2024-03-24 04:48:53.259,0 days 01:44:10.061000,0 days 00:00:15.973000,7609,106,3,0,True,0,car,1053.5983333333338,0.2027744673644088,-7208.855390028021,6993.272178142188,86.10617145426096,car,0 days 01:44:10.061000
2024-03-24 04:48:53.618,0 days 01:44:10.420000,0 days 00:00:16.332000,7037,100,3,0,True,0,car,1063.570555555556,0.20469371114600546,-7202.4026068292715,7062.361986378311,85.87759621062821,car,0 days 01:44:10.420000
2024-03-24 04:48:53.898,0 days 01:44:10.700000,0 days 00:00:16.612000,6751,94,3,0,False,0,car,1070.8816666666671,0.20610080018031254,-7184.524008323433,7126.878148594255,86.99470743859278,car,0 days 01:44:10.700000
2024-03-24 04:48:54.058,0 days 01:44:10.860000,0 days 00:00:16.772000,6643,92,3,0,False,0,car,1074.970555555556,0.20688774359159678,-7148.558773590039,7193.041401558769,86.99903389259877,car,0 days 01:44:10.860000
2024-03-24 04:48:54.498,0 days 01:44:11.300000,0 days 00:00:17.212000,6898,90,3,32,False,0,car,1085.970555555556,0.20900479244260595,-7099.093975689709,7244.748526579216,88.77877711737091,car,0 days 01:44:11.300000
2024-03-24 04:48:54.778,0 days 01:44:11.580000,0 days 00:00:17.492000,7338,95,3,38,False,0,car,1093.359444444445,0.2104268505091929,-7014.045830848076,7288.906449215036,89.07272377580102,car,0 days 01:44:11.580000
2024-03-24 04:48:55.058,0 days 01:44:11.860000,0 days 00:00:17.772000,7855,101,3,45,False,0,car,1101.2150000000004,0.211938722769459,-6952.025069045916,7309.193153869562,89.16384056864244,car,0 days 01:44:11.860000
2024-03-24 04:48:55.258,0 days 01:44:12.060000,0 days 00:00:17.972000,8215,105,3,50,False,0,car,1107.0483333333339,0.21306140019044872,-6908.9488267665765,7316.6116946786915,88.74400475302701,car,0 days 01:44:12.060000
2024-03-24 04:48:55.418,0 days 01:44:12.220000,0 days 00:00:18.132000,8544,111,3,51,False,0,car,1111.9816666666673,0.2140108645236286,-6859.736098273185,7324.8170064813585,87.96021757758847,car,0 days 01:44:12.220000
2024-03-24 04:48:55.698,0 days 01:44:12.500000,0 days 00:00:18.412000,9144,117,3,61,False,0,car,1121.0816666666672,0.21576224130037253,-6775.222860428585,7336.43657070593,87.86726786202402,car,0 days 01:44:12.500000
2024-03-24 04:48:55.938,0 days 01:44:12.740000,0 days 00:00:18.652000,9729,127,3,74,False,0,car,1129.5483333333339,0.21739172738569473,-6674.709541358818,7350.4167280400325,86.42901369940114,car,0 days 01:44:12.740000
2024-03-24 04:48:56.098,0 days 01:44:12.900000,0 days 00:00:18.812000,10228,127,3,80,False,0,car,1135.1927777777782,0.2184780514425762,-6591.961813371525,7360.5850801424585,85.89801045412518,car,0 days 01:44:12.900000
2024-03-24 04:48:56.298,0 days 01:44:13.100000,0 days 00:00:19.012000,10881,140,3,97,False,0,car,1142.970555555556,0.21997495467056247,-6513.268491177561,7366.929689501968,86.01303266460391,car,0 days 01:44:13.100000
2024-03-24 04:48:56.578,0 days 01:44:13.380000,0 days 00:00:19.292000,9684,152,3,100,False,0,car,1154.7927777777784,0.22225024757710163,-6353.177017676006,7388.35841010562,85.91211807071521,car,0 days 01:44:13.380000
2024-03-24 04:48:56.898,0 days 01:44:13.700000,0 days 00:00:19.612000,9532,151,3,13,False,0,car,1168.2150000000004,0.2248334748619693,-6274.36811845568,7408.5408597869555,84.96269090166649,car,0 days 01:44:13.700000
2024-03-24 04:48:57.178,0 days 01:44:13.980000,0 days 00:00:19.892000,9122,148,4,3,False,0,car,1179.7261111111115,0.22704889163938902,-6155.4787640786435,7452.139624503138,84.70102315852614,car,0 days 01:44:13.980000
2024-03-24 04:48:57.578,0 days 01:44:14.380000,0 days 00:00:20.292000,8945,143,4,14,False,0,car,1195.6150000000005,0.2301068510908467,-6023.639961463731,7532.844057666741,83.94112343001356,car,0 days 01:44:14.380000
2024-03-24 04:48:57.818,0 days 01:44:14.620000,0 days 00:00:20.532000,8967,141,4,29,False,0,car,1205.0150000000003,0.23191596556352723,-5958.476802960588,7595.047354478616,84.64163236741322,car,0 days 01:44:14.620000
2024-03-24 04:48:58.659,0 days 01:44:15.461000,0 days 00:00:21.373000,9573,150,4,56,False,0,car,1240.056666666667,0.2386600492139011,-5819.739674690557,7898.364926298452,87.99669533033416,car,0 days 01:44:15.461000
2024-03-24 04:48:58.899,0 days 01:44:15.701000,0 days 00:00:21.613000,10049,154,4,73,False,0,car,1250.3233333333337,0.24063596147484298,-5811.1684091624875,7999.684143856922,88.87722080098321,car,0 days 01:44:15.701000
2024-03-24 04:48:59.259,0 days 01:44:16.061000,0 days 00:00:21.973000,10915,165,4,99,False,0,car,1266.8233333333337,0.2438115347513567,-5820.303557995079,8176.880759420266,90.50470273852618,car,0 days 01:44:16.061000
2024-03-24 04:48:59.539,0 days 01:44:16.341000,0 days 00:00:22.253000,12141,178,4,100,False,0,car,1280.6677777777782,0.24647602249717226,-5841.374104977849,8353.81136800412,90.92319780445607,car,0 days 01:44:16.341000
2024-03-24 04:48:59.859,0 days 01:44:16.661000,0 days 00:00:22.573000,10612,191,4,100,False,0,car,1297.645555555556,0.24974354840054805,-5863.877080235198,8511.155547839458,90.00043693734902,car,0 days 01:44:16.661000
2024-03-24 04:49:00.138,0 days 01:44:16.940000,0 days 00:00:22.852000,10668,201,5,100,False,0,car,1313.2230555555561,0.25274157826205673,-5879.703325555682,8616.98894769945,90.71455776553302,car,0 days 01:44:16.940000
2024-03-24 04:49:00.338,0 days 01:44:17.140000,0 days 00:00:23.052000,11071,208,5,100,False,0,car,1324.7786111111116,0.25496554877220773,-5895.057367243777,8701.044234361361,91.71177727861377,car,0 days 01:44:17.140000
2024-03-24 04:49:00.578,0 days 01:44:17.380000,0 days 00:00:23.292000,11414,213,5,100,False,0,car,1338.9786111111116,0.2576984663798741,-5921.92768888708,8872.842823936038,93.2655639881451,car,0 days 01:44:17.380000
2024-03-24 04:49:00.858,0 days 01:44:17.660000,0 days 00:00:23.572000,11831,221,5,100,False,0,car,1356.1675000000002,0.2610066225137237,-5947.649168926067,9100.954598937022,93.68178381576152,car,0 days 01:44:17.660000
2024-03-24 04:49:01.138,0 days 01:44:17.940000,0 days 00:00:23.852000,11123,228,5,100,False,0,car,1373.9008333333336,0.2644195618735324,-5945.836306295902,9197.157094730921,93.14428288344135,car,0 days 01:44:17.940000
2024-03-24 04:49:01.298,0 days 01:44:18.100000,0 days 00:00:24.012000,10562,231,6,93,False,0,car,1384.1675000000002,0.2663954741344743,-5943.110239849232,9300.025014108676,94.98182999796965,car,0 days 01:44:18.100000
2024-03-24 04:49:01.578,0 days 01:44:18.380000,0 days 00:00:24.292000,10721,233,6,64,False,0,car,1402.2897222222225,0.2698832586556823,-5921.352353405785,9479.088204041527,94.00756613920977,car,0 days 01:44:18.380000
2024-03-24 04:49:02.018,0 days 01:44:18.820000,0 days 00:00:24.732000,10685,231,6,58,False,0,car,1430.5230555555556,0.2753170173732724,-5823.266242997433,9773.692305121878,94.55648601982148,car,0 days 01:44:18.820000
2024-03-24 04:49:02.378,0 days 01:44:19.180000,0 days 00:00:25.092000,10890,234,6,100,False,0,car,1453.9230555555555,0.27982055765632824,-5663.657960746821,10015.189339376851,97.09162349959114,car,0 days 01:44:19.180000
2024-03-24 04:49:02.618,0 days 01:44:19.420000,0 days 00:00:25.332000,11039,236,6,100,False,0,car,1469.656388888889,0.28284857904322624,-5585.4082760370975,10089.787875631715,98.26369556040598,car,0 days 01:44:19.420000
2024-03-24 04:49:02.898,0 days 01:44:19.700000,0 days 00:00:25.612000,10785,239,6,100,True,0,car,1488.2452777777778,0.2864261777581134,-5481.392903077816,10183.01603853196,99.0759667867039,car,0 days 01:44:19.700000
2024-03-24 04:49:03.178,0 days 01:44:19.980000,0 days 00:00:25.892000,10534,234,6,0,False,0,car,1506.4452777777778,0.2899289313116013,-5262.889503808302,10354.334783380806,97.80562650130423,car,0 days 01:44:19.980000
2024-03-24 04:49:03.418,0 days 01:44:20.220000,0 days 00:00:26.132000,10551,231,6,14,False,0,car,1521.845277777778,0.29289279970301413,-5169.928140234058,10423.800950590088,96.7632414527226,car,0 days 01:44:20.220000
2024-03-24 04:49:03.578,0 days 01:44:20.380000,0 days 00:00:26.292000,10634,232,6,100,False,0,car,1532.156388888889,0.2948772656966874,-5118.118003522086,10460.232245805217,96.1589111143519,car,0 days 01:44:20.380000
2024-03-24 04:49:03.778,0 days 01:44:20.580000,0 days 00:00:26.492000,10914,232,6,99,False,0,car,1545.045277777778,0.2973578481887789,-5017.049834809857,10531.257685103434,95.31985931575011,car,0 days 01:44:20.580000
2024-03-24 04:49:03.978,0 days 01:44:20.780000,0 days 00:00:26.692000,10899,234,6,99,False,0,car,1558.045277777778,0.2998598150126988,-4908.106567365891,10603.583828975665,94.05739455763448,car,0 days 01:44:20.780000
2024-03-24 04:49:04.218,0 days 01:44:21.020000,0 days 00:00:26.932000,11126,241,6,100,False,0,car,1574.1119444444446,0.3029519893950819,-4774.121809261297,10686.92319302808,94.70079700238921,car,0 days 01:44:21.020000
2024-03-24 04:49:04.378,0 days 01:44:21.180000,0 days 00:00:27.092000,11304,241,6,100,False,0,car,1584.8230555555558,0.30501343898333727,-4680.845818216256,10739.628528413425,93.17512337990856,car,0 days 01:44:21.180000
2024-03-24 04:49:04.658,0 days 01:44:21.460000,0 days 00:00:27.372000,11547,252,6,100,False,0,car,1604.423055555556,0.3087856351178627,-4494.417475819511,10835.370965528004,92.75324685861773,car,0 days 01:44:21.460000
2024-03-24 04:49:04.819,0 days 01:44:21.621000,0 days 00:00:27.533000,11727,255,6,100,False,0,car,1615.8272222222226,0.3109804694758976,-4393.625684118712,10884.645162321303,91.8977683669124,car,0 days 01:44:21.621000
2024-03-24 04:49:05.099,0 days 01:44:21.901000,0 days 00:00:27.813000,11839,259,6,100,False,0,car,1635.9716666666668,0.31485744883638195,-4220.046126339799,10963.619507419517,92.1171852824336,car,0 days 01:44:21.901000
2024-03-24 04:49:05.259,0 days 01:44:22.061000,0 days 00:00:27.973000,11980,261,6,100,False,0,car,1647.5716666666667,0.31708997307926434,-4120.47188583159,11006.90766633086,91.63197270790602,car,0 days 01:44:22.061000
2024-03-24 04:49:05.579,0 days 01:44:22.381000,0 days 00:00:28.293000,10721,266,6,100,False,0,car,1671.216111111111,0.3216405588923426,-3901.7610344801487,11102.084948166508,90.15394505574153,car,0 days 01:44:22.381000
2024-03-24 04:49:05.779,0 days 01:44:22.581000,0 days 00:00:28.493000,10785,268,7,100,False,0,car,1686.105,0.3245060593573449,-3778.3342857060866,11155.450497062568,89.92674089728168,car,0 days 01:44:22.581000
2024-03-24 04:49:06.059,0 days 01:44:22.861000,0 days 00:00:28.773000,10881,272,7,100,False,0,car,1707.2605555555556,0.32857763613746754,-3592.4758334502226,11237.558189831498,90.0918650659967,car,0 days 01:44:22.861000
2024-03-24 04:49:06.339,0 days 01:44:23.141000,0 days 00:00:29.053000,10923,273,7,100,False,0,car,1728.493888888889,0.3326641819498701,-3314.288265868098,11364.434706106387,88.85631117720064,car,0 days 01:44:23.141000
2024-03-24 04:49:06.499,0 days 01:44:23.301000,0 days 00:00:29.213000,10923,273,7,100,False,0,car,1740.6272222222224,0.3349993509855287,-3250.0417199942726,11393.864644536608,89.08122846156589,car,0 days 01:44:23.301000
2024-03-24 04:49:06.699,0 days 01:44:23.501000,0 days 00:00:29.413000,10902,273,7,100,False,0,car,1755.793888888889,0.3379183122801019,-3150.962557300739,11440.468099314896,88.56262148786793,car,0 days 01:44:23.501000
2024-03-24 04:49:06.898,0 days 01:44:23.700000,0 days 00:00:29.612000,10828,263,7,0,True,0,car,1770.3319444444444,0.34071629171735607,-2999.867448685198,11516.471859320296,88.12991653078679,car,0 days 01:44:23.700000
2024-03-24 04:49:07.218,0 days 01:44:24.020000,0 days 00:00:29.932000,9702,218,7,0,True,0,car,1789.7097222222221,0.3444457191882247,-2776.37455418636,11641.318954938195,90.26333692933527,car,0 days 01:44:24.020000
2024-03-24 04:49:07.498,0 days 01:44:24.300000,0 days 00:00:30.212000,9148,204,6,0,True,0,car,1805.576388888889,0.34749940177331673,-2685.252021372845,11698.683980227528,89.67296686963434,car,0 days 01:44:24.300000
2024-03-24 04:49:07.778,0 days 01:44:24.580000,0 days 00:00:30.492000,9937,191,5,0,True,0,car,1820.4319444444445,0.35035848693877053,-2543.267338825235,11785.771308424191,88.77475753616994,car,0 days 01:44:24.580000
2024-03-24 04:49:07.978,0 days 01:44:24.780000,0 days 00:00:30.692000,9700,187,5,0,True,0,car,1830.8208333333334,0.35235792196472365,-2449.5409725271147,11827.349578799778,88.11358565414248,car,0 days 01:44:24.780000
2024-03-24 04:49:08.138,0 days 01:44:24.940000,0 days 00:00:30.852000,9420,183,5,2,False,0,car,1838.9541666666669,0.35392325505456074,-2344.9044340830687,11847.777412631318,87.19119755270417,car,0 days 01:44:24.940000
2024-03-24 04:49:08.378,0 days 01:44:25.180000,0 days 00:00:31.092000,9702,178,5,62,False,0,car,1850.8208333333334,0.3562071016938312,-2246.6101956106727,11851.734989865217,86.85876061349336,car,0 days 01:44:25.180000
2024-03-24 04:49:08.538,0 days 01:44:25.340000,0 days 00:00:31.252000,9659,180,5,77,False,0,car,1858.8208333333334,0.3577467735854742,-2170.7107928861456,11830.910107844178,87.35704769387462,car,0 days 01:44:25.340000
2024-03-24 04:49:08.738,0 days 01:44:25.540000,0 days 00:00:31.452000,10090,186,5,91,False,0,car,1869.154166666667,0.35973551644551316,-2042.668940149568,11782.33691013975,88.51140571371647,car,0 days 01:44:25.540000
2024-03-24 04:49:09.018,0 days 01:44:25.820000,0 days 00:00:31.732000,10430,193,5,100,False,0,car,1884.1652777777779,0.3626245396755266,-1945.5047953554044,11726.363146048603,89.96314174900526,car,0 days 01:44:25.820000
2024-03-24 04:49:09.218,0 days 01:44:26.020000,0 days 00:00:31.932000,10713,200,5,100,False,0,car,1895.276388888889,0.3647629728583641,-1867.689217382992,11666.796302096245,89.42989130123794,car,0 days 01:44:26.020000
2024-03-24 04:49:09.538,0 days 01:44:26.340000,0 days 00:00:32.252000,11146,209,5,100,False,0,car,1913.854166666667,0.36833843314006853,-1683.3289978957082,11539.224566039653,88.11468185232725,car,0 days 01:44:26.340000
2024-03-24 04:49:09.738,0 days 01:44:26.540000,0 days 00:00:32.452000,11530,215,5,100,False,0,car,1925.798611111111,0.3706372488116188,-1544.1988682969222,11472.772783476283,87.94989918475638,car,0 days 01:44:26.540000
2024-03-24 04:49:09.938,0 days 01:44:26.740000,0 days 00:00:32.652000,11805,220,5,100,False,0,car,1938.0208333333335,0.37298952531274016,-1407.9640778067846,11425.952285471918,88.24290021170124,car,0 days 01:44:26.740000
2024-03-24 04:49:10.098,0 days 01:44:26.900000,0 days 00:00:32.812000,12159,222,5,99,False,0,car,1947.8875,0.37488845397909987,-1308.5024551398737,11400.271856410365,88.72016198904694,car,0 days 01:44:26.900000
2024-03-24 04:49:10.418,0 days 01:44:27.220000,0 days 00:00:33.132000,10772,231,5,100,False,0,car,1968.4208333333333,0.3788402785009836,-1144.446896274906,11362.675862829841,89.93026704359181,car,0 days 01:44:27.220000
2024-03-24 04:49:10.578,0 days 01:44:27.380000,0 days 00:00:33.292000,10780,233,6,99,False,0,car,1978.7763888888892,0.38083329822738826,-1061.7546544330216,11345.901358693896,90.74706958835674,car,0 days 01:44:27.380000
2024-03-24 04:49:11.018,0 days 01:44:27.820000,0 days 00:00:33.732000,11183,242,6,100,False,0,car,2008.3541666666667,0.3865258073601017,-781.1332689111629,11291.120404706302,91.02234862750421,car,0 days 01:44:27.820000
2024-03-24 04:49:11.419,0 days 01:44:28.221000,0 days 00:00:34.133000,11518,252,6,99,False,0,car,2036.424166666667,0.3919281311099042,-435.8545813132691,11207.780600959659,92.31715224576848,car,0 days 01:44:28.221000
2024-03-24 04:49:11.779,0 days 01:44:28.581000,0 days 00:00:34.493000,11781,256,6,100,False,0,car,2062.024166666667,0.39685508116316187,-268.7230885684697,11146.372008328824,91.94473515041054,car,0 days 01:44:28.581000
2024-03-24 04:49:12.059,0 days 01:44:28.861000,0 days 00:00:34.773000,11933,260,6,100,False,0,car,2082.246388888889,0.40074702955592617,-85.98586175739564,11066.538952632225,93.19122130319991,car,0 days 01:44:28.861000
2024-03-24 04:49:12.339,0 days 01:44:29.141000,0 days 00:00:35.053000,11024,264,7,100,False,0,car,2102.779722222222,0.40469885407780987,88.74676250278068,10964.960763273226,92.07301402549064,car,0 days 01:44:29.141000
2024-03-24 04:49:12.659,0 days 01:44:29.461000,0 days 00:00:35.373000,10776,268,7,100,False,0,car,2126.601944444444,0.4092836548218135,275.50524760906467,10817.688125896882,91.57877990570358,car,0 days 01:44:29.461000
2024-03-24 04:49:12.979,0 days 01:44:29.781000,0 days 00:00:35.693000,10888,269,7,100,False,0,car,2150.513055555555,0.4138855630312799,434.8067944111913,10654.459313685456,91.066407121112,car,0 days 01:44:29.781000
2024-03-24 04:49:13.259,0 days 01:44:30.061000,0 days 00:00:35.973000,10996,273,7,99,False,0,car,2171.7463888888888,0.4179721088436824,627.8582909181437,10403.631061676682,89.87261164400186,car,0 days 01:44:30.061000
2024-03-24 04:49:13.459,0 days 01:44:30.261000,0 days 00:00:36.173000,11089,275,7,100,False,0,car,2187.0241666666666,0.420912454470084,681.3812905368875,10323.450140638379,89.85356645161954,car,0 days 01:44:30.261000
2024-03-24 04:49:13.618,0 days 01:44:30.420000,0 days 00:00:36.332000,11059,276,7,100,False,0,car,2199.2141666666666,0.4232585295149751,717.9925345274695,10255.711008575421,90.01097704495223,car,0 days 01:44:30.420000
2024-03-24 04:49:13.818,0 days 01:44:30.620000,0 days 00:00:36.532000,11125,276,7,99,False,0,car,2214.5474999999997,0.4262095673072908,789.9787844417752,10118.463973518823,90.01842191432668,car,0 days 01:44:30.620000
2024-03-24 04:49:14.098,0 days 01:44:30.900000,0 days 00:00:36.812000,11183,278,7,99,False,0,car,2236.169722222222,0.4303709582810927,876.3187002530817,9919.932278447723,90.34755143102524,car,0 days 01:44:30.900000
2024-03-24 04:49:14.338,0 days 01:44:31.140000,0 days 00:00:37.052000,11282,281,7,99,False,0,car,2254.9030555555555,0.4339763566273568,938.0843821140063,9746.142951398473,91.87282414529203,car,0 days 01:44:31.140000
2024-03-24 04:49:14.698,0 days 01:44:31.500000,0 days 00:00:37.412000,11359,283,7,99,False,0,car,2283.2030555555557,0.439422945944044,1032.9107307408544,9395.318669243803,93.94532583800897,car,0 days 01:44:31.500000
2024-03-24 04:49:14.898,0 days 01:44:31.700000,0 days 00:00:37.612000,11376,285,7,99,False,0,car,2299.036388888889,0.4424702132295876,1055.6479987247897,9300.537764118946,93.91592479449882,car,0 days 01:44:31.700000
2024-03-24 04:49:15.098,0 days 01:44:31.900000,0 days 00:00:37.812000,11469,286,7,99,False,0,car,2314.925277777778,0.44552817268104516,1086.2759762920518,9146.925903404352,94.23918969422773,car,0 days 01:44:31.900000
2024-03-24 04:49:15.338,0 days 01:44:32.140000,0 days 00:00:38.052000,11558,288,7,99,False,0,car,2334.125277777778,0.4492233852209885,1139.8010638870937,8849.748758661222,95.15359845658664,car,0 days 01:44:32.140000
2024-03-24 04:49:15.658,0 days 01:44:32.460000,0 days 00:00:38.372000,11593,289,7,99,False,0,car,2359.814166666667,0.4541674427397089,1163.427807961566,8603.707679978374,94.0997798119062,car,0 days 01:44:32.460000
2024-03-24 04:49:16.098,0 days 01:44:32.900000,0 days 00:00:38.812000,11713,293,7,99,False,0,car,2395.625277777778,0.46105961288799424,1165.3244962802842,8364.685714835106,93.8922997708142,car,0 days 01:44:32.900000
2024-03-24 04:49:16.378,0 days 01:44:33.180000,0 days 00:00:39.092000,11775,294,7,99,False,0,car,2418.491944444445,0.4654605083782739,1147.743390605893,8035.320291160727,91.58224687723288,car,0 days 01:44:33.180000
2024-03-24 04:49:16.658,0 days 01:44:33.460000,0 days 00:00:39.372000,10699,295,7,99,False,0,car,2441.4363888888893,0.4698763729008334,1127.494977017225,7783.038193734143,91.79358750702156,car,0 days 01:44:33.460000
2024-03-24 04:49:16.858,0 days 01:44:33.660000,0 days 00:00:39.572000,10478,297,8,99,False,0,car,2457.9363888888897,0.4730519461773472,1111.1447293420301,7629.155243141497,92.31557228115037,car,0 days 01:44:33.660000
2024-03-24 04:49:17.258,0 days 01:44:34.060000,0 days 00:00:39.972000,10569,298,8,99,False,0,car,2491.0475000000006,0.479424477062203,1067.80848517451,7373.406199068087,93.14775224973795,car,0 days 01:44:34.060000
2024-03-24 04:49:17.498,0 days 01:44:34.300000,0 days 00:00:40.212000,10628,299,8,99,False,0,car,2510.980833333334,0.48326082619221356,1015.9112263847229,7209.452168608156,93.05061840394997,car,0 days 01:44:34.300000
2024-03-24 04:49:17.899,0 days 01:44:34.701000,0 days 00:00:40.613000,10680,300,8,99,False,0,car,2544.3975000000005,0.48969216398959736,866.9668420482465,6799.808200950939,91.56015501386504,car,0 days 01:44:34.701000
2024-03-24 04:49:18.139,0 days 01:44:34.941000,0 days 00:00:40.853000,10729,301,8,99,False,0,car,2564.4641666666676,0.493554174317802,830.6188950251076,6687.886739443315,91.00128620864355,car,0 days 01:44:34.941000
2024-03-24 04:49:18.299,0 days 01:44:35.101000,0 days 00:00:41.013000,10729,302,8,99,False,0,car,2577.8863888888895,0.4961374016026697,766.5257065742821,6493.277957059139,91.02725402149852,car,0 days 01:44:35.101000
2024-03-24 04:49:18.539,0 days 01:44:35.341000,0 days 00:00:41.253000,10759,302,8,99,False,0,car,2598.019722222223,0.5000122425299715,705.5630482189945,6305.504929393826,90.42489410119424,car,0 days 01:44:35.341000
2024-03-24 04:49:18.819,0 days 01:44:35.621000,0 days 00:00:41.533000,10813,304,8,99,False,0,car,2621.664166666668,0.5045628283430497,657.2887777984893,6163.660390570042,88.73710091227626,car,0 days 01:44:35.621000
2024-03-24 04:49:19.099,0 days 01:44:35.901000,0 days 00:00:41.813000,10866,305,8,99,False,0,car,2645.38638888889,0.5091283831884078,569.8923567456461,5941.010647576046,87.97477563475888,car,0 days 01:44:35.901000
2024-03-24 04:49:19.339,0 days 01:44:36.141000,0 days 00:00:42.053000,10895,305,8,99,False,0,car,2665.719722222223,0.5130417159130004,484.8098363164921,5755.788711765445,87.99278260998445,car,0 days 01:44:36.141000
2024-03-24 04:49:19.539,0 days 01:44:36.341000,0 days 00:00:42.253000,10894,306,8,99,False,0,car,2682.7197222222235,0.516313518682742,397.08452021045827,5554.54555362461,89.64794159462677,car,0 days 01:44:36.341000
2024-03-24 04:49:19.699,0 days 01:44:36.501000,0 days 00:00:42.413000,10897,306,8,99,False,0,car,2696.3197222222234,0.5189309608985351,351.1908371319891,5444.810826767519,90.74821517531086,car,0 days 01:44:36.501000
2024-03-24 04:49:19.859,0 days 01:44:36.661000,0 days 00:00:42.573000,10910,306,8,99,False,0,car,2709.9197222222238,0.5215484031143283,330.6392243110503,5377.495242661883,91.33253127301657,car,0 days 01:44:36.661000
2024-03-24 04:49:20.179,0 days 01:44:36.981000,0 days 00:00:42.893000,10938,307,8,99,False,0,car,2737.2086111111125,0.5268003950113772,261.46591175840035,4937.44558168152,93.28398172762932,car,0 days 01:44:36.981000
2024-03-24 04:49:20.418,0 days 01:44:37.220000,0 days 00:00:43.132000,10926,308,8,99,False,0,car,2757.65638888889,0.530735753597753,258.8300873320138,4849.8806589488395,93.31142670393646,car,0 days 01:44:37.220000
2024-03-24 04:49:20.738,0 days 01:44:37.540000,0 days 00:00:43.452000,10997,309,8,99,False,0,car,2785.1230555555567,0.5360219604257275,263.8868333229281,4595.844818754025,91.01194539357155,car,0 days 01:44:37.540000
2024-03-24 04:49:21.018,0 days 01:44:37.820000,0 days 00:00:43.732000,10974,308,8,99,False,0,car,2809.0786111111124,0.5406324223679252,283.2298366237396,4338.543231001353,91.137249520101,car,0 days 01:44:37.820000
2024-03-24 04:49:21.458,0 days 01:44:38.260000,0 days 00:00:44.172000,11049,310,8,99,False,0,car,2846.967500000001,0.5479244795214012,327.7406735327953,3968.336964393029,90.03918780940295,car,0 days 01:44:38.260000
2024-03-24 04:49:21.858,0 days 01:44:38.660000,0 days 00:00:44.572000,11038,310,8,99,False,0,car,2881.411944444446,0.5545536223881976,426.09960784893747,3546.2582097790178,89.99710646714107,car,0 days 01:44:38.660000
2024-03-24 04:49:22.298,0 days 01:44:39.100000,0 days 00:00:45.012000,11044,310,8,99,False,0,car,2919.3008333333346,0.5618456795416735,522.1637602087394,3269.007305209347,90.99901111182635,car,0 days 01:44:39.100000
2024-03-24 04:49:22.658,0 days 01:44:39.460000,0 days 00:00:45.372000,11024,310,8,99,False,0,car,2950.3008333333346,0.5678119081217903,659.7372683743428,2958.079417941442,91.74869667736752,car,0 days 01:44:39.460000
2024-03-24 04:49:23.098,0 days 01:44:39.900000,0 days 00:00:45.812000,11032,310,8,99,False,0,car,2988.1897222222233,0.5751039652752662,813.6366006778089,2656.0174463619846,91.43296429817303,car,0 days 01:44:39.900000
2024-03-24 04:49:23.298,0 days 01:44:40.100000,0 days 00:00:46.012000,11031,310,8,99,False,0,car,3005.411944444446,0.5784185367086645,921.3696554961807,2478.8490074370793,90.62284699387936,car,0 days 01:44:40.100000
2024-03-24 04:49:23.458,0 days 01:44:40.260000,0 days 00:00:46.172000,11054,310,8,99,False,0,car,3019.1897222222233,0.5810701938553829,1028.7376354302594,2320.9235627398834,90.12292540712507,car,0 days 01:44:40.260000
2024-03-24 04:49:23.698,0 days 01:44:40.500000,0 days 00:00:46.412000,11050,310,8,99,False,0,car,3039.8563888888903,0.5850476795754608,1140.2671222571776,2169.6735171000555,89.88320799046245,car,0 days 01:44:40.500000
2024-03-24 04:49:24.018,0 days 01:44:40.820000,0 days 00:00:46.732000,11055,310,8,99,False,0,car,3067.411944444446,0.5903509938688979,1288.5262321798393,2007.1839360372592,90.01575486107276,car,0 days 01:44:40.820000
2024-03-24 04:49:24.338,0 days 01:44:41.140000,0 days 00:00:47.052000,11035,310,8,99,False,0,car,3094.9675000000016,0.595654308162335,1499.8734637039224,1789.084917701913,90.60879050152897,car,0 days 01:44:41.140000
2024-03-24 04:49:24.579,0 days 01:44:41.381000,0 days 00:00:47.293000,10977,309,8,99,False,0,car,3115.653333333335,0.5996354826796532,1653.7095950764567,1645.4415361414078,91.6255384516995,car,0 days 01:44:41.381000
2024-03-24 04:49:24.739,0 days 01:44:41.541000,0 days 00:00:47.453000,10933,309,8,99,False,0,car,3129.3866666666686,0.6022785860936405,1761.4794718056578,1548.369690397494,92.15196971491912,car,0 days 01:44:41.541000
2024-03-24 04:49:25.179,0 days 01:44:41.981000,0 days 00:00:47.893000,10827,306,8,99,False,0,car,3166.786666666668,0.6094765521870715,2041.5934562324842,1304.8079994346233,93.0365593892713,car,0 days 01:44:41.981000
2024-03-24 04:49:25.459,0 days 01:44:42.261000,0 days 00:00:48.173000,10505,303,8,67,False,0,car,3190.353333333335,0.6140121689678699,2212.7716437106355,1167.1220842310074,93.0776010473596,car,0 days 01:44:42.261000
2024-03-24 04:49:25.779,0 days 01:44:42.581000,0 days 00:00:48.493000,9968,273,8,0,True,0,car,3214.6200000000017,0.6186825070391871,2420.02475564838,1011.3281988940387,91.97790277704489,car,0 days 01:44:42.581000
2024-03-24 04:49:26.099,0 days 01:44:42.901000,0 days 00:00:48.813000,9726,247,8,0,True,0,car,3236.5755555555575,0.6229080510084741,2611.207553333912,889.758696293942,90.45966965616195,car,0 days 01:44:42.901000
2024-03-24 04:49:26.339,0 days 01:44:43.141000,0 days 00:00:49.053000,10522,235,8,0,True,0,car,3252.242222222224,0.625923241796275,2748.3146521135054,827.9052252741781,89.14178464941587,car,0 days 01:44:43.141000
2024-03-24 04:49:26.499,0 days 01:44:43.301000,0 days 00:00:49.213000,10371,231,7,0,True,0,car,3262.508888888891,0.627899154057217,2849.8551214995755,804.3057659906233,88.9392928386351,car,0 days 01:44:43.301000
2024-03-24 04:49:26.739,0 days 01:44:43.541000,0 days 00:00:49.453000,9795,221,6,1,True,0,car,3277.2422222222244,0.6307347164576595,3003.9825504627715,795.5213132637125,89.01981281495435,car,0 days 01:44:43.541000
2024-03-24 04:49:27.018,0 days 01:44:43.820000,0 days 00:00:49.732000,9710,211,6,23,False,0,car,3293.5947222222244,0.6338819020336711,3164.9093603648835,813.2345842215148,89.00153737913325,car,0 days 01:44:43.820000
2024-03-24 04:49:27.298,0 days 01:44:44.100000,0 days 00:00:50.012000,9711,211,6,62,False,0,car,3310.0058333333354,0.6370403678447221,3330.048146495179,834.8950551024892,88.86364091522559,car,0 days 01:44:44.100000
2024-03-24 04:49:27.538,0 days 01:44:44.340000,0 days 00:00:50.252000,9885,213,6,99,False,0,car,3324.2058333333357,0.6397732854523885,3457.7263754812716,853.1865433374321,89.85408219758966,car,0 days 01:44:44.340000
2024-03-24 04:49:27.778,0 days 01:44:44.580000,0 days 00:00:50.492000,9992,218,6,40,False,0,car,3338.7391666666686,0.6425703560555399,3649.7638531327193,866.2563569390286,91.58296334794825,car,0 days 01:44:44.580000
2024-03-24 04:49:27.938,0 days 01:44:44.740000,0 days 00:00:50.652000,9879,216,6,36,False,0,car,3348.339166666669,0.6444179623255116,3765.195237705669,869.6139539860961,92.12736265939584,car,0 days 01:44:44.740000
2024-03-24 04:49:28.138,0 days 01:44:44.940000,0 days 00:00:50.852000,9716,212,6,28,False,0,car,3360.1169444444463,0.6466847014993193,3788.5484247373547,868.9785272889383,91.94158075359755,car,0 days 01:44:44.940000
2024-03-24 04:49:28.418,0 days 01:44:45.220000,0 days 00:00:51.132000,9596,210,6,41,False,0,car,3376.45027777778,0.6498281982780906,3956.480614542055,857.5025904595942,90.98639266286926,car,0 days 01:44:45.220000
2024-03-24 04:49:28.578,0 days 01:44:45.380000,0 days 00:00:51.292000,9862,210,6,85,False,0,car,3385.7836111111133,0.6516244821516741,4102.507876181877,818.7156393736668,92.54638983165461,car,0 days 01:44:45.380000
2024-03-24 04:49:28.858,0 days 01:44:45.660000,0 days 00:00:51.572000,10158,215,6,100,False,0,car,3402.5058333333354,0.6548428240918446,4233.580329181181,763.9069727269076,94.59859924563663,car,0 days 01:44:45.660000
2024-03-24 04:49:29.298,0 days 01:44:46.100000,0 days 00:00:52.012000,10457,225,6,100,False,0,car,3430.0058333333354,0.6601354462193675,4421.950566629784,621.4804661298834,95.12556576470239,car,0 days 01:44:46.100000
2024-03-24 04:49:29.538,0 days 01:44:46.340000,0 days 00:00:52.252000,10622,230,6,99,False,0,car,3445.339166666669,0.6630864840116832,4537.591176224954,523.7573089443696,94.36252975637518,car,0 days 01:44:46.340000
2024-03-24 04:49:29.778,0 days 01:44:46.580000,0 days 00:00:52.492000,10841,235,6,100,False,0,car,3461.0058333333354,0.6661016747994841,4655.102190741542,422.3893406626831,94.01788093906362,car,0 days 01:44:46.580000
2024-03-24 04:49:29.978,0 days 01:44:46.780000,0 days 00:00:52.692000,10897,238,6,100,False,0,car,3474.228055555558,0.668646410287061,4755.126133189495,336.7084826053043,93.31026900593587,car,0 days 01:44:46.780000
2024-03-24 04:49:30.338,0 days 01:44:47.140000,0 days 00:00:53.052000,11285,246,6,99,False,0,car,3498.828055555558,0.6733809013538632,4940.858798346327,182.32880713821697,92.80640260427442,car,0 days 01:44:47.140000
2024-03-24 04:49:30.578,0 days 01:44:47.380000,0 days 00:00:53.292000,11455,250,6,99,False,0,car,3515.494722222225,0.6765885511281196,5068.307880616954,77.19907855177952,91.94374966884601,car,0 days 01:44:47.380000
2024-03-24 04:49:30.738,0 days 01:44:47.540000,0 days 00:00:53.452000,11636,253,6,100,False,0,car,3526.739166666669,0.678752645509151,5154.184480404996,5.867319936890835,91.9919522200777,car,0 days 01:44:47.540000
2024-03-24 04:49:31.539,0 days 01:44:48.341000,0 days 00:00:54.253000,11767,265,6,99,False,0,car,3585.701666666669,0.6901005084980263,5591.783981366827,-367.91227451025725,92.10170651187406,car,0 days 01:44:48.341000
2024-03-24 04:49:31.819,0 days 01:44:48.621000,0 days 00:00:54.533000,10773,270,7,99,False,0,car,3606.701666666669,0.6941421472135892,5744.02574206789,-500.8235966337843,93.14904012727328,car,0 days 01:44:48.621000
2024-03-24 04:49:32.099,0 days 01:44:48.901000,0 days 00:00:54.813000,10821,271,7,100,False,0,car,3627.779444444447,0.698198754961432,5898.137959541899,-649.0478754091378,93.99842847109042,car,0 days 01:44:48.901000
2024-03-24 04:49:32.419,0 days 01:44:49.221000,0 days 00:00:55.133000,11049,276,7,99,False,0,car,3652.3127777777804,0.7029204154291373,6122.219417684485,-893.0850412106638,94.3183016670626,car,0 days 01:44:49.221000
2024-03-24 04:49:32.579,0 days 01:44:49.381000,0 days 00:00:55.293000,11135,277,7,99,False,0,car,3664.623888888891,0.7052897993957212,6144.544595517329,-927.8406068162121,94.90599304617425,car,0 days 01:44:49.381000
2024-03-24 04:49:32.819,0 days 01:44:49.621000,0 days 00:00:55.533000,11135,279,7,99,False,0,car,3683.2238888888915,0.7088695365437914,6249.461302817583,-1073.3434121111318,95.94237990304941,car,0 days 01:44:49.621000
2024-03-24 04:49:32.979,0 days 01:44:49.781000,0 days 00:00:55.693000,11275,281,7,99,False,0,car,3695.71277777778,0.7112731354413007,6312.718608926009,-1167.8847538771392,95.84879549961262,car,0 days 01:44:49.781000
2024-03-24 04:49:33.179,0 days 01:44:49.981000,0 days 00:00:55.893000,11325,282,7,99,False,0,car,3711.379444444447,0.7142883262291017,6430.561935590514,-1372.4073242606094,97.14215986973875,car,0 days 01:44:49.981000
2024-03-24 04:49:33.539,0 days 01:44:50.341000,0 days 00:00:56.253000,11474,286,7,100,False,0,car,3739.979444444447,0.7197926532417255,6547.365110886752,-1592.1258788314274,98.82111797660177,car,0 days 01:44:50.341000
2024-03-24 04:49:33.978,0 days 01:44:50.780000,0 days 00:00:56.692000,11612,289,7,99,False,0,car,3775.2213888888914,0.7265752821502199,6683.179444458599,-1930.7441090388215,99.98997821619349,car,0 days 01:44:50.780000
2024-03-24 04:49:34.138,0 days 01:44:50.940000,0 days 00:00:56.852000,11657,291,7,99,False,0,car,3788.1547222222243,0.7290644183750428,6721.492590121474,-2029.0103621991689,99.7674089485588,car,0 days 01:44:50.940000
2024-03-24 04:49:34.298,0 days 01:44:51.100000,0 days 00:00:57.012000,11686,292,7,99,False,0,car,3801.1325000000024,0.731562108332597,6751.19660190003,-2110.993962802024,99.14008270450304,car,0 days 01:44:51.100000
2024-03-24 04:49:34.538,0 days 01:44:51.340000,0 days 00:00:57.252000,11704,292,7,99,False,0,car,3820.599166666669,0.7353086432689284,6852.794597949841,-2401.488403367405,99.05580178380357,car,0 days 01:44:51.340000
2024-03-24 04:49:34.898,0 days 01:44:51.700000,0 days 00:00:57.612000,11801,294,7,99,False,0,car,3849.999166666669,0.7409669374707165,6921.623517275002,-2602.836904954123,97.1859803802711,car,0 days 01:44:51.700000
2024-03-24 04:49:35.218,0 days 01:44:52.020000,0 days 00:00:57.932000,11101,297,7,99,False,0,car,3876.3991666666693,0.7460478547131385,7000.264078516319,-2839.814856995633,96.85483813924753,car,0 days 01:44:52.020000
2024-03-24 04:49:35.578,0 days 01:44:52.380000,0 days 00:00:58.292000,10618,298,8,99,False,0,car,3906.199166666669,0.7517831325095088,7090.647825901473,-3123.7136390293367,95.29580296475451,car,0 days 01:44:52.380000
2024-03-24 04:49:35.818,0 days 01:44:52.620000,0 days 00:00:58.532000,10533,297,8,99,False,0,car,3925.9991666666688,0.7555938204413252,7149.678331153848,-3306.612735294025,94.11632699895782,car,0 days 01:44:52.620000
2024-03-24 04:49:36.138,0 days 01:44:52.940000,0 days 00:00:58.852000,10521,296,8,99,False,0,car,3952.31027777778,0.7606576302182845,7269.278367745026,-3673.0474534114883,92.81639883648435,car,0 days 01:44:52.940000
2024-03-24 04:49:36.418,0 days 01:44:53.220000,0 days 00:00:59.132000,10293,288,8,68,True,0,car,3974.71027777778,0.7649687115148849,7328.559157073809,-3861.585459616543,92.94859856512024,car,0 days 01:44:53.220000
2024-03-24 04:49:36.578,0 days 01:44:53.380000,0 days 00:00:59.292000,9440,273,8,0,True,0,car,3986.8436111111137,0.7673038805505435,7350.370776246749,-3935.8643064357143,93.4481187543079,car,0 days 01:44:53.380000
2024-03-24 04:49:36.858,0 days 01:44:53.660000,0 days 00:00:59.572000,9036,230,8,0,True,0,car,4004.732500000003,0.7707467579749121,7388.402553200041,-4080.9069023211496,94.48906378411141,car,0 days 01:44:53.660000
2024-03-24 04:49:37.098,0 days 01:44:53.900000,0 days 00:00:59.812000,9432,207,8,0,True,0,car,4018.5325000000025,0.7734026919879963,7422.787082794481,-4231.88605591703,94.99933310382883,car,0 days 01:44:53.900000
2024-03-24 04:49:37.498,0 days 01:44:54.300000,0 days 00:01:00.212000,10293,169,8,0,True,0,car,4037.3102777777804,0.7770166440669917,7468.698336076741,-4479.484548680103,95.98575823576488,car,0 days 01:44:54.300000
2024-03-24 04:49:37.859,0 days 01:44:54.661000,0 days 00:01:00.573000,10263,141,5,0,True,0,car,4051.4494444444467,0.7797378537529819,7489.335964324422,-4592.454436807312,97.01335042277651,car,0 days 01:44:54.661000
2024-03-24 04:49:38.059,0 days 01:44:54.861000,0 days 00:01:00.773000,9526,131,3,0,True,0,car,4058.7272222222246,0.7811385274877405,7499.039015100516,-4670.163063571255,97.18602530801304,car,0 days 01:44:54.861000
2024-03-24 04:49:38.259,0 days 01:44:55.061000,0 days 00:01:00.973000,9025,124,3,0,True,0,car,4065.6161111111132,0.7824643560610998,7502.114700074854,-4734.611389614185,97.9622124912996,car,0 days 01:44:55.061000
2024-03-24 04:49:38.539,0 days 01:44:55.341000,0 days 00:01:01.253000,8559,116,3,0,True,0,car,4074.6383333333356,0.7842007638055638,7496.378021047229,-4824.789852710327,97.64291562882616,car,0 days 01:44:55.341000
2024-03-24 04:49:38.819,0 days 01:44:55.621000,0 days 00:01:01.533000,8254,111,3,0,False,0,car,4083.271666666669,0.7858623263886286,7457.80634484946,-4919.270233439441,96.94420328712687,car,0 days 01:44:55.621000
2024-03-24 04:49:39.019,0 days 01:44:55.821000,0 days 00:01:01.733000,8043,110,3,0,False,0,car,4089.3827777777797,0.7870384646391891,7413.199046836773,-4981.741000781722,97.01015750665081,car,0 days 01:44:55.821000
2024-03-24 04:49:39.379,0 days 01:44:56.181000,0 days 00:01:02.093000,8513,108,3,36,False,0,car,4100.18277777778,0.7891170216929073,7348.067885970718,-5019.440032981637,96.99632815702672,car,0 days 01:44:56.181000
2024-03-24 04:49:39.539,0 days 01:44:56.341000,0 days 00:01:02.253000,8373,110,3,32,False,0,car,4105.0716666666685,0.7900579322933557,7291.366651297486,-5044.308412860998,97.05118077875943,car,0 days 01:44:56.341000
2024-03-24 04:49:39.739,0 days 01:44:56.541000,0 days 00:01:02.453000,8430,112,3,34,False,0,car,4111.293888888891,0.7912554548757449,7210.335351149609,-5071.806842374453,97.054889622779,car,0 days 01:44:56.541000
2024-03-24 04:49:40.139,0 days 01:44:56.941000,0 days 00:01:02.853000,9398,121,3,72,False,0,car,4124.7383333333355,0.7938429590269783,7073.319698088557,-5112.427051859811,96.03381857370418,car,0 days 01:44:56.941000
2024-03-24 04:49:40.299,0 days 01:44:57.101000,0 days 00:01:03.013000,9834,125,3,81,False,0,car,4130.293888888891,0.7949121756183971,7041.488214564041,-5122.156256720856,95.92660990772103,car,0 days 01:44:57.101000
2024-03-24 04:49:40.458,0 days 01:44:57.260000,0 days 00:01:03.172000,9834,135,3,81,False,0,car,4136.256388888891,0.7960597123251372,7011.963200472708,-5131.266991154747,95.9952463713611,car,0 days 01:44:57.260000
2024-03-24 04:49:40.738,0 days 01:44:57.540000,0 days 00:01:03.452000,11374,148,3,100,False,0,car,4147.767500000002,0.7982751291025568,6911.444676346142,-5159.181884628177,95.99536560092848,car,0 days 01:44:57.540000
2024-03-24 04:49:40.978,0 days 01:44:57.780000,0 days 00:01:03.692000,11176,158,3,100,False,0,car,4158.3008333333355,0.8003023637598868,6794.9795095898535,-5190.313560569047,96.02933799598628,car,0 days 01:44:57.780000
2024-03-24 04:49:41.218,0 days 01:44:58.020000,0 days 00:01:03.932000,10862,171,3,100,False,0,car,4169.700833333336,0.8024963962054783,6707.329098204248,-5214.170678925332,95.31410369412181,car,0 days 01:44:58.020000
2024-03-24 04:49:41.458,0 days 01:44:58.260000,0 days 00:01:04.172000,11405,179,4,100,False,0,car,4181.634166666669,0.8047930734438459,6568.262706243517,-5248.64501816954,94.45993715022999,car,0 days 01:44:58.260000
2024-03-24 04:49:41.698,0 days 01:44:58.500000,0 days 00:01:04.412000,11834,187,4,100,False,0,car,4194.100833333337,0.8071923954749897,6431.536143813617,-5280.5378135703895,93.82794488533412,car,0 days 01:44:58.500000
2024-03-24 04:49:41.898,0 days 01:44:58.700000,0 days 00:01:04.612000,10858,190,4,100,False,0,car,4204.656388888891,0.8092239069986851,6379.975498480201,-5291.050722231945,93.47446572042057,car,0 days 01:44:58.700000
2024-03-24 04:49:42.258,0 days 01:44:59.060000,0 days 00:01:04.972000,11089,207,5,100,False,0,car,4225.356388888891,0.8132078080183114,6098.676429436844,-5362.216321130176,91.92907366238697,car,0 days 01:44:59.060000
2024-03-24 04:49:42.538,0 days 01:44:59.340000,0 days 00:01:05.252000,11474,215,5,100,False,0,car,4242.078611111114,0.816426149958482,6007.217305933953,-5387.223764634471,91.22382026953244,car,0 days 01:44:59.340000
2024-03-24 04:49:42.858,0 days 01:44:59.660000,0 days 00:01:05.572000,11656,219,5,100,False,0,car,4261.545277777781,0.8201726848948134,5822.263168546075,-5434.682015841077,90.01197880813929,car,0 days 01:44:59.660000
2024-03-24 04:49:43.018,0 days 01:44:59.820000,0 days 00:01:05.732000,11736,223,5,100,False,0,car,4271.4563888888915,0.8220801672939044,5730.994440863446,-5457.448731790243,88.82725206177821,car,0 days 01:44:59.820000
2024-03-24 04:49:43.218,0 days 01:45:00.020000,0 days 00:01:05.932000,11869,224,5,100,False,0,car,4283.900833333336,0.8244752124586824,5620.62038403388,-5489.036991989876,87.98709721050339,car,0 days 01:45:00.020000
2024-03-24 04:49:43.418,0 days 01:45:00.220000,0 days 00:01:06.132000,11331,219,5,12,True,0,car,4296.067500000003,0.8268167967938895,5482.225730060468,-5526.144621255249,87.44440180826615,car,0 days 01:45:00.220000
2024-03-24 04:49:43.578,0 days 01:45:00.380000,0 days 00:01:06.292000,11133,215,5,0,True,0,car,4305.6230555555585,0.8286558493311299,5360.905938992124,-5549.7310635298445,86.2526861888888,car,0 days 01:45:00.380000
2024-03-24 04:49:43.778,0 days 01:45:00.580000,0 days 00:01:06.492000,10745,208,5,0,True,0,car,4317.178611111114,0.8308798198412809,5252.307655680404,-5562.722501074766,85.30318829968108,car,0 days 01:45:00.580000
2024-03-24 04:49:43.978,0 days 01:45:00.780000,0 days 00:01:06.692000,10551,202,5,0,False,0,car,4328.400833333336,0.8330396373559468,5165.454988706217,-5561.090466115345,84.99959717701022,car,0 days 01:45:00.780000
2024-03-24 04:49:44.339,0 days 01:45:01.141000,0 days 00:01:07.053000,10023,194,5,3,False,0,car,4347.854722222225,0.8367837130941179,4948.864744567392,-5510.310081880071,83.61377427588762,car,0 days 01:45:01.141000
2024-03-24 04:49:44.619,0 days 01:45:01.421000,0 days 00:01:07.333000,9899,187,5,44,False,0,car,4362.39916666667,0.8395829221304523,4802.442038205418,-5431.182859484515,82.51089588285438,car,0 days 01:45:01.421000
2024-03-24 04:49:44.819,0 days 01:45:01.621000,0 days 00:01:07.533000,10130,190,5,64,False,0,car,4372.954722222225,0.8416144336541479,4735.567112332894,-5372.565923949458,82.90568193088131,car,0 days 01:45:01.621000
2024-03-24 04:49:45.259,0 days 01:45:02.061000,0 days 00:01:07.973000,10834,199,5,100,False,0,car,4397.2769444444475,0.8462954638913792,4599.130527936505,-5228.952613418991,82.9980163230924,car,0 days 01:45:02.061000
2024-03-24 04:49:45.539,0 days 01:45:02.341000,0 days 00:01:08.253000,11221,208,5,100,False,0,car,4413.454722222225,0.8494090226055907,4474.176025036108,-5057.964307159631,83.00118752667682,car,0 days 01:45:02.341000
2024-03-24 04:49:45.859,0 days 01:45:02.661000,0 days 00:01:08.573000,11615,216,5,100,False,0,car,4432.654722222225,0.853104235145534,4410.451618310199,-4950.176823222454,82.9988458876854,car,0 days 01:45:02.661000
2024-03-24 04:49:46.099,0 days 01:45:02.901000,0 days 00:01:08.813000,11863,219,5,100,False,0,car,4447.254722222226,0.8559141363477826,4337.638473866991,-4817.690750875537,83.00338187270275,car,0 days 01:45:02.901000
2024-03-24 04:49:46.339,0 days 01:45:03.141000,0 days 00:01:09.053000,11088,226,5,100,False,0,car,4462.321388888892,0.8588138517437103,4269.546869196363,-4683.6980297135015,82.98089448329901,car,0 days 01:45:03.141000
2024-03-24 04:49:46.619,0 days 01:45:03.421000,0 days 00:01:09.333000,9958,230,5,100,False,0,car,4480.210277777781,0.8622567291680786,4190.795382776311,-4521.862117779675,84.6355695079713,car,0 days 01:45:03.421000
2024-03-24 04:49:46.819,0 days 01:45:03.621000,0 days 00:01:09.533000,10378,231,6,100,False,0,car,4493.043611111115,0.8647266194942561,4138.983363923283,-4411.2712823963175,84.98493166001337,car,0 days 01:45:03.621000
2024-03-24 04:49:47.059,0 days 01:45:03.861000,0 days 00:01:09.773000,10029,226,6,20,True,0,car,4508.110277777781,0.8676263348901838,4046.5215949536578,-4209.415372677703,85.7917079285859,car,0 days 01:45:03.861000
2024-03-24 04:49:47.218,0 days 01:45:04.020000,0 days 00:01:09.932000,10029,202,6,20,True,0,car,4517.0319444444485,0.8693433898143432,4015.1963696984562,-4140.635940977845,86.5441206986865,car,0 days 01:45:04.020000
2024-03-24 04:49:47.458,0 days 01:45:04.260000,0 days 00:01:10.172000,9239,185,6,0,True,0,car,4529.365277777782,0.8717170506472929,3982.5359942512073,-4076.624222156353,87.07628913655051,car,0 days 01:45:04.260000
2024-03-24 04:49:47.658,0 days 01:45:04.460000,0 days 00:01:10.372000,9834,162,6,0,True,0,car,4538.365277777782,0.8734491815253912,3932.3374169864733,-3987.356716579503,86.97630064627971,car,0 days 01:45:04.460000
2024-03-24 04:49:47.818,0 days 01:45:04.620000,0 days 00:01:10.532000,9474,147,6,0,True,0,car,4544.898611111114,0.8747065802368996,3893.440306862796,-3927.351890385161,87.051410688445,car,0 days 01:45:04.620000
2024-03-24 04:49:47.978,0 days 01:45:04.780000,0 days 00:01:10.692000,9483,142,4,0,True,0,car,4551.2097222222255,0.8759212102847513,3847.9198349415874,-3857.8686784470606,87.51814483498309,car,0 days 01:45:04.780000
2024-03-24 04:49:48.218,0 days 01:45:05.020000,0 days 00:01:10.932000,9423,128,4,0,True,0,car,4559.743055555559,0.8775635269691706,3794.5436290805374,-3778.491631713846,88.1360728721065,car,0 days 01:45:05.020000
2024-03-24 04:49:48.498,0 days 01:45:05.300000,0 days 00:01:11.212000,8604,120,3,0,True,0,car,4569.076388888892,0.8793598108427542,3746.1289494170032,-3725.5915854698724,87.94467839239739,car,0 days 01:45:05.300000
2024-03-24 04:49:48.658,0 days 01:45:05.460000,0 days 00:01:11.372000,8308,113,3,0,True,0,car,4574.098611111114,0.8803263826413966,3689.6357893805975,-3677.586921136116,87.19621190423443,car,0 days 01:45:05.460000
2024-03-24 04:49:48.898,0 days 01:45:05.700000,0 days 00:01:11.612000,7581,107,3,0,True,0,car,4581.231944444447,0.8816992567447783,3634.015184983531,-3641.8701859623516,86.31626753358802,car,0 days 01:45:05.700000
2024-03-24 04:49:49.378,0 days 01:45:06.180000,0 days 00:01:12.092000,7037,97,3,0,False,0,car,4594.165277777781,0.8841883929696012,3522.13111494644,-3631.821259027573,85.94921879334592,car,0 days 01:45:06.180000
2024-03-24 04:49:49.578,0 days 01:45:06.380000,0 days 00:01:12.292000,6947,95,3,0,False,0,car,4599.443055555559,0.8852041487314491,3469.18524273704,-3641.7711337974097,86.31725397347822,car,0 days 01:45:06.380000
2024-03-24 04:49:49.938,0 days 01:45:06.740000,0 days 00:01:12.652000,6845,90,3,19,False,0,car,4608.443055555559,0.8869362796095475,3383.7762277523098,-3679.0130351361468,87.01509529348063,car,0 days 01:45:06.740000
2024-03-24 04:49:50.098,0 days 01:45:06.900000,0 days 00:01:12.812000,7108,91,3,27,False,0,car,4612.487500000004,0.8877146692881004,3350.4153301324573,-3702.481789717277,86.99721830394,car,0 days 01:45:06.900000
2024-03-24 04:49:50.298,0 days 01:45:07.100000,0 days 00:01:13.012000,7102,93,3,32,False,0,car,4617.654166666671,0.88870904071812,3311.37609821584,-3736.639898110909,87.00010156729743,car,0 days 01:45:07.100000
2024-03-24 04:49:50.578,0 days 01:45:07.380000,0 days 00:01:13.292000,7572,99,3,51,False,0,car,4625.354166666671,0.8901909749138263,3259.9082918652384,-3791.692785019725,87.03306782465485,car,0 days 01:45:07.380000
2024-03-24 04:49:50.779,0 days 01:45:07.581000,0 days 00:01:13.493000,8336,105,3,63,False,0,car,4631.216666666671,0.891319265721921,3214.5644906926805,-3852.5958264897463,86.74339236472065,car,0 days 01:45:07.581000
2024-03-24 04:49:50.939,0 days 01:45:07.741000,0 days 00:01:13.653000,8665,113,3,69,False,0,car,4636.238888888894,0.8922858375205637,3174.885139442389,-3911.911433298048,86.14766243277161,car,0 days 01:45:07.741000
2024-03-24 04:49:51.139,0 days 01:45:07.941000,0 days 00:01:13.853000,9295,121,3,82,False,0,car,4642.961111111115,0.8935795895961803,3147.6449846840587,-3955.043648168643,85.49496597667589,car,0 days 01:45:07.941000
2024-03-24 04:49:51.379,0 days 01:45:08.181000,0 days 00:01:14.093000,10098,130,3,88,False,0,car,4651.627777777782,0.8952475674787936,3121.3961105256867,-4001.323664724136,85.0018813105795,car,0 days 01:45:08.181000
2024-03-24 04:49:51.779,0 days 01:45:08.581000,0 days 00:01:14.493000,9624,149,3,96,False,0,car,4668.183333333338,0.8984338329212216,3025.1645994168985,-4152.8049407972685,85.21956983071377,car,0 days 01:45:08.581000
2024-03-24 04:49:52.019,0 days 01:45:08.821000,0 days 00:01:14.733000,9562,153,4,30,True,0,car,4678.383333333339,0.9003969145830666,2971.5398479994137,-4212.464232182901,85.00907885167324,car,0 days 01:45:08.821000
2024-03-24 04:49:52.419,0 days 01:45:09.221000,0 days 00:01:15.133000,8828,144,4,0,True,0,car,4694.383333333339,0.9034762583663526,2809.5884370527174,-4340.829508452038,82.73739644999532,car,0 days 01:45:09.221000
2024-03-24 04:49:52.579,0 days 01:45:09.381000,0 days 00:01:15.293000,8627,139,4,0,True,0,car,4700.561111111117,0.9046652272160103,2721.8490154257147,-4389.601370945077,82.17248918748487,car,0 days 01:45:09.381000
2024-03-24 04:49:52.739,0 days 01:45:09.541000,0 days 00:01:15.453000,8324,136,4,0,True,0,car,4706.605555555561,0.905828534867474,2673.989016260546,-4401.125335397708,81.91508953600461,car,0 days 01:45:09.541000
2024-03-24 04:49:52.899,0 days 01:45:09.701000,0 days 00:01:15.613000,8201,134,4,1,False,0,car,4712.561111111117,0.9069747350534748,2670.516693380988,-4374.038729891692,81.95629626214884,car,0 days 01:45:09.701000
2024-03-24 04:49:53.259,0 days 01:45:10.061000,0 days 00:01:15.973000,8088,129,4,4,False,0,car,4725.461111111116,0.9094574559787492,2568.2527200218124,-4391.471200083921,81.99900496146299,car,0 days 01:45:10.061000
2024-03-24 04:49:53.659,0 days 01:45:10.461000,0 days 00:01:16.373000,8317,128,4,48,False,0,car,4739.683333333339,0.9121946504527813,2430.6320273949755,-4407.6365036895895,81.99995530260541,car,0 days 01:45:10.461000
2024-03-24 04:49:53.819,0 days 01:45:10.621000,0 days 00:01:16.533000,8301,132,4,50,False,0,car,4745.550000000006,0.9133237431733195,2373.7183644743227,-4404.085113107746,81.99999963276325,car,0 days 01:45:10.621000
2024-03-24 04:49:54.018,0 days 01:45:10.820000,0 days 00:01:16.732000,8612,136,4,57,False,0,car,4753.067777777784,0.9147706070648274,2301.578900479827,-4390.9034354310825,82.00000158851842,car,0 days 01:45:10.820000
2024-03-24 04:49:54.378,0 days 01:45:11.180000,0 days 00:01:17.092000,9256,144,4,67,False,0,car,4767.467777777783,0.9175420164697848,2172.1284400586787,-4345.766715122445,82.00000004635287,car,0 days 01:45:11.180000
2024-03-24 04:49:54.578,0 days 01:45:11.380000,0 days 00:01:17.292000,9869,149,4,97,False,0,car,4775.745555555562,0.9191351491909988,2103.3999992211116,-4304.50187963073,81.99999999152674,car,0 days 01:45:11.380000
2024-03-24 04:49:54.818,0 days 01:45:11.620000,0 days 00:01:17.532000,10354,158,4,100,False,0,car,4786.2788888888945,0.9211623838483287,2023.8876411175154,-4239.1668040326595,82.0000000021717,car,0 days 01:45:11.620000
2024-03-24 04:49:55.138,0 days 01:45:11.940000,0 days 00:01:17.852000,11129,167,4,100,False,0,car,4801.123333333339,0.9240193305805998,1916.8808941869072,-4137.60442968723,82.00000000010604,car,0 days 01:45:11.940000
2024-03-24 04:49:55.578,0 days 01:45:12.380000,0 days 00:01:18.292000,11896,176,4,100,False,0,car,4822.63444444445,0.9281593372225732,1761.9226650065295,-3987.079689499474,82.00000000000091,car,0 days 01:45:12.380000
2024-03-24 04:49:55.818,0 days 01:45:12.620000,0 days 00:01:18.532000,10216,195,4,100,False,0,car,4835.63444444445,0.930661304046493,1671.1677730099861,-3899.5298546878175,81.99999999999983,car,0 days 01:45:12.620000
2024-03-24 04:49:56.018,0 days 01:45:12.820000,0 days 00:01:18.732000,10989,208,5,100,False,0,car,4847.190000000006,0.9328852745566442,1590.5127944204578,-3821.462220611079,82.00000000000006,car,0 days 01:45:12.820000
2024-03-24 04:49:56.218,0 days 01:45:13.020000,0 days 00:01:18.932000,11283,214,5,100,False,0,car,4859.078888888895,0.9351733980622803,1508.449809353505,-3742.209992634069,82.0,car,0 days 01:45:13.020000
2024-03-24 04:49:56.458,0 days 01:45:13.260000,0 days 00:01:19.172000,11495,217,5,96,True,0,car,4873.545555555561,0.9379576380663347,1405.1844285713037,-3642.3465984445897,81.99999999999997,car,0 days 01:45:13.260000
2024-03-24 04:49:56.778,0 days 01:45:13.580000,0 days 00:01:19.492000,10863,190,5,0,True,0,car,4890.4344444444505,0.9412080565042479,1263.5259438821708,-3506.313559202967,81.99999999999999,car,0 days 01:45:13.580000
2024-03-24 04:49:57.058,0 days 01:45:13.860000,0 days 00:01:19.772000,9463,163,5,0,True,0,car,4903.112222222228,0.9436480087658655,1120.58323590735,-3368.0747661942423,82.0,car,0 days 01:45:13.860000
2024-03-24 04:49:57.258,0 days 01:45:14.060000,0 days 00:01:19.972000,10258,148,4,0,True,0,car,4911.33444444445,0.9452304493211652,1101.4576825474542,-3349.4413807879005,82.00000000000003,car,0 days 01:45:14.060000
2024-03-24 04:49:57.579,0 days 01:45:14.381000,0 days 00:01:20.293000,9411,124,3,0,True,0,car,4922.391111111117,0.9473584041814069,1015.3258003715541,-3266.848621077917,82.0,car,0 days 01:45:14.381000
2024-03-24 04:49:57.859,0 days 01:45:14.661000,0 days 00:01:20.573000,9018,102,2,73,True,0,car,4930.324444444451,0.9488852454739529,952.6201484977461,-3207.0143527613477,82.0,car,0 days 01:45:14.661000
2024-03-24 04:49:58.099,0 days 01:45:14.901000,0 days 00:01:20.813000,7622,89,2,100,True,0,car,4936.257777777784,0.9500271687935882,891.2753583902112,-3147.7728449814654,82.00000000000001,car,0 days 01:45:14.901000
2024-03-24 04:49:58.419,0 days 01:45:15.221000,0 days 00:01:21.133000,6560,78,2,100,False,0,car,4943.191111111118,0.9513615510996788,859.4871710761211,-3116.4546887992624,82.00000000000001,car,0 days 01:45:15.221000
2024-03-24 04:49:58.579,0 days 01:45:15.381000,0 days 00:01:21.293000,6817,79,2,100,False,0,car,4946.702222222229,0.9520372959854555,829.7833985244495,-3087.0593257023947,82.00000000000001,car,0 days 01:45:15.381000
2024-03-24 04:49:58.859,0 days 01:45:15.661000,0 days 00:01:21.573000,6829,79,2,100,False,0,car,4952.846666666673,0.9532198495355646,769.7299348267832,-3028.869061434648,82.0,car,0 days 01:45:15.661000
2024-03-24 04:49:59.259,0 days 01:45:16.061000,0 days 00:01:21.973000,6954,80,2,100,False,0,car,4961.735555555561,0.9549305960818345,715.8324785771549,-2977.9103097812385,82.0,car,0 days 01:45:16.061000
2024-03-24 04:49:59.539,0 days 01:45:16.341000,0 days 00:01:22.253000,6908,80,2,100,False,0,car,4967.957777777784,0.9561281186642236,680.33887780391,-2943.215503007924,82.00000000000001,car,0 days 01:45:16.341000
2024-03-24 04:49:59.699,0 days 01:45:16.501000,0 days 00:01:22.413000,6869,79,2,46,True,0,car,4971.468888888895,0.9568038635500002,654.3274998503487,-2918.314620779148,82.0,car,0 days 01:45:16.501000
2024-03-24 04:50:00.059,0 days 01:45:16.861000,0 days 00:01:22.773000,6370,70,2,0,True,0,car,4978.468888888895,0.9581510764551879,600.5912232996085,-2866.214681053112,81.99999999999999,car,0 days 01:45:16.861000
2024-03-24 04:50:00.499,0 days 01:45:17.301000,0 days 00:01:23.213000,5425,59,1,0,True,0,car,4985.680000000006,0.9595389195908494,544.944787147356,-2812.6316104659063,82.0,car,0 days 01:45:17.301000
2024-03-24 04:50:00.698,0 days 01:45:17.500000,0 days 00:01:23.412000,4025,55,1,0,True,0,car,4988.720277777784,0.9601240483705034,522.2597307127344,-2791.0151651692504,82.0,car,0 days 01:45:17.500000
2024-03-24 04:50:00.898,0 days 01:45:17.700000,0 days 00:01:23.612000,3854,50,1,0,True,0,car,4991.498055555561,0.9606586566662126,503.28698364594976,-2770.974136083286,82.00000000000003,car,0 days 01:45:17.700000
2024-03-24 04:50:01.338,0 days 01:45:18.140000,0 days 00:01:24.052000,3762,33,1,0,True,0,car,4995.531388888895,0.9614349079115828,456.5415309907448,-2726.6501496917836,82.0,car,0 days 01:45:18.140000
2024-03-24 04:50:01.618,0 days 01:45:18.420000,0 days 00:01:24.332000,3827,23,1,0,True,0,car,4997.320277777784,0.9617791956540197,441.67871655074765,-2713.472174819767,82.0,car,0 days 01:45:18.420000
2024-03-24 04:50:01.938,0 days 01:45:18.740000,0 days 00:01:24.652000,3824,14,1,0,True,0,car,4998.564722222229,0.9620187001704975,433.6648995804874,-2704.8903226098964,82.00000000000001,car,0 days 01:45:18.740000
2024-03-24 04:50:02.178,0 days 01:45:18.980000,0 days 00:01:24.892000,3710,7,1,0,True,0,car,4999.031388888895,0.9621085143641767,429.26411284348694,-2700.4439192072678,82.00000000000001,car,0 days 01:45:18.980000
2024-03-24 04:50:02.418,0 days 01:45:19.220000,0 days 00:01:25.132000,3705,0,1,0,True,0,car,4999.031388888895,0.9621085143641767,425.99993093685447,-2698.380155958724,82.0,car,0 days 01:45:19.220000
2024-03-24 04:50:02.618,0 days 01:45:19.420000,0 days 00:01:25.332000,3746,0,1,0,True,0,car,4999.031388888895,0.9621085143641767,426.60521242101146,-2698.755310171147,81.99999999999999,car,0 days 01:45:19.420000
2024-03-24 04:50:02.858,0 days 01:45:19.660000,0 days 00:01:25.572000,3849,0,1,0,True,0,car,4999.031388888895,0.9621085143641767,427.15908059087195,-2699.09859834556,82.0,car,0 days 01:45:19.660000
2024-03-24 04:50:03.018,0 days 01:45:19.820000,0 days 00:01:25.732000,3814,0,1,0,True,0,car,4999.031388888895,0.9621085143641767,427.0701506754816,-2699.043479472,82.0,car,0 days 01:45:19.820000
2024-03-24 04:50:03.258,0 days 01:45:20.060000,0 days 00:01:25.972000,3713,0,1,0,True,0,car,4999.031388888895,0.9621085143641767,426.99601822246353,-2698.997532094721,82.0,car,0 days 01:45:20.060000
2024-03-24 04:50:03.458,0 days 01:45:20.260000,0 days 00:01:26.172000,4142,0,1,18,True,0,car,4999.031388888895,0.9621085143641767,427.0029054892426,-2699.001800769848,82.0,car,0 days 01:45:20.260000
2024-03-24 04:50:03.698,0 days 01:45:20.500000,0 days 00:01:26.412000,5822,0,1,16,True,0,car,4999.031388888895,0.9621085143641767,426.9998528435686,-2698.9999088646973,82.0,car,0 days 01:45:20.500000
2024-03-24 04:50:03.979,0 days 01:45:20.781000,0 days 00:01:26.693000,7782,0,1,16,True,0,car,4999.031388888895,0.9621085143641767,427.000078702768,-2699.000046107575,82.0,car,0 days 01:45:20.781000
2024-03-24 04:50:04.339,0 days 01:45:21.141000,0 days 00:01:27.053000,10180,0,1,16,True,0,car,4999.031388888895,0.9621085143641767,427.00002902394556,-2699.0000289077907,81.99999999999999,car,0 days 01:45:21.141000
2024-03-24 04:50:04.499,0 days 01:45:21.301000,0 days 00:01:27.213000,10165,0,1,16,True,0,car,4999.031388888895,0.9621085143641767,426.9998537550556,-2698.999858398255,82.0,car,0 days 01:45:21.301000
2024-03-24 04:50:04.739,0 days 01:45:21.541000,0 days 00:01:27.453000,10204,0,1,16,True,0,car,4999.031388888895,0.9621085143641767,427.0010468760458,-2699.001011579034,82.0,car,0 days 01:45:21.541000
2024-03-24 04:50:04.939,0 days 01:45:21.741000,0 days 00:01:27.653000,10286,0,1,19,True,0,car,4999.031388888895,0.9621085143641767,426.99180162900075,-2698.9920782475274,82.0,car,0 days 01:45:21.741000
2024-03-24 04:50:05.099,0 days 01:45:21.901000,0 days 00:01:27.813000,10369,0,1,19,True,0,car,4999.031388888895,0.9621085143641767,426.9955125659306,-2698.995663983841,82.0,car,0 days 01:45:21.901000
2024-03-24 04:50:05.379,0 days 01:45:22.181000,0 days 00:01:28.093000,10861,0,1,27,False,0,car,4999.031388888895,0.9621085143641767,427.024386381047,-2699.023563512736,82.00000000000001,car,0 days 01:45:22.181000
2024-03-24 04:50:05.819,0 days 01:45:22.621000,0 days 00:01:28.533000,7781,16,1,28,False,0,car,5000.98694444445,0.9624848786043559,416.08204259259855,-2688.079641289265,82.0,car,0 days 01:45:22.621000
2024-03-24 04:50:05.979,0 days 01:45:22.781000,0 days 00:01:28.693000,6661,19,1,25,False,0,car,5001.831388888894,0.9626473995262516,411.254735211338,-2683.661502991202,82.0,car,0 days 01:45:22.781000
2024-03-24 04:50:06.179,0 days 01:45:22.981000,0 days 00:01:28.893000,5518,26,1,25,False,0,car,5003.275833333339,0.9629253958400203,405.9584575132125,-2678.945552253101,82.0,car,0 days 01:45:22.981000
2024-03-24 04:50:06.379,0 days 01:45:23.181000,0 days 00:01:29.093000,5098,32,1,26,False,0,car,5005.053611111116,0.9632675451492744,394.85092866650575,-2667.9025843095837,81.99999999999999,car,0 days 01:45:23.181000
2024-03-24 04:50:06.619,0 days 01:45:23.421000,0 days 00:01:29.333000,5374,44,1,31,False,0,car,5007.986944444449,0.9638320915095434,377.3698478440318,-2651.4805712980306,82.0,car,0 days 01:45:23.421000
2024-03-24 04:50:06.819,0 days 01:45:23.621000,0 days 00:01:29.533000,6111,52,1,35,False,0,car,5010.875833333338,0.9643880841370812,359.5876561201463,-2633.5249120516587,82.00000000000001,car,0 days 01:45:23.621000
2024-03-24 04:50:07.298,0 days 01:45:24.100000,0 days 00:01:30.012000,7859,69,1,46,False,0,car,5020.056666666671,0.9661550180152302,303.53839305421417,-2579.8605978181636,82.0,car,0 days 01:45:24.100000
2024-03-24 04:50:07.578,0 days 01:45:24.380000,0 days 00:01:30.292000,9185,78,1,100,False,0,car,5026.1233333333375,0.9673226025330595,227.88184836891364,-2507.5732586175336,82.0,car,0 days 01:45:24.380000
2024-03-24 04:50:07.738,0 days 01:45:24.540000,0 days 00:01:30.452000,8982,79,1,100,False,0,car,5029.6344444444485,0.9679983474188361,171.69985314784822,-2452.7941525145075,82.0,car,0 days 01:45:24.540000
2024-03-24 04:50:08.098,0 days 01:45:24.900000,0 days 00:01:30.812000,8812,80,1,100,False,0,car,5037.6344444444485,0.9695380193104791,117.23155909355296,-2399.8142972195974,82.0,car,0 days 01:45:24.900000
2024-03-24 04:50:08.538,0 days 01:45:25.340000,0 days 00:01:31.252000,7366,80,2,100,False,0,car,5047.412222222226,0.9714198405113761,49.05026354748014,-2334.285004582892,82.0,car,0 days 01:45:25.340000
2024-03-24 04:50:08.738,0 days 01:45:25.540000,0 days 00:01:31.452000,6893,81,2,100,False,0,car,5051.912222222226,0.9722859059504252,18.574335826538206,-2304.601248827657,82.00000000000001,car,0 days 01:45:25.540000
2024-03-24 04:50:09.018,0 days 01:45:25.820000,0 days 00:01:31.732000,6943,80,2,100,False,0,car,5058.1344444444485,0.9734834285328143,-35.304987557917784,-2251.5786560627757,82.0,car,0 days 01:45:25.820000
2024-03-24 04:50:09.338,0 days 01:45:26.140000,0 days 00:01:32.052000,6904,80,2,100,False,0,car,5065.24555555556,0.9748520257698304,-84.22933479244594,-2205.224531793859,82.00000000000001,car,0 days 01:45:26.140000
2024-03-24 04:50:09.498,0 days 01:45:26.300000,0 days 00:01:32.212000,7188,80,2,100,False,0,car,5068.8011111111155,0.9755363243883384,-101.46281672656995,-2188.565004468014,82.00000000000001,car,0 days 01:45:26.300000
2024-03-24 04:50:09.738,0 days 01:45:26.540000,0 days 00:01:32.452000,6945,80,2,100,False,0,car,5074.1344444444485,0.9765627723161003,-139.32488987352718,-2150.5781429923413,82.00000000000001,car,0 days 01:45:26.540000
2024-03-24 04:50:09.898,0 days 01:45:26.700000,0 days 00:01:32.612000,6752,80,2,100,False,0,car,5077.690000000004,0.9772470709346084,-164.21978783436245,-2126.171864732867,82.0,car,0 days 01:45:26.700000
2024-03-24 04:50:10.098,0 days 01:45:26.900000,0 days 00:01:32.812000,6921,80,2,100,False,0,car,5082.1344444444485,0.9781024442077434,-196.66289875944148,-2095.3256676916535,82.0,car,0 days 01:45:26.900000
2024-03-24 04:50:10.258,0 days 01:45:27.060000,0 days 00:01:32.972000,6877,80,2,100,False,0,car,5085.690000000004,0.9787867428262514,-224.30575073284092,-2068.3072814938087,82.00000000000001,car,0 days 01:45:27.060000
2024-03-24 04:50:10.539,0 days 01:45:27.341000,0 days 00:01:33.253000,6929,80,2,100,False,0,car,5091.934444444449,0.9799885422750061,-269.7605138696653,-2025.3679701634485,82.00000000000001,car,0 days 01:45:27.341000
2024-03-24 04:50:10.739,0 days 01:45:27.541000,0 days 00:01:33.453000,6899,80,2,100,False,0,car,5096.378888888893,0.9808439155481411,-301.62668236354466,-1994.3612382740973,81.99999999999999,car,0 days 01:45:27.541000
2024-03-24 04:50:11.059,0 days 01:45:27.861000,0 days 00:01:33.773000,7046,80,2,100,False,0,car,5103.490000000004,0.9822125127851572,-360.00448704186954,-1938.439321884884,82.00000000000001,car,0 days 01:45:27.861000
2024-03-24 04:50:11.339,0 days 01:45:28.141000,0 days 00:01:34.053000,6909,80,2,100,False,0,car,5109.712222222227,0.9834100353675463,-393.9453586398564,-1905.405657070532,82.0,car,0 days 01:45:28.141000
2024-03-24 04:50:11.579,0 days 01:45:28.381000,0 days 00:01:34.293000,6923,80,2,100,False,0,car,5115.045555555561,0.9844364832953084,-436.07527405623307,-1864.4219061054455,82.0,car,0 days 01:45:28.381000
2024-03-24 04:50:11.979,0 days 01:45:28.781000,0 days 00:01:34.693000,6926,80,2,100,False,0,car,5123.93444444445,0.9861472298415784,-499.6199594562198,-1803.8002296570833,82.00000000000001,car,0 days 01:45:28.781000
2024-03-24 04:50:12.139,0 days 01:45:28.941000,0 days 00:01:34.853000,6906,80,2,100,False,0,car,5127.490000000005,0.9868315284600865,-525.2724345958856,-1778.4694983269478,82.00000000000001,car,0 days 01:45:28.941000
2024-03-24 04:50:12.339,0 days 01:45:29.141000,0 days 00:01:35.053000,6835,80,2,100,False,0,car,5131.93444444445,0.9876869017332214,-557.2763828255249,-1748.3265292534475,81.99999999999999,car,0 days 01:45:29.141000
2024-03-24 04:50:12.579,0 days 01:45:29.381000,0 days 00:01:35.293000,6859,80,2,100,False,0,car,5137.2677777777835,0.9887133496609836,-595.5719322354148,-1711.435435618918,81.99999999999999,car,0 days 01:45:29.381000
2024-03-24 04:50:12.819,0 days 01:45:29.621000,0 days 00:01:35.533000,6971,80,2,100,False,0,car,5142.601111111117,0.9897397975887455,-633.3577643704475,-1674.2717943541686,82.0,car,0 days 01:45:29.621000
2024-03-24 04:50:13.019,0 days 01:45:29.821000,0 days 00:01:35.733000,6868,80,2,100,False,0,car,5147.045555555561,0.9905951708618805,-663.1251173228271,-1645.7722326904584,82.0,car,0 days 01:45:29.821000
2024-03-24 04:50:13.179,0 days 01:45:29.981000,0 days 00:01:35.893000,6879,80,2,100,False,0,car,5150.601111111117,0.9912794694803886,-686.9908652304853,-1622.1630298486643,82.0,car,0 days 01:45:29.981000
2024-03-24 04:50:13.379,0 days 01:45:30.181000,0 days 00:01:36.093000,6928,80,2,100,False,0,car,5155.045555555561,0.9921348427535235,-719.5593390540372,-1591.2053250609865,82.0,car,0 days 01:45:30.181000
2024-03-24 04:50:13.779,0 days 01:45:30.581000,0 days 00:01:36.493000,6912,80,2,100,False,0,car,5163.93444444445,0.9938455892997935,-782.7633954884639,-1530.253817698228,82.0,car,0 days 01:45:30.581000
2024-03-24 04:50:13.979,0 days 01:45:30.781000,0 days 00:01:36.693000,6909,80,2,100,False,0,car,5168.378888888894,0.9947009625729285,-817.6964965831787,-1495.6189449400515,82.0,car,0 days 01:45:30.781000
2024-03-24 04:50:14.138,0 days 01:45:30.940000,0 days 00:01:36.852000,6910,80,2,76,False,0,car,5171.912222222228,0.9953809843250709,-852.5693461558211,-1461.8678774999007,82.0,car,0 days 01:45:30.940000
2024-03-24 04:50:14.378,0 days 01:45:31.180000,0 days 00:01:37.092000,6986,80,2,62,False,0,car,5177.245555555561,0.9964074322528329,-901.5872664596566,-1415.3078765771415,81.99999999999997,car,0 days 01:45:31.180000
2024-03-24 04:50:14.738,0 days 01:45:31.540000,0 days 00:01:37.452000,6928,80,2,55,False,0,car,5185.245555555561,0.997947104144476,-948.9548385463127,-1370.1896475331514,82.00000000000001,car,0 days 01:45:31.540000
2024-03-24 04:50:15.058,0 days 01:45:31.860000,0 days 00:01:37.772000,6921,80,2,53,False,0,car,5192.356666666672,0.999315701381492,-982.4043781603958,-1337.0619849495213,82.0,car,0 days 01:45:31.860000
