Date_x,SessionTime_x,Time,RPM_x,Speed_x,nGear_x,Throttle_x,Brake_x,DRS_x,Source_x,Distance,RelativeDistance,X,Y,Z,Source_y,SessionTime_y
2024-06-09 19:29:45.869,0 days 01:30:39.872000,0 days 00:00:00.282000,10204,227,6,86,False,1,car,17.955000000000002,0.004154166772976949,3375,741,128,car,0 days 01:30:39.872000
2024-06-09 19:29:46.109,0 days 01:30:40.112000,0 days 00:00:00.522000,9631,223,6,0,True,1,car,32.82166666666667,0.007593799894201714,3387,591,127,car,0 days 01:30:40.112000
2024-06-09 19:29:46.389,0 days 01:30:40.392000,0 days 00:00:00.802000,9334,201,6,0,True,1,car,48.455000000000005,0.011210813198808022,3394,415,127,car,0 days 01:30:40.392000
2024-06-09 19:29:46.829,0 days 01:30:40.832000,0 days 00:00:01.242000,8877,172,5,5,False,1,car,69.47722222222222,0.016074629241675922,3391,201,128,car,0 days 01:30:40.832000
2024-06-09 19:29:47.109,0 days 01:30:41.112000,0 days 00:00:01.522000,8592,169,5,22,False,1,car,82.62166666666667,0.019115799632116057,3385,69,128,car,0 days 01:30:41.112000
2024-06-09 19:29:47.429,0 days 01:30:41.432000,0 days 00:00:01.842000,8729,168,5,38,False,1,car,97.555,0.022570857117113128,3374,-78,128,car,0 days 01:30:41.432000
2024-06-09 19:29:47.629,0 days 01:30:41.632000,0 days 00:00:02.042000,8778,169,5,42,False,1,car,106.94388888888888,0.024743121681713217,3365,-171,129,car,0 days 01:30:41.632000
2024-06-09 19:29:47.909,0 days 01:30:41.912000,0 days 00:00:02.322000,8842,170,5,51,False,1,car,120.1661111111111,0.027802287163221043,3351,-312,130,car,0 days 01:30:41.912000
2024-06-09 19:29:48.069,0 days 01:30:42.072000,0 days 00:00:02.482000,8756,172,5,38,False,1,car,127.81055555555555,0.029570947542445734,3340,-405,129,car,0 days 01:30:42.072000
2024-06-09 19:29:48.269,0 days 01:30:42.272000,0 days 00:00:02.682000,8265,168,5,0,True,1,car,137.14388888888888,0.0317303584705689,3329,-491,130,car,0 days 01:30:42.272000
2024-06-09 19:29:48.429,0 days 01:30:42.432000,0 days 00:00:02.842000,8276,163,5,0,True,1,car,144.38833333333332,0.033406472667159744,3323,-547,130,car,0 days 01:30:42.432000
2024-06-09 19:29:48.749,0 days 01:30:42.752000,0 days 00:00:03.162000,9081,141,5,0,True,1,car,156.92166666666665,0.03630625305635372,3308,-677,131,car,0 days 01:30:42.752000
2024-06-09 19:29:49.149,0 days 01:30:43.152000,0 days 00:00:03.562000,7628,125,4,3,False,1,car,170.81055555555554,0.03951966217558462,3293,-823,131,car,0 days 01:30:43.152000
2024-06-09 19:29:49.429,0 days 01:30:43.432000,0 days 00:00:03.842000,7465,124,4,6,True,1,car,180.45499999999998,0.04175105346797856,3286,-918,132,car,0 days 01:30:43.432000
2024-06-09 19:29:49.749,0 days 01:30:43.752000,0 days 00:00:04.162000,7501,114,4,0,True,1,car,190.5883333333333,0.044095556761369434,3281,-1022,132,car,0 days 01:30:43.752000
2024-06-09 19:29:50.029,0 days 01:30:44.032000,0 days 00:00:04.442000,7573,108,3,0,True,1,car,198.98833333333332,0.046039026596680285,3284,-1145,133,car,0 days 01:30:44.032000
2024-06-09 19:29:50.349,0 days 01:30:44.352000,0 days 00:00:04.762000,7573,104,3,10,False,1,car,208.23277777777776,0.048177871706440376,3296,-1245,133,car,0 days 01:30:44.352000
2024-06-09 19:29:50.789,0 days 01:30:44.792000,0 days 00:00:05.202000,7558,105,3,17,False,1,car,221.0661111111111,0.05114706173260974,3313,-1320,132,car,0 days 01:30:44.792000
2024-06-09 19:29:50.949,0 days 01:30:44.952000,0 days 00:00:05.362000,7558,105,3,17,False,1,car,225.73277777777776,0.052226767196671325,3335,-1368,133,car,0 days 01:30:44.952000
2024-06-09 19:29:51.109,0 days 01:30:45.112000,0 days 00:00:05.522000,7617,105,3,0,True,1,car,230.3994444444444,0.053306472660732906,3370,-1436,133,car,0 days 01:30:45.112000
2024-06-09 19:29:51.389,0 days 01:30:45.392000,0 days 00:00:05.802000,7212,101,3,1,False,1,car,238.25499999999994,0.0551239768585699,3399,-1480,132,car,0 days 01:30:45.392000
2024-06-09 19:29:51.549,0 days 01:30:45.552000,0 days 00:00:05.962000,7068,98,3,2,False,1,car,242.6105555555555,0.05613170195836071,3420,-1503,133,car,0 days 01:30:45.552000
2024-06-09 19:29:51.789,0 days 01:30:45.792000,0 days 00:00:06.202000,7005,97,3,13,False,1,car,249.07722222222216,0.05762786524427462,3465,-1550,134,car,0 days 01:30:45.792000
2024-06-09 19:29:52.029,0 days 01:30:46.032000,0 days 00:00:06.442000,7143,98,3,22,False,1,car,255.6105555555555,0.059139452893960845,3516,-1592,133,car,0 days 01:30:46.032000
2024-06-09 19:29:52.349,0 days 01:30:46.352000,0 days 00:00:06.762000,7240,99,3,25,False,1,car,264.41055555555545,0.061175468911905534,3607,-1656,135,car,0 days 01:30:46.352000
2024-06-09 19:29:52.589,0 days 01:30:46.592000,0 days 00:00:07.002000,7044,93,3,0,True,1,car,270.61055555555544,0.0626099347427302,3645,-1677,135,car,0 days 01:30:46.592000
2024-06-09 19:29:52.749,0 days 01:30:46.752000,0 days 00:00:07.162000,7785,86,3,0,True,1,car,274.4327777777777,0.06349426493234256,3681,-1697,134,car,0 days 01:30:46.752000
2024-06-09 19:29:52.949,0 days 01:30:46.952000,0 days 00:00:07.362000,7349,78,2,0,True,1,car,278.766111111111,0.0644968485775426,3725,-1721,133,car,0 days 01:30:46.952000
2024-06-09 19:29:53.189,0 days 01:30:47.192000,0 days 00:00:07.602000,6611,73,2,0,True,1,car,283.6327777777777,0.06562282713292111,3789,-1760,134,car,0 days 01:30:47.192000
2024-06-09 19:29:53.389,0 days 01:30:47.392000,0 days 00:00:07.802000,5963,68,2,0,True,1,car,287.41055555555545,0.06649687441335192,3817,-1779,135,car,0 days 01:30:47.392000
2024-06-09 19:29:53.629,0 days 01:30:47.632000,0 days 00:00:08.042000,5716,64,2,0,False,1,car,291.6772222222221,0.06748403369477965,3832,-1796,135,car,0 days 01:30:47.632000
2024-06-09 19:29:53.789,0 days 01:30:47.792000,0 days 00:00:08.202000,5588,61,2,0,False,1,car,294.3883333333332,0.06811129115485352,3849,-1815,134,car,0 days 01:30:47.792000
2024-06-09 19:29:54.309,0 days 01:30:48.312000,0 days 00:00:08.722000,5522,59,2,5,False,1,car,302.91055555555545,0.07008303899041361,3882,-1891,134,car,0 days 01:30:48.312000
2024-06-09 19:29:54.549,0 days 01:30:48.552000,0 days 00:00:08.962000,5429,60,2,6,False,1,car,306.91055555555545,0.07100850081675211,3884,-1945,135,car,0 days 01:30:48.552000
2024-06-09 19:29:54.870,0 days 01:30:48.873000,0 days 00:00:09.283000,5288,59,2,1,False,1,car,312.17138888888877,0.0722256759229344,3876,-2012,136,car,0 days 01:30:48.873000
2024-06-09 19:29:55.109,0 days 01:30:49.112000,0 days 00:00:09.522000,5299,57,2,5,False,1,car,315.95555555555546,0.07310120137156005,3868,-2035,136,car,0 days 01:30:49.112000
2024-06-09 19:29:55.269,0 days 01:30:49.272000,0 days 00:00:09.682000,5547,58,2,14,False,1,car,318.53333333333325,0.0736976101040893,3863,-2051,136,car,0 days 01:30:49.272000
2024-06-09 19:29:55.589,0 days 01:30:49.592000,0 days 00:00:10.002000,5996,62,2,18,False,1,car,324.04444444444437,0.07497269084260014,3842,-2100,137,car,0 days 01:30:49.592000
2024-06-09 19:29:55.789,0 days 01:30:49.792000,0 days 00:00:10.202000,5996,64,2,18,False,1,car,327.5999999999999,0.07579532357712325,3817,-2142,139,car,0 days 01:30:49.792000
2024-06-09 19:29:56.149,0 days 01:30:50.152000,0 days 00:00:10.562000,6287,69,2,21,False,1,car,334.4999999999999,0.07739174522755715,3790,-2176,141,car,0 days 01:30:50.152000
2024-06-09 19:29:56.309,0 days 01:30:50.312000,0 days 00:00:10.722000,6658,70,2,22,False,1,car,337.611111111111,0.07811154887026488,3766,-2198,141,car,0 days 01:30:50.312000
2024-06-09 19:29:56.469,0 days 01:30:50.472000,0 days 00:00:10.882000,6823,72,2,22,False,1,car,340.81111111111096,0.07885191833133567,3730,-2222,141,car,0 days 01:30:50.472000
2024-06-09 19:29:56.629,0 days 01:30:50.632000,0 days 00:00:11.042000,6631,74,2,19,False,1,car,344.09999999999985,0.07961285361076956,3701,-2238,142,car,0 days 01:30:50.632000
2024-06-09 19:29:56.869,0 days 01:30:50.872000,0 days 00:00:11.282000,6932,76,2,25,False,1,car,349.1666666666665,0.08078510525746499,3668,-2249,143,car,0 days 01:30:50.872000
2024-06-09 19:29:57.229,0 days 01:30:51.232000,0 days 00:00:11.642000,7116,80,2,26,False,1,car,357.1666666666665,0.08263602891014199,3590,-2264,145,car,0 days 01:30:51.232000
2024-06-09 19:29:57.469,0 days 01:30:51.472000,0 days 00:00:11.882000,7873,84,2,32,False,1,car,362.76666666666654,0.0839316754670159,3540,-2269,147,car,0 days 01:30:51.472000
2024-06-09 19:29:57.629,0 days 01:30:51.632000,0 days 00:00:12.042000,7993,85,2,35,False,1,car,366.5444444444443,0.0848057227474467,3494,-2271,149,car,0 days 01:30:51.632000
2024-06-09 19:29:57.869,0 days 01:30:51.872000,0 days 00:00:12.282000,8213,91,2,46,False,1,car,372.611111111111,0.08620933985072676,3408,-2271,152,car,0 days 01:30:51.872000
2024-06-09 19:29:58.229,0 days 01:30:52.232000,0 days 00:00:12.642000,9257,99,2,61,False,1,car,382.51111111111095,0.08849985787091455,3324,-2268,156,car,0 days 01:30:52.232000
2024-06-09 19:29:58.429,0 days 01:30:52.432000,0 days 00:00:12.842000,10481,106,2,71,False,1,car,388.39999999999986,0.08986234333746845,3283,-2265,158,car,0 days 01:30:52.432000
2024-06-09 19:29:58.629,0 days 01:30:52.632000,0 days 00:00:13.042000,10931,114,2,72,False,1,car,394.7333333333332,0.09132765789583774,3227,-2258,160,car,0 days 01:30:52.632000
2024-06-09 19:29:58.829,0 days 01:30:52.832000,0 days 00:00:13.242000,9687,122,2,74,False,1,car,401.511111111111,0.09289580154602244,3141,-2242,163,car,0 days 01:30:52.832000
2024-06-09 19:29:59.029,0 days 01:30:53.032000,0 days 00:00:13.442000,9585,130,3,79,False,1,car,408.7333333333332,0.0945667742880225,3054,-2225,166,car,0 days 01:30:53.032000
2024-06-09 19:29:59.469,0 days 01:30:53.472000,0 days 00:00:13.882000,11084,152,3,100,False,1,car,427.31111111111096,0.09886503032590577,2924,-2188,169,car,0 days 01:30:53.472000
2024-06-09 19:29:59.789,0 days 01:30:53.792000,0 days 00:00:14.202000,10606,165,3,100,False,1,car,441.97777777777765,0.1022583903558136,2756,-2134,172,car,0 days 01:30:53.792000
2024-06-09 19:29:59.949,0 days 01:30:53.952000,0 days 00:00:14.362000,10394,173,3,100,False,1,car,449.6666666666665,0.10403733364421984,2712,-2119,171,car,0 days 01:30:53.952000
2024-06-09 19:30:00.149,0 days 01:30:54.152000,0 days 00:00:14.562000,10905,180,4,100,False,1,car,459.66666666666646,0.10635098821006607,2627,-2089,175,car,0 days 01:30:54.152000
2024-06-09 19:30:00.469,0 days 01:30:54.472000,0 days 00:00:14.882000,10438,190,4,100,False,1,car,476.5555555555554,0.11025849369905086,2474,-2028,178,car,0 days 01:30:54.472000
2024-06-09 19:30:00.749,0 days 01:30:54.752000,0 days 00:00:15.162000,9365,199,5,100,False,1,car,492.0333333333332,0.1138395168215218,2339,-1963,177,car,0 days 01:30:54.752000
2024-06-09 19:30:01.069,0 days 01:30:55.072000,0 days 00:00:15.482000,10874,206,5,70,False,1,car,510.3444444444442,0.1180760754043158,2184,-1874,177,car,0 days 01:30:55.072000
2024-06-09 19:30:01.229,0 days 01:30:55.232000,0 days 00:00:15.642000,10590,208,5,59,True,1,car,519.5888888888886,0.12021492051407588,2104,-1823,177,car,0 days 01:30:55.232000
2024-06-09 19:30:01.470,0 days 01:30:55.473000,0 days 00:00:15.883000,10068,194,5,0,True,1,car,532.5761111111108,0.1232197151132863,1998,-1752,177,car,0 days 01:30:55.473000
2024-06-09 19:30:01.670,0 days 01:30:55.673000,0 days 00:00:16.083000,9729,176,5,0,True,1,car,542.3538888888885,0.12548195513322485,1874,-1665,176,car,0 days 01:30:55.673000
2024-06-09 19:30:01.989,0 days 01:30:55.992000,0 days 00:00:16.402000,9209,152,4,0,True,1,car,555.8227777777774,0.12859819076069023,1779,-1595,175,car,0 days 01:30:55.992000
2024-06-09 19:30:02.229,0 days 01:30:56.232000,0 days 00:00:16.642000,9476,136,4,0,True,1,car,564.889444444444,0.13069590423372415,1707,-1540,176,car,0 days 01:30:56.232000
2024-06-09 19:30:02.589,0 days 01:30:56.592000,0 days 00:00:17.002000,8547,119,3,25,False,1,car,576.789444444444,0.1334491531670812,1572,-1435,176,car,0 days 01:30:56.592000
2024-06-09 19:30:02.909,0 days 01:30:56.912000,0 days 00:00:17.322000,8865,122,3,50,False,1,car,587.6338888888885,0.1359581830073767,1518,-1392,175,car,0 days 01:30:56.912000
2024-06-09 19:30:03.189,0 days 01:30:57.192000,0 days 00:00:17.602000,9386,128,3,61,False,1,car,597.5894444444441,0.13826155466404141,1442,-1330,176,car,0 days 01:30:57.192000
2024-06-09 19:30:03.429,0 days 01:30:57.432000,0 days 00:00:17.842000,9926,134,3,71,False,1,car,606.5227777777774,0.14032841940953072,1354,-1258,175,car,0 days 01:30:57.432000
2024-06-09 19:30:03.749,0 days 01:30:57.752000,0 days 00:00:18.162000,10524,147,3,75,False,1,car,619.5894444444441,0.14335159470890319,1292,-1208,175,car,0 days 01:30:57.752000
2024-06-09 19:30:04.189,0 days 01:30:58.192000,0 days 00:00:18.602000,8836,152,4,0,True,1,car,638.1672222222219,0.14764985074678644,1146,-1091,175,car,0 days 01:30:58.192000
2024-06-09 19:30:04.509,0 days 01:30:58.512000,0 days 00:00:18.922000,8945,135,4,0,True,1,car,650.1672222222219,0.15042623622580195,1005,-972,176,car,0 days 01:30:58.512000
2024-06-09 19:30:04.829,0 days 01:30:58.832000,0 days 00:00:19.242000,8188,118,3,0,True,1,car,660.6561111111108,0.15285300279264513,968,-935,176,car,0 days 01:30:58.832000
2024-06-09 19:30:04.989,0 days 01:30:58.992000,0 days 00:00:19.402000,8025,111,3,1,True,1,car,665.5894444444441,0.15399440571179593,938,-906,175,car,0 days 01:30:58.992000
2024-06-09 19:30:05.149,0 days 01:30:59.152000,0 days 00:00:19.562000,8056,109,3,6,False,1,car,670.4338888888885,0.15511524281258368,849,-804,174,car,0 days 01:30:59.152000
2024-06-09 19:30:05.309,0 days 01:30:59.312000,0 days 00:00:19.722000,7852,109,3,9,False,1,car,675.278333333333,0.1562360799133714,787,-725,173,car,0 days 01:30:59.312000
2024-06-09 19:30:05.709,0 days 01:30:59.712000,0 days 00:00:20.122000,7444,104,3,4,True,1,car,686.8338888888885,0.15890963630057153,771,-670,170,car,0 days 01:30:59.712000
2024-06-09 19:30:05.869,0 days 01:30:59.872000,0 days 00:00:20.282000,7281,101,3,5,True,1,car,691.3227777777774,0.15994821012790697,763,-651,170,car,0 days 01:30:59.872000
2024-06-09 19:30:06.309,0 days 01:31:00.312000,0 days 00:00:20.722000,7294,99,3,12,False,1,car,703.4227777777775,0.16274773215258095,745,-514,169,car,0 days 01:31:00.312000
2024-06-09 19:30:06.589,0 days 01:31:00.592000,0 days 00:00:21.002000,7459,100,3,25,False,1,car,711.2005555555552,0.16454724125935025,749,-457,167,car,0 days 01:31:00.592000
2024-06-09 19:30:06.869,0 days 01:31:00.872000,0 days 00:00:21.282000,7279,105,3,44,False,1,car,719.3672222222219,0.16643672582145802,759,-382,164,car,0 days 01:31:00.872000
2024-06-09 19:30:07.069,0 days 01:31:01.072000,0 days 00:00:21.482000,7990,108,3,56,False,1,car,725.3672222222219,0.1678249185609658,766,-324,163,car,0 days 01:31:01.072000
2024-06-09 19:30:07.349,0 days 01:31:01.352000,0 days 00:00:21.762000,8212,118,3,60,False,1,car,734.5449999999997,0.16994833930695358,768,-236,160,car,0 days 01:31:01.352000
2024-06-09 19:30:07.629,0 days 01:31:01.632000,0 days 00:00:22.042000,8819,121,3,19,False,1,car,743.9561111111109,0.17212574532614444,758,-105,156,car,0 days 01:31:01.632000
2024-06-09 19:30:07.829,0 days 01:31:01.832000,0 days 00:00:22.242000,8636,121,3,8,False,1,car,750.6783333333331,0.17368103533985219,752,-68,154,car,0 days 01:31:01.832000
2024-06-09 19:30:07.989,0 days 01:31:01.992000,0 days 00:00:22.402000,8481,118,3,11,False,1,car,755.9227777777775,0.17489441862327376,742,-29,152,car,0 days 01:31:01.992000
2024-06-09 19:30:08.230,0 days 01:31:02.233000,0 days 00:00:22.643000,8693,117,3,22,False,1,car,763.7552777777775,0.17670658856197285,718,43,149,car,0 days 01:31:02.233000
2024-06-09 19:30:08.469,0 days 01:31:02.472000,0 days 00:00:22.882000,8841,119,3,46,False,1,car,771.6555555555552,0.17853443993717377,684,112,144,car,0 days 01:31:02.472000
2024-06-09 19:30:08.629,0 days 01:31:02.632000,0 days 00:00:23.042000,8997,121,3,51,False,1,car,777.033333333333,0.17977867194813996,655,158,142,car,0 days 01:31:02.632000
2024-06-09 19:30:08.829,0 days 01:31:02.832000,0 days 00:00:23.242000,9056,124,3,58,False,1,car,783.9222222222219,0.1813725228712785,614,214,141,car,0 days 01:31:02.832000
2024-06-09 19:30:09.069,0 days 01:31:03.072000,0 days 00:00:23.482000,9708,132,3,69,False,1,car,792.7222222222218,0.1834085388892232,553,293,137,car,0 days 01:31:03.072000
2024-06-09 19:30:09.309,0 days 01:31:03.312000,0 days 00:00:23.722000,10249,139,3,77,False,1,car,801.9888888888886,0.1855525254535741,498,363,134,car,0 days 01:31:03.312000
2024-06-09 19:30:09.749,0 days 01:31:03.752000,0 days 00:00:24.162000,10781,159,3,87,False,1,car,821.4222222222219,0.19004872749320195,390,497,132,car,0 days 01:31:03.752000
2024-06-09 19:30:09.989,0 days 01:31:03.992000,0 days 00:00:24.402000,10399,166,4,94,False,1,car,832.4888888888886,0.19260917187940516,331,570,131,car,0 days 01:31:03.992000
2024-06-09 19:30:10.189,0 days 01:31:04.192000,0 days 00:00:24.602000,11267,174,4,100,False,1,car,842.1555555555552,0.19484570462638987,222,701,129,car,0 days 01:31:04.192000
2024-06-09 19:30:10.429,0 days 01:31:04.432000,0 days 00:00:24.842000,10427,181,4,42,True,1,car,854.2222222222218,0.19763751446917766,187,741,128,car,0 days 01:31:04.432000
2024-06-09 19:30:10.709,0 days 01:31:04.712000,0 days 00:00:25.122000,10659,182,4,70,False,1,car,868.3777777777774,0.2009126210434978,55,878,129,car,0 days 01:31:04.712000
2024-06-09 19:30:10.989,0 days 01:31:04.992000,0 days 00:00:25.402000,9580,188,5,82,False,1,car,882.9999999999997,0.2042956981642241,-22,958,130,car,0 days 01:31:04.992000
2024-06-09 19:30:11.149,0 days 01:31:05.152000,0 days 00:00:25.562000,10122,193,5,86,False,1,car,891.5777777777774,0.20628029963626113,-65,992,130,car,0 days 01:31:05.152000
2024-06-09 19:30:11.429,0 days 01:31:05.432000,0 days 00:00:25.842000,10355,199,5,85,False,1,car,907.0555555555551,0.209861322758732,-258,1147,130,car,0 days 01:31:05.432000
2024-06-09 19:30:11.669,0 days 01:31:05.672000,0 days 00:00:26.082000,10648,205,5,78,False,1,car,920.7222222222218,0.21302331733205523,-305,1185,131,car,0 days 01:31:05.672000
2024-06-09 19:30:11.829,0 days 01:31:05.832000,0 days 00:00:26.242000,10783,205,5,69,False,1,car,929.8333333333329,0.21513131371427072,-366,1233,130,car,0 days 01:31:05.832000
2024-06-09 19:30:12.189,0 days 01:31:06.192000,0 days 00:00:26.602000,10447,205,5,25,True,1,car,950.3333333333329,0.21987430557425552,-525,1368,131,car,0 days 01:31:06.192000
2024-06-09 19:30:12.389,0 days 01:31:06.392000,0 days 00:00:26.802000,10155,197,5,25,True,1,car,961.2777777777774,0.2224064719602095,-602,1446,130,car,0 days 01:31:06.392000
2024-06-09 19:30:12.589,0 days 01:31:06.592000,0 days 00:00:27.002000,9895,193,5,29,True,1,car,971.9999999999995,0.22488722380025575,-669,1531,130,car,0 days 01:31:06.592000
2024-06-09 19:30:12.749,0 days 01:31:06.752000,0 days 00:00:27.162000,9844,190,5,31,True,1,car,980.444444444444,0.22684097654474814,-712,1596,131,car,0 days 01:31:06.752000
2024-06-09 19:30:13.029,0 days 01:31:07.032000,0 days 00:00:27.442000,9415,187,5,26,True,1,car,994.9888888888885,0.23020605857440676,-812,1812,129,car,0 days 01:31:07.032000
2024-06-09 19:30:13.269,0 days 01:31:07.272000,0 days 00:00:27.682000,9497,181,5,41,False,1,car,1007.0555555555551,0.23299786841719455,-862,1945,129,car,0 days 01:31:07.272000
2024-06-09 19:30:13.469,0 days 01:31:07.472000,0 days 00:00:27.882000,9526,182,5,61,False,1,car,1017.1666666666663,0.23533723025599468,-884,2021,129,car,0 days 01:31:07.472000
2024-06-09 19:30:13.709,0 days 01:31:07.712000,0 days 00:00:28.122000,9707,184,5,74,False,1,car,1029.433333333333,0.2381753131900994,-907,2107,129,car,0 days 01:31:07.712000
2024-06-09 19:30:14.149,0 days 01:31:08.152000,0 days 00:00:28.562000,10136,195,5,81,False,1,car,1053.2666666666664,0.2436895232386997,-939,2395,130,car,0 days 01:31:08.152000
2024-06-09 19:30:14.429,0 days 01:31:08.432000,0 days 00:00:28.842000,9695,185,5,0,True,1,car,1067.655555555555,0.24701861508622286,-943,2559,129,car,0 days 01:31:08.432000
2024-06-09 19:30:14.630,0 days 01:31:08.633000,0 days 00:00:29.043000,8723,172,5,0,True,1,car,1077.2588888888886,0.2492404946876239,-942,2638,128,car,0 days 01:31:08.633000
2024-06-09 19:30:14.870,0 days 01:31:08.873000,0 days 00:00:29.283000,8891,165,5,0,True,1,car,1088.2588888888886,0.2517855147100548,-941,2705,129,car,0 days 01:31:08.873000
2024-06-09 19:30:15.110,0 days 01:31:09.113000,0 days 00:00:29.523000,9062,165,4,0,True,1,car,1099.2588888888886,0.2543305347324857,-939,2793,130,car,0 days 01:31:09.113000
2024-06-09 19:30:15.309,0 days 01:31:09.312000,0 days 00:00:29.722000,8798,125,3,0,True,1,car,1106.1686111111107,0.255929205769303,-936,2868,129,car,0 days 01:31:09.312000
2024-06-09 19:30:16.229,0 days 01:31:10.232000,0 days 00:00:30.642000,6987,97,3,0,False,1,car,1130.9574999999995,0.2616644983653063,-923,3136,131,car,0 days 01:31:10.232000
2024-06-09 19:30:16.389,0 days 01:31:10.392000,0 days 00:00:30.802000,6824,96,3,0,False,1,car,1135.2241666666662,0.26265165764673404,-919,3180,132,car,0 days 01:31:10.392000
2024-06-09 19:30:16.629,0 days 01:31:10.632000,0 days 00:00:31.042000,6616,92,3,0,True,1,car,1141.3574999999996,0.26407069911378644,-914,3257,133,car,0 days 01:31:10.632000
2024-06-09 19:30:16.869,0 days 01:31:10.872000,0 days 00:00:31.282000,6280,88,3,0,True,1,car,1147.2241666666662,0.2654280431257496,-913,3301,134,car,0 days 01:31:10.872000
2024-06-09 19:30:17.109,0 days 01:31:11.112000,0 days 00:00:31.522000,6234,87,3,1,False,1,car,1153.0241666666661,0.2667699627739404,-912,3375,136,car,0 days 01:31:11.112000
2024-06-09 19:30:17.349,0 days 01:31:11.352000,0 days 00:00:31.762000,6010,87,3,10,False,1,car,1158.824166666666,0.2681118824221312,-914,3446,137,car,0 days 01:31:11.352000
2024-06-09 19:30:17.669,0 days 01:31:11.672000,0 days 00:00:32.082000,6276,89,3,23,False,1,car,1166.7352777777771,0.2699422402564451,-920,3513,139,car,0 days 01:31:11.672000
2024-06-09 19:30:17.989,0 days 01:31:11.992000,0 days 00:00:32.402000,6288,89,3,0,True,1,car,1174.6463888888882,0.271772598090759,-928,3571,139,car,0 days 01:31:11.992000
2024-06-09 19:30:18.149,0 days 01:31:12.152000,0 days 00:00:32.562000,6988,89,3,0,True,1,car,1178.6019444444437,0.27268777700791597,-935,3611,140,car,0 days 01:31:12.152000
2024-06-09 19:30:18.309,0 days 01:31:12.312000,0 days 00:00:32.722000,7232,82,2,0,True,1,car,1182.2463888888883,0.2735309755608022,-943,3648,139,car,0 days 01:31:12.312000
2024-06-09 19:30:18.669,0 days 01:31:12.672000,0 days 00:00:33.082000,6665,74,2,0,True,1,car,1189.6463888888884,0.27524307993952846,-967,3725,141,car,0 days 01:31:12.672000
2024-06-09 19:30:18.869,0 days 01:31:12.872000,0 days 00:00:33.282000,6269,70,2,0,True,1,car,1193.5352777777773,0.2761428344929131,-990,3779,141,car,0 days 01:31:12.872000
2024-06-09 19:30:19.109,0 days 01:31:13.112000,0 days 00:00:33.522000,6559,68,2,12,False,1,car,1198.0686111111106,0.27719169122943005,-1000,3804,143,car,0 days 01:31:13.112000
2024-06-09 19:30:19.309,0 days 01:31:13.312000,0 days 00:00:33.722000,6288,70,2,19,False,1,car,1201.9574999999995,0.2780914457828147,-1021,3834,144,car,0 days 01:31:13.312000
2024-06-09 19:30:19.629,0 days 01:31:13.632000,0 days 00:00:34.042000,6819,74,2,20,False,1,car,1208.5352777777773,0.27961331634168246,-1070,3896,145,car,0 days 01:31:13.632000
2024-06-09 19:30:19.909,0 days 01:31:13.912000,0 days 00:00:34.322000,6236,76,2,0,False,1,car,1214.4463888888884,0.28098094326282713,-1099,3919,147,car,0 days 01:31:13.912000
2024-06-09 19:30:20.069,0 days 01:31:14.072000,0 days 00:00:34.482000,6448,72,2,0,True,1,car,1217.6463888888884,0.28172131272389794,-1126,3937,148,car,0 days 01:31:14.072000
2024-06-09 19:30:20.349,0 days 01:31:14.352000,0 days 00:00:34.762000,6459,69,2,0,False,1,car,1223.0130555555552,0.2829629740075688,-1175,3961,149,car,0 days 01:31:14.352000
2024-06-09 19:30:20.669,0 days 01:31:14.672000,0 days 00:00:35.082000,6527,68,2,10,False,1,car,1229.0574999999997,0.2843614496562581,-1254,3979,149,car,0 days 01:31:14.672000
2024-06-09 19:30:20.909,0 days 01:31:14.912000,0 days 00:00:35.322000,6772,70,2,20,False,1,car,1233.7241666666664,0.2854411551203197,-1292,3982,150,car,0 days 01:31:14.912000
2024-06-09 19:30:21.069,0 days 01:31:15.072000,0 days 00:00:35.482000,6690,72,2,24,False,1,car,1236.9241666666662,0.28618152458139046,-1310,3981,151,car,0 days 01:31:15.072000
2024-06-09 19:30:21.310,0 days 01:31:15.313000,0 days 00:00:35.723000,7176,75,2,32,False,1,car,1241.9449999999995,0.2873431719779924,-1362,3980,151,car,0 days 01:31:15.313000
2024-06-09 19:30:21.510,0 days 01:31:15.513000,0 days 00:00:35.923000,7123,79,2,36,False,1,car,1246.3338888888884,0.2883586092596694,-1410,3977,152,car,0 days 01:31:15.513000
2024-06-09 19:30:21.790,0 days 01:31:15.793000,0 days 00:00:36.203000,7962,85,2,44,False,1,car,1252.9449999999995,0.2898881920004233,-1451,3973,153,car,0 days 01:31:15.793000
2024-06-09 19:30:22.029,0 days 01:31:16.032000,0 days 00:00:36.442000,8405,90,2,48,False,1,car,1258.9199999999994,0.2912706006035164,-1498,3970,154,car,0 days 01:31:16.032000
2024-06-09 19:30:22.269,0 days 01:31:16.272000,0 days 00:00:36.682000,8288,95,2,0,True,1,car,1265.2533333333329,0.29273591516188574,-1569,3970,155,car,0 days 01:31:16.272000
2024-06-09 19:30:22.469,0 days 01:31:16.472000,0 days 00:00:36.882000,8378,92,2,0,True,1,car,1270.364444444444,0.2939184497177627,-1625,3972,156,car,0 days 01:31:16.472000
2024-06-09 19:30:22.749,0 days 01:31:16.752000,0 days 00:00:37.162000,7997,88,2,0,True,1,car,1277.2088888888884,0.2955020177317197,-1682,3982,158,car,0 days 01:31:16.752000
2024-06-09 19:30:23.109,0 days 01:31:17.112000,0 days 00:00:37.522000,7957,85,2,15,False,1,car,1285.7088888888884,0.29746862411268904,-1765,4009,159,car,0 days 01:31:17.112000
2024-06-09 19:30:23.429,0 days 01:31:17.432000,0 days 00:00:37.842000,8171,87,2,27,False,1,car,1293.4422222222217,0.2992578503102768,-1835,4046,160,car,0 days 01:31:17.432000
2024-06-09 19:30:23.589,0 days 01:31:17.592000,0 days 00:00:38.002000,8295,90,2,36,False,1,car,1297.4422222222217,0.3001833121366153,-1877,4075,160,car,0 days 01:31:17.592000
2024-06-09 19:30:23.829,0 days 01:31:17.832000,0 days 00:00:38.242000,8637,93,2,41,False,1,car,1303.6422222222216,0.30161777796743994,-1921,4109,161,car,0 days 01:31:17.832000
2024-06-09 19:30:24.069,0 days 01:31:18.072000,0 days 00:00:38.482000,8834,99,2,21,False,1,car,1310.2422222222217,0.3031447899808985,-1960,4147,162,car,0 days 01:31:18.072000
2024-06-09 19:30:24.429,0 days 01:31:18.432000,0 days 00:00:38.842000,8515,94,2,0,True,1,car,1319.6422222222218,0.305319625272794,-2024,4219,162,car,0 days 01:31:18.432000
2024-06-09 19:30:24.709,0 days 01:31:18.712000,0 days 00:00:39.122000,7521,84,2,0,True,1,car,1326.175555555555,0.30683121292248017,-2075,4291,163,car,0 days 01:31:18.712000
2024-06-09 19:30:24.989,0 days 01:31:18.992000,0 days 00:00:39.402000,6490,72,2,0,True,1,car,1331.775555555555,0.3081268594793541,-2118,4361,164,car,0 days 01:31:18.992000
2024-06-09 19:30:25.269,0 days 01:31:19.272000,0 days 00:00:39.682000,5970,66,2,0,False,1,car,1336.9088888888884,0.30931453548982185,-2135,4396,164,car,0 days 01:31:19.272000
2024-06-09 19:30:25.589,0 days 01:31:19.592000,0 days 00:00:40.002000,5826,64,2,0,False,1,car,1342.5977777777773,0.31063074786505884,-2149,4424,162,car,0 days 01:31:19.592000
2024-06-09 19:30:25.869,0 days 01:31:19.872000,0 days 00:00:40.282000,5635,62,2,1,False,1,car,1347.4199999999994,0.31174644351125574,-2169,4470,164,car,0 days 01:31:19.872000
2024-06-09 19:30:26.109,0 days 01:31:20.112000,0 days 00:00:40.522000,5630,62,2,3,False,1,car,1351.5533333333328,0.3127027540651389,-2184,4508,164,car,0 days 01:31:20.112000
2024-06-09 19:30:26.389,0 days 01:31:20.392000,0 days 00:00:40.802000,5603,61,2,4,False,1,car,1356.2977777777774,0.3138004546202682,-2200,4556,165,car,0 days 01:31:20.392000
2024-06-09 19:30:26.629,0 days 01:31:20.632000,0 days 00:00:41.042000,5621,61,2,5,False,1,car,1360.364444444444,0.31474134081037897,-2218,4613,164,car,0 days 01:31:20.632000
2024-06-09 19:30:26.869,0 days 01:31:20.872000,0 days 00:00:41.282000,5612,62,2,5,False,1,car,1364.4977777777772,0.3156976513642621,-2226,4640,163,car,0 days 01:31:20.872000
2024-06-09 19:30:27.229,0 days 01:31:21.232000,0 days 00:00:41.642000,5362,61,2,0,False,1,car,1370.5977777777773,0.31710898064942833,-2239,4691,165,car,0 days 01:31:21.232000
2024-06-09 19:30:27.429,0 days 01:31:21.432000,0 days 00:00:41.842000,5520,59,2,0,False,1,car,1373.875555555555,0.3178673452015668,-2245,4723,165,car,0 days 01:31:21.432000
2024-06-09 19:30:27.589,0 days 01:31:21.592000,0 days 00:00:42.002000,5888,59,2,13,False,1,car,1376.4977777777772,0.3184740368432776,-2251,4748,165,car,0 days 01:31:21.592000
2024-06-09 19:30:27.790,0 days 01:31:21.793000,0 days 00:00:42.203000,5916,64,2,45,False,1,car,1380.0711111111104,0.3193007827414733,-2258,4781,164,car,0 days 01:31:21.793000
2024-06-09 19:30:28.070,0 days 01:31:22.073000,0 days 00:00:42.483000,7088,74,2,61,False,1,car,1385.826666666666,0.32063241948048254,-2268,4834,165,car,0 days 01:31:22.073000
2024-06-09 19:30:28.350,0 days 01:31:22.353000,0 days 00:00:42.763000,8208,84,2,55,False,1,car,1392.3599999999992,0.3221440071301688,-2278,4893,165,car,0 days 01:31:22.353000
2024-06-09 19:30:28.590,0 days 01:31:22.593000,0 days 00:00:43.003000,9016,93,2,65,False,1,car,1398.5599999999993,0.32357847296099346,-2288,4964,164,car,0 days 01:31:22.593000
2024-06-09 19:30:28.909,0 days 01:31:22.912000,0 days 00:00:43.322000,9564,105,2,71,False,1,car,1407.864166666666,0.32573113572996626,-2300,5050,165,car,0 days 01:31:22.912000
2024-06-09 19:30:29.149,0 days 01:31:23.152000,0 days 00:00:43.562000,10616,118,2,72,False,1,car,1415.7308333333326,0.3275512106550986,-2308,5109,164,car,0 days 01:31:23.152000
2024-06-09 19:30:29.469,0 days 01:31:23.472000,0 days 00:00:43.882000,9588,131,3,83,False,1,car,1427.375277777777,0.3302453328606618,-2324,5239,165,car,0 days 01:31:23.472000
2024-06-09 19:30:29.709,0 days 01:31:23.712000,0 days 00:00:44.122000,10513,140,3,100,False,1,car,1436.7086111111105,0.33240474378878504,-2335,5338,165,car,0 days 01:31:23.712000
2024-06-09 19:30:30.229,0 days 01:31:24.232000,0 days 00:00:44.642000,10092,163,3,82,False,1,car,1460.253055555555,0.3378521149277053,-2356,5533,166,car,0 days 01:31:24.232000
2024-06-09 19:30:30.589,0 days 01:31:24.592000,0 days 00:00:45.002000,10452,172,4,67,False,1,car,1477.453055555555,0.3418316007809608,-2375,5742,164,car,0 days 01:31:24.592000
2024-06-09 19:30:30.909,0 days 01:31:24.912000,0 days 00:00:45.322000,11009,179,4,77,False,1,car,1493.364166666666,0.34551288226795174,-2390,5907,165,car,0 days 01:31:24.912000
2024-06-09 19:30:31.149,0 days 01:31:25.152000,0 days 00:00:45.562000,9663,185,4,69,False,1,car,1505.697499999999,0.3483663895658287,-2395,5971,164,car,0 days 01:31:25.152000
2024-06-09 19:30:31.349,0 days 01:31:25.352000,0 days 00:00:45.762000,9784,188,5,65,False,1,car,1516.1419444444437,0.3507828732234904,-2405,6108,162,car,0 days 01:31:25.352000
2024-06-09 19:30:31.589,0 days 01:31:25.592000,0 days 00:00:46.002000,9781,191,5,58,False,1,car,1528.875277777777,0.3537289267040013,-2413,6215,162,car,0 days 01:31:25.592000
2024-06-09 19:30:31.949,0 days 01:31:25.952000,0 days 00:00:46.362000,9933,191,5,49,False,1,car,1547.975277777777,0.3581480069247676,-2428,6457,160,car,0 days 01:31:25.952000
2024-06-09 19:30:32.269,0 days 01:31:26.272000,0 days 00:00:46.682000,10045,194,5,72,False,1,car,1565.2197222222214,0.36213777568720473,-2440,6676,158,car,0 days 01:31:26.272000
2024-06-09 19:30:33.109,0 days 01:31:27.112000,0 days 00:00:47.522000,10371,200,5,44,False,1,car,1611.886388888888,0.37293483032782054,-2448,7028,162,car,0 days 01:31:27.112000
2024-06-09 19:30:33.309,0 days 01:31:27.312000,0 days 00:00:47.722000,10418,200,5,44,False,1,car,1622.9974999999993,0.3755055576232053,-2449,7141,163,car,0 days 01:31:27.312000
2024-06-09 19:30:33.549,0 days 01:31:27.552000,0 days 00:00:47.962000,10364,199,5,47,False,1,car,1636.2641666666661,0.3785750060138947,-2447,7273,164,car,0 days 01:31:27.552000
2024-06-09 19:30:33.709,0 days 01:31:27.712000,0 days 00:00:48.122000,10388,199,5,62,False,1,car,1645.1086111111103,0.3806213049410209,-2446,7362,163,car,0 days 01:31:27.712000
2024-06-09 19:30:34.029,0 days 01:31:28.032000,0 days 00:00:48.442000,10623,202,5,73,False,1,car,1663.0641666666659,0.3847756002503626,-2440,7544,164,car,0 days 01:31:28.032000
2024-06-09 19:30:34.350,0 days 01:31:28.353000,0 days 00:00:48.763000,10607,193,5,0,True,1,car,1680.2733333333324,0.38875720695363686,-2427,7780,162,car,0 days 01:31:28.353000
2024-06-09 19:30:34.630,0 days 01:31:28.633000,0 days 00:00:49.043000,9264,175,5,0,True,1,car,1693.8844444444435,0.3919063478904831,-2415,7926,162,car,0 days 01:31:28.633000
2024-06-09 19:30:34.830,0 days 01:31:28.833000,0 days 00:00:49.243000,9315,159,5,0,True,1,car,1702.717777777777,0.393950076090314,-2411,7981,164,car,0 days 01:31:28.833000
2024-06-09 19:30:35.110,0 days 01:31:29.113000,0 days 00:00:49.523000,9315,143,4,0,True,1,car,1713.8399999999992,0.39652337411299415,-2402,8066,164,car,0 days 01:31:29.113000
2024-06-09 19:30:35.270,0 days 01:31:29.273000,0 days 00:00:49.683000,8688,121,3,1,True,1,car,1719.217777777777,0.39776760612396034,-2396,8125,163,car,0 days 01:31:29.273000
2024-06-09 19:30:35.509,0 days 01:31:29.512000,0 days 00:00:49.922000,8211,113,3,0,False,1,car,1726.7197222222214,0.39950329692562175,-2388,8205,164,car,0 days 01:31:29.512000
2024-06-09 19:30:35.869,0 days 01:31:29.872000,0 days 00:00:50.282000,7961,112,3,26,False,1,car,1737.9197222222215,0.40209459003936954,-2375,8320,163,car,0 days 01:31:29.872000
2024-06-09 19:30:36.109,0 days 01:31:30.112000,0 days 00:00:50.522000,8550,114,3,43,False,1,car,1745.5197222222216,0.40385296750941274,-2366,8387,163,car,0 days 01:31:30.112000
2024-06-09 19:30:36.509,0 days 01:31:30.512000,0 days 00:00:50.922000,9352,125,3,85,False,1,car,1759.4086111111105,0.40706637662864364,-2348,8518,162,car,0 days 01:31:30.512000
2024-06-09 19:30:36.869,0 days 01:31:30.872000,0 days 00:00:51.282000,11592,143,3,100,False,1,car,1773.7086111111105,0.4103749026578038,-2328,8650,162,car,0 days 01:31:30.872000
2024-06-09 19:30:37.109,0 days 01:31:31.112000,0 days 00:00:51.522000,11194,153,3,71,False,1,car,1783.9086111111105,0.41273483031496694,-2313,8747,164,car,0 days 01:31:31.112000
2024-06-09 19:30:37.469,0 days 01:31:31.472000,0 days 00:00:51.882000,10125,141,3,0,True,1,car,1798.0086111111104,0.41599708325281015,-2285,8899,163,car,0 days 01:31:31.472000
2024-06-09 19:30:37.669,0 days 01:31:31.672000,0 days 00:00:52.082000,9378,128,3,0,True,1,car,1805.1197222222218,0.4176423487218564,-2273,8962,164,car,0 days 01:31:31.672000
2024-06-09 19:30:38.109,0 days 01:31:32.112000,0 days 00:00:52.522000,7566,106,3,0,False,1,car,1818.0752777777773,0.420639816748275,-2243,9104,164,car,0 days 01:31:32.112000
2024-06-09 19:30:38.509,0 days 01:31:32.512000,0 days 00:00:52.922000,8126,109,3,61,False,1,car,1830.1863888888884,0.42344190950024435,-2222,9198,163,car,0 days 01:31:32.512000
2024-06-09 19:30:38.909,0 days 01:31:32.912000,0 days 00:00:53.322000,9369,126,3,87,False,1,car,1844.1863888888886,0.4266810258924292,-2186,9353,165,car,0 days 01:31:32.912000
2024-06-09 19:30:39.109,0 days 01:31:33.112000,0 days 00:00:53.522000,10079,136,3,100,False,1,car,1851.741944444444,0.42842912045329073,-2163,9449,164,car,0 days 01:31:33.112000
2024-06-09 19:30:39.349,0 days 01:31:33.352000,0 days 00:00:53.762000,10762,151,3,100,False,1,car,1861.8086111111108,0.4307581993829093,-2141,9542,163,car,0 days 01:31:33.352000
2024-06-09 19:30:39.549,0 days 01:31:33.552000,0 days 00:00:53.962000,9502,159,3,100,False,1,car,1870.6419444444443,0.4328019275827402,-2128,9597,163,car,0 days 01:31:33.552000
2024-06-09 19:30:39.709,0 days 01:31:33.712000,0 days 00:00:54.122000,8958,159,4,2,True,1,car,1877.708611111111,0.43443691014260494,-2116,9643,164,car,0 days 01:31:33.712000
2024-06-09 19:30:39.949,0 days 01:31:33.952000,0 days 00:00:54.362000,8928,143,4,0,True,1,car,1887.2419444444442,0.436642594162045,-2093,9744,163,car,0 days 01:31:33.952000
2024-06-09 19:30:40.149,0 days 01:31:34.152000,0 days 00:00:54.562000,9597,132,4,0,True,1,car,1894.5752777777775,0.4383392741769989,-2076,9818,164,car,0 days 01:31:34.152000
2024-06-09 19:30:40.429,0 days 01:31:34.432000,0 days 00:00:54.842000,8771,121,3,0,True,1,car,1903.9863888888885,0.4405166801961897,-2054,9921,165,car,0 days 01:31:34.432000
2024-06-09 19:30:40.829,0 days 01:31:34.832000,0 days 00:00:55.242000,8470,101,3,0,True,1,car,1915.2086111111107,0.4431131147645283,-2024,10053,164,car,0 days 01:31:34.832000
2024-06-09 19:30:40.990,0 days 01:31:34.993000,0 days 00:00:55.403000,8573,93,2,0,True,1,car,1919.3677777777775,0.44407540225937325,-2016,10088,163,car,0 days 01:31:34.993000
2024-06-09 19:30:41.430,0 days 01:31:35.433000,0 days 00:00:55.843000,7484,83,2,0,False,1,car,1929.5122222222221,0.44642247628005954,-1995,10171,165,car,0 days 01:31:35.433000
2024-06-09 19:30:41.670,0 days 01:31:35.673000,0 days 00:00:56.083000,7304,81,2,5,False,1,car,1934.912222222222,0.44767184974561647,-1977,10234,165,car,0 days 01:31:35.673000
2024-06-09 19:30:41.830,0 days 01:31:35.833000,0 days 00:00:56.243000,7862,80,2,12,False,1,car,1938.4677777777777,0.4484944824801396,-1960,10290,165,car,0 days 01:31:35.833000
2024-06-09 19:30:42.030,0 days 01:31:36.033000,0 days 00:00:56.443000,7184,82,2,18,False,1,car,1943.023333333333,0.4495484806712473,-1949,10322,164,car,0 days 01:31:36.033000
2024-06-09 19:30:42.269,0 days 01:31:36.272000,0 days 00:00:56.682000,7963,85,2,28,False,1,car,1948.6663888888888,0.4508540887963909,-1936,10353,164,car,0 days 01:31:36.272000
2024-06-09 19:30:42.509,0 days 01:31:36.512000,0 days 00:00:56.922000,8146,88,2,29,False,1,car,1954.5330555555554,0.45221143280835396,-1912,10406,165,car,0 days 01:31:36.512000
2024-06-09 19:30:42.829,0 days 01:31:36.832000,0 days 00:00:57.242000,8369,91,2,29,False,1,car,1962.6219444444444,0.45408292227939406,-1862,10480,164,car,0 days 01:31:36.832000
2024-06-09 19:30:43.109,0 days 01:31:37.112000,0 days 00:00:57.522000,8415,90,2,0,False,1,car,1969.6219444444444,0.45570248047548645,-1819,10518,165,car,0 days 01:31:37.112000
2024-06-09 19:30:43.269,0 days 01:31:37.272000,0 days 00:00:57.682000,7982,88,2,3,False,1,car,1973.5330555555556,0.45660737648346195,-1789,10534,165,car,0 days 01:31:37.272000
2024-06-09 19:30:43.669,0 days 01:31:37.672000,0 days 00:00:58.082000,8319,89,2,35,False,1,car,1983.4219444444445,0.45889532377635434,-1694,10567,165,car,0 days 01:31:37.672000
2024-06-09 19:30:43.869,0 days 01:31:37.872000,0 days 00:00:58.282000,8400,92,2,41,False,1,car,1988.5330555555556,0.4600778583322313,-1644,10578,164,car,0 days 01:31:37.872000
2024-06-09 19:30:44.029,0 days 01:31:38.032000,0 days 00:00:58.442000,8625,92,2,50,False,1,car,1992.6219444444446,0.4610238859769329,-1604,10588,163,car,0 days 01:31:38.032000
2024-06-09 19:30:44.229,0 days 01:31:38.232000,0 days 00:00:58.642000,9185,100,2,61,False,1,car,1998.1775000000002,0.4623092496246253,-1559,10601,163,car,0 days 01:31:38.232000
2024-06-09 19:30:44.429,0 days 01:31:38.432000,0 days 00:00:58.842000,8987,108,2,59,False,1,car,2004.1775,0.46369744236413296,-1483,10636,162,car,0 days 01:31:38.432000
2024-06-09 19:30:44.629,0 days 01:31:38.632000,0 days 00:00:59.042000,8260,113,3,48,False,1,car,2010.4552777777778,0.46514990328602535,-1400,10683,161,car,0 days 01:31:38.632000
2024-06-09 19:30:44.909,0 days 01:31:38.912000,0 days 00:00:59.322000,8249,116,3,29,False,1,car,2019.4775000000002,0.4672373338498778,-1333,10734,161,car,0 days 01:31:38.912000
2024-06-09 19:30:45.069,0 days 01:31:39.072000,0 days 00:00:59.482000,8458,117,3,29,False,1,car,2024.6775,0.4684404342241178,-1306,10757,161,car,0 days 01:31:39.072000
2024-06-09 19:30:45.229,0 days 01:31:39.232000,0 days 00:00:59.642000,8611,117,3,23,False,1,car,2029.8775,0.4696435345983579,-1277,10785,160,car,0 days 01:31:39.232000
2024-06-09 19:30:45.589,0 days 01:31:39.592000,0 days 00:01:00.002000,8046,113,3,2,True,1,car,2041.1775,0.4722579642577641,-1205,10872,160,car,0 days 01:31:39.592000
2024-06-09 19:30:45.869,0 days 01:31:39.872000,0 days 00:01:00.282000,8035,112,3,9,False,1,car,2049.888611111111,0.4742734144573457,-1142,10975,159,car,0 days 01:31:39.872000
2024-06-09 19:30:46.069,0 days 01:31:40.072000,0 days 00:01:00.482000,7739,108,3,0,True,1,car,2055.888611111111,0.47566160719685346,-1103,11047,158,car,0 days 01:31:40.072000
2024-06-09 19:30:46.349,0 days 01:31:40.352000,0 days 00:01:00.762000,9048,96,3,0,True,1,car,2063.3552777777777,0.477389135939352,-1089,11081,159,car,0 days 01:31:40.352000
2024-06-09 19:30:46.629,0 days 01:31:40.632000,0 days 00:01:01.042000,7731,87,2,0,True,1,car,2070.1219444444446,0.47895470886224134,-1063,11149,157,car,0 days 01:31:40.632000
2024-06-09 19:30:46.789,0 days 01:31:40.792000,0 days 00:01:01.202000,6966,77,2,0,True,1,car,2073.5441666666666,0.47974649286921983,-1047,11195,158,car,0 days 01:31:40.792000
2024-06-09 19:30:46.989,0 days 01:31:40.992000,0 days 00:01:01.402000,6472,70,2,0,True,1,car,2077.4330555555557,0.48064624742260453,-1034,11232,157,car,0 days 01:31:40.992000
2024-06-09 19:30:47.229,0 days 01:31:41.232000,0 days 00:01:01.642000,6119,69,2,0,False,1,car,2082.0330555555556,0.48171052852289376,-1025,11262,156,car,0 days 01:31:41.232000
2024-06-09 19:30:47.550,0 days 01:31:41.553000,0 days 00:01:01.963000,5944,63,2,0,True,1,car,2087.6505555555555,0.4830102239752579,-1008,11319,158,car,0 days 01:31:41.553000
2024-06-09 19:30:47.790,0 days 01:31:41.793000,0 days 00:01:02.203000,5454,63,2,10,False,1,car,2091.8505555555553,0.48398195889291323,-996,11357,158,car,0 days 01:31:41.793000
2024-06-09 19:30:48.070,0 days 01:31:42.073000,0 days 00:01:02.483000,6214,67,2,25,False,1,car,2097.0616666666665,0.4851876299944487,-979,11422,158,car,0 days 01:31:42.073000
2024-06-09 19:30:48.230,0 days 01:31:42.233000,0 days 00:01:02.643000,6376,69,2,26,False,1,car,2100.128333333333,0.4858971507279749,-972,11449,158,car,0 days 01:31:42.233000
2024-06-09 19:30:48.430,0 days 01:31:42.433000,0 days 00:01:02.843000,6493,71,2,27,False,1,car,2104.0727777777774,0.48680975891783645,-965,11475,157,car,0 days 01:31:42.433000
2024-06-09 19:30:48.710,0 days 01:31:42.713000,0 days 00:01:03.123000,6916,77,2,37,False,1,car,2110.061666666666,0.4881953809300487,-951,11530,159,car,0 days 01:31:42.713000
2024-06-09 19:30:48.869,0 days 01:31:42.872000,0 days 00:01:03.282000,7581,82,2,46,False,1,car,2113.6833333333325,0.4890333094919793,-943,11563,158,car,0 days 01:31:42.872000
2024-06-09 19:30:49.109,0 days 01:31:43.112000,0 days 00:01:03.522000,8235,88,2,51,False,1,car,2119.5499999999993,0.4903906535039425,-928,11618,159,car,0 days 01:31:43.112000
2024-06-09 19:30:49.509,0 days 01:31:43.512000,0 days 00:01:03.922000,9738,103,2,68,False,1,car,2130.9944444444436,0.49303850261818877,-904,11721,158,car,0 days 01:31:43.512000
2024-06-09 19:30:49.909,0 days 01:31:43.912000,0 days 00:01:04.322000,9359,119,2,71,False,1,car,2144.2166666666662,0.4960976680996967,-874,11841,158,car,0 days 01:31:43.912000
2024-06-09 19:30:50.149,0 days 01:31:44.152000,0 days 00:01:04.562000,9349,131,3,76,False,1,car,2152.9499999999994,0.49811825975386903,-855,11921,159,car,0 days 01:31:44.152000
2024-06-09 19:30:50.389,0 days 01:31:44.392000,0 days 00:01:04.802000,10551,141,3,100,False,1,car,2162.35,0.5002930950457646,-834,12010,158,car,0 days 01:31:44.392000
2024-06-09 19:30:50.669,0 days 01:31:44.672000,0 days 00:01:05.082000,10992,155,3,100,False,1,car,2174.405555555555,0.5030823341612569,-810,12119,159,car,0 days 01:31:44.672000
2024-06-09 19:30:50.829,0 days 01:31:44.832000,0 days 00:01:05.242000,10037,160,3,100,False,1,car,2181.516666666667,0.5047275996303033,-785,12237,158,car,0 days 01:31:44.832000
2024-06-09 19:30:51.069,0 days 01:31:45.072000,0 days 00:01:05.482000,10478,171,4,100,False,1,car,2192.9166666666665,0.507365165835368,-758,12374,159,car,0 days 01:31:45.072000
2024-06-09 19:30:51.349,0 days 01:31:45.352000,0 days 00:01:05.762000,11092,183,4,100,False,1,car,2207.15,0.5106582675007558,-746,12447,159,car,0 days 01:31:45.352000
2024-06-09 19:30:51.589,0 days 01:31:45.592000,0 days 00:01:06.002000,10300,189,4,98,False,1,car,2219.75,0.5135734722537222,-725,12566,159,car,0 days 01:31:45.592000
2024-06-09 19:30:51.749,0 days 01:31:45.752000,0 days 00:01:06.162000,10118,195,5,98,False,1,car,2228.4166666666674,0.5155786395441224,-710,12650,158,car,0 days 01:31:45.752000
2024-06-09 19:30:52.229,0 days 01:31:46.232000,0 days 00:01:06.642000,10635,203,5,74,False,1,car,2255.4833333333336,0.5218409312356794,-668,12913,158,car,0 days 01:31:46.232000
2024-06-09 19:30:52.389,0 days 01:31:46.392000,0 days 00:01:06.802000,10745,205,5,78,False,1,car,2264.5944444444453,0.5239489276178951,-655,13002,159,car,0 days 01:31:46.392000
2024-06-09 19:30:52.549,0 days 01:31:46.552000,0 days 00:01:06.962000,10846,209,5,85,False,1,car,2273.883333333334,0.5260980556368366,-642,13093,159,car,0 days 01:31:46.552000
2024-06-09 19:30:52.869,0 days 01:31:46.872000,0 days 00:01:07.282000,11371,216,5,95,False,1,car,2293.083333333334,0.5305402724032615,-612,13314,159,car,0 days 01:31:46.872000
2024-06-09 19:30:53.149,0 days 01:31:47.152000,0 days 00:01:07.562000,10671,222,5,97,False,1,car,2310.350000000001,0.5345351826202894,-590,13500,158,car,0 days 01:31:47.152000
2024-06-09 19:30:53.429,0 days 01:31:47.432000,0 days 00:01:07.842000,10202,227,6,85,False,1,car,2328.0055555555564,0.5386200682926557,-580,13621,159,car,0 days 01:31:47.432000
2024-06-09 19:30:53.589,0 days 01:31:47.592000,0 days 00:01:08.002000,10268,229,6,83,False,1,car,2338.183333333334,0.5409748544952281,-573,13724,159,car,0 days 01:31:47.592000
2024-06-09 19:30:53.749,0 days 01:31:47.752000,0 days 00:01:08.162000,10268,231,6,83,False,1,car,2348.450000000001,0.5433502065161637,-567,13826,158,car,0 days 01:31:47.752000
2024-06-09 19:30:54.029,0 days 01:31:48.032000,0 days 00:01:08.442000,10483,233,6,92,False,1,car,2366.5722222222225,0.547543062734936,-559,14006,159,car,0 days 01:31:48.032000
2024-06-09 19:30:54.230,0 days 01:31:48.233000,0 days 00:01:08.643000,10642,237,6,100,False,1,car,2379.804722222223,0.5506046061391922,-556,14138,158,car,0 days 01:31:48.233000
2024-06-09 19:30:54.670,0 days 01:31:48.673000,0 days 00:01:09.083000,11012,245,6,92,False,1,car,2409.7491666666674,0.557532716200254,-551,14430,157,car,0 days 01:31:48.673000
2024-06-09 19:30:55.150,0 days 01:31:49.153000,0 days 00:01:09.563000,9611,249,7,47,False,1,car,2442.9491666666677,0.5652140493588635,-557,14753,158,car,0 days 01:31:49.153000
2024-06-09 19:30:55.469,0 days 01:31:49.472000,0 days 00:01:09.882000,9291,236,7,3,True,1,car,2463.86138888889,0.5700524152015072,-573,14969,157,car,0 days 01:31:49.472000
2024-06-09 19:30:55.749,0 days 01:31:49.752000,0 days 00:01:10.162000,8544,211,7,0,True,1,car,2480.272500000001,0.5738493794167904,-598,15145,156,car,0 days 01:31:49.752000
2024-06-09 19:30:56.149,0 days 01:31:50.152000,0 days 00:01:10.562000,9461,180,7,0,True,1,car,2500.2725000000005,0.5784766885484828,-650,15410,156,car,0 days 01:31:50.152000
2024-06-09 19:30:56.309,0 days 01:31:50.312000,0 days 00:01:10.722000,8954,173,6,0,True,1,car,2507.9613888888894,0.580255631836889,-666,15480,157,car,0 days 01:31:50.312000
2024-06-09 19:30:56.589,0 days 01:31:50.592000,0 days 00:01:11.002000,9118,153,4,1,True,1,car,2519.8613888888895,0.5830088807702462,-685,15563,156,car,0 days 01:31:50.592000
2024-06-09 19:30:56.749,0 days 01:31:50.752000,0 days 00:01:11.162000,8888,146,4,5,True,1,car,2526.350277777779,0.584510185510751,-700,15628,157,car,0 days 01:31:50.752000
2024-06-09 19:30:56.949,0 days 01:31:50.952000,0 days 00:01:11.362000,8902,145,4,21,False,1,car,2534.405833333334,0.5863739627999047,-719,15712,156,car,0 days 01:31:50.952000
2024-06-09 19:30:57.229,0 days 01:31:51.232000,0 days 00:01:11.642000,8706,146,4,39,False,1,car,2545.7613888888895,0.589001246095788,-751,15849,157,car,0 days 01:31:51.232000
2024-06-09 19:30:57.549,0 days 01:31:51.552000,0 days 00:01:11.962000,8535,144,4,0,True,1,car,2558.5613888888897,0.5919627239400712,-773,15944,156,car,0 days 01:31:51.552000
2024-06-09 19:30:57.749,0 days 01:31:51.752000,0 days 00:01:12.162000,8182,132,4,0,True,1,car,2565.894722222223,0.5936594039550251,-791,16020,157,car,0 days 01:31:51.752000
2024-06-09 19:30:58.229,0 days 01:31:52.232000,0 days 00:01:12.642000,7861,111,3,0,True,1,car,2580.694722222223,0.5970836127124776,-832,16212,156,car,0 days 01:31:52.232000
2024-06-09 19:30:58.629,0 days 01:31:52.632000,0 days 00:01:13.042000,8080,92,3,0,True,1,car,2590.916944444445,0.5994486818242315,-851,16311,157,car,0 days 01:31:52.632000
2024-06-09 19:30:58.989,0 days 01:31:52.992000,0 days 00:01:13.402000,7592,82,2,10,False,1,car,2599.116944444445,0.6013458785682253,-867,16403,156,car,0 days 01:31:52.992000
2024-06-09 19:30:59.229,0 days 01:31:53.232000,0 days 00:01:13.642000,7747,83,2,19,False,1,car,2604.6502777777782,0.6026261007613269,-873,16442,155,car,0 days 01:31:53.232000
2024-06-09 19:30:59.509,0 days 01:31:53.512000,0 days 00:01:13.922000,7784,86,2,26,False,1,car,2611.339166666667,0.6041736785931485,-878,16489,156,car,0 days 01:31:53.512000
2024-06-09 19:30:59.829,0 days 01:31:53.832000,0 days 00:01:14.242000,7383,85,2,0,True,1,car,2618.8947222222228,0.6059217731540102,-879,16564,155,car,0 days 01:31:53.832000
2024-06-09 19:30:59.989,0 days 01:31:53.992000,0 days 00:01:14.402000,7341,81,2,0,True,1,car,2622.4947222222227,0.6067546887977148,-875,16599,156,car,0 days 01:31:53.992000
2024-06-09 19:31:00.389,0 days 01:31:54.392000,0 days 00:01:14.802000,6284,72,2,0,True,1,car,2630.4947222222227,0.6086056124503918,-835,16695,154,car,0 days 01:31:54.392000
2024-06-09 19:31:00.629,0 days 01:31:54.632000,0 days 00:01:15.042000,5881,68,2,0,True,1,car,2635.028055555556,0.6096544691869088,-807,16720,154,car,0 days 01:31:54.632000
2024-06-09 19:31:00.790,0 days 01:31:54.793000,0 days 00:01:15.203000,5536,65,2,0,True,1,car,2637.9350000000004,0.6103270357155638,-790,16732,155,car,0 days 01:31:54.793000
2024-06-09 19:31:00.950,0 days 01:31:54.953000,0 days 00:01:15.363000,5258,61,2,0,True,1,car,2640.6461111111116,0.6109542931756377,-775,16741,155,car,0 days 01:31:54.953000
2024-06-09 19:31:01.310,0 days 01:31:55.313000,0 days 00:01:15.723000,4979,58,2,1,False,1,car,2646.446111111112,0.6122962128238285,-693,16759,156,car,0 days 01:31:55.313000
2024-06-09 19:31:01.630,0 days 01:31:55.633000,0 days 00:01:16.043000,5017,55,2,5,False,1,car,2651.335000000001,0.6134273328337979,-666,16757,155,car,0 days 01:31:55.633000
2024-06-09 19:31:02.070,0 days 01:31:56.073000,0 days 00:01:16.483000,5462,56,2,7,False,1,car,2658.1794444444454,0.6150109008477549,-602,16731,155,car,0 days 01:31:56.073000
2024-06-09 19:31:02.229,0 days 01:31:56.232000,0 days 00:01:16.642000,5255,56,2,7,False,1,car,2660.6527777777787,0.6155831447437076,-583,16716,154,car,0 days 01:31:56.232000
2024-06-09 19:31:02.389,0 days 01:31:56.392000,0 days 00:01:16.802000,5210,57,2,7,False,1,car,2663.186111111112,0.6161692705670553,-564,16699,154,car,0 days 01:31:56.392000
2024-06-09 19:31:02.629,0 days 01:31:56.632000,0 days 00:01:17.042000,5236,58,2,9,False,1,car,2667.052777777779,0.6170638836658492,-532,16652,155,car,0 days 01:31:56.632000
2024-06-09 19:31:02.869,0 days 01:31:56.872000,0 days 00:01:17.282000,5630,61,2,18,False,1,car,2671.1194444444454,0.61800476985596,-511,16616,154,car,0 days 01:31:56.872000
2024-06-09 19:31:03.069,0 days 01:31:57.072000,0 days 00:01:17.482000,5879,63,2,0,False,1,car,2674.6194444444454,0.6188145489540061,-503,16600,154,car,0 days 01:31:57.072000
2024-06-09 19:31:03.349,0 days 01:31:57.352000,0 days 00:01:17.762000,5498,60,2,0,True,1,car,2679.286111111112,0.6198942544180677,-494,16581,156,car,0 days 01:31:57.352000
2024-06-09 19:31:03.749,0 days 01:31:57.752000,0 days 00:01:18.162000,4933,54,2,2,False,1,car,2685.286111111112,0.6212824471575754,-476,16531,154,car,0 days 01:31:57.752000
2024-06-09 19:31:03.909,0 days 01:31:57.912000,0 days 00:01:18.322000,5315,54,2,13,False,1,car,2687.686111111112,0.6218377242533786,-468,16508,154,car,0 days 01:31:57.912000
2024-06-09 19:31:04.389,0 days 01:31:58.392000,0 days 00:01:18.802000,6002,65,2,38,False,1,car,2696.3527777777786,0.6238428915437786,-447,16432,155,car,0 days 01:31:58.392000
2024-06-09 19:31:04.749,0 days 01:31:58.752000,0 days 00:01:19.162000,6670,78,2,52,False,1,car,2704.1527777777787,0.6256475421051387,-432,16363,154,car,0 days 01:31:58.752000
2024-06-09 19:31:05.029,0 days 01:31:59.032000,0 days 00:01:19.442000,8206,86,2,64,False,1,car,2710.841666666667,0.6271951199369602,-422,16300,154,car,0 days 01:31:59.032000
2024-06-09 19:31:05.269,0 days 01:31:59.272000,0 days 00:01:19.682000,8569,99,2,64,False,1,car,2717.4416666666675,0.6287221319504188,-414,16239,155,car,0 days 01:31:59.272000
2024-06-09 19:31:05.629,0 days 01:31:59.632000,0 days 00:01:20.042000,8311,111,2,72,False,1,car,2728.5416666666674,0.6312902885185081,-404,16135,155,car,0 days 01:31:59.632000
2024-06-09 19:31:05.789,0 days 01:31:59.792000,0 days 00:01:20.202000,8085,119,3,0,False,1,car,2733.830555555556,0.6325139547111113,-401,16086,155,car,0 days 01:31:59.792000
2024-06-09 19:31:06.229,0 days 01:32:00.232000,0 days 00:01:20.642000,7602,111,3,0,True,1,car,2747.397222222223,0.6356528127387759,-387,15929,155,car,0 days 01:32:00.232000
2024-06-09 19:31:06.429,0 days 01:32:00.432000,0 days 00:01:20.842000,8522,97,3,0,True,1,car,2752.786111111112,0.6368996154770377,-381,15888,154,car,0 days 01:32:00.432000
2024-06-09 19:31:06.789,0 days 01:32:00.792000,0 days 00:01:21.202000,8039,86,2,12,False,1,car,2761.386111111112,0.6388893584036655,-363,15766,155,car,0 days 01:32:00.792000
2024-06-09 19:31:07.109,0 days 01:32:01.112000,0 days 00:01:21.522000,8079,88,2,31,False,1,car,2769.2083333333344,0.6406991504196163,-349,15702,154,car,0 days 01:32:01.112000
2024-06-09 19:31:07.510,0 days 01:32:01.513000,0 days 00:01:21.923000,8854,95,2,46,False,1,car,2779.7902777777786,0.6431474468275583,-330,15628,154,car,0 days 01:32:01.513000
2024-06-09 19:31:07.790,0 days 01:32:01.793000,0 days 00:01:22.203000,9459,97,2,53,False,1,car,2787.334722222223,0.6448929706611245,-308,15553,153,car,0 days 01:32:01.793000
2024-06-09 19:31:08.030,0 days 01:32:02.033000,0 days 00:01:22.443000,10114,107,2,53,False,1,car,2794.468055555556,0.6465433775847614,-285,15486,151,car,0 days 01:32:02.033000
2024-06-09 19:31:08.350,0 days 01:32:02.353000,0 days 00:01:22.763000,9954,117,2,67,False,1,car,2804.868055555556,0.6489495783332415,-251,15393,150,car,0 days 01:32:02.353000
2024-06-09 19:31:08.630,0 days 01:32:02.633000,0 days 00:01:23.043000,9480,124,3,75,False,1,car,2814.5125000000007,0.6511809696256355,-202,15268,149,car,0 days 01:32:02.633000
2024-06-09 19:31:08.830,0 days 01:32:02.833000,0 days 00:01:23.243000,9900,132,3,78,False,1,car,2821.8458333333338,0.6528776496405894,-159,15161,148,car,0 days 01:32:02.833000
2024-06-09 19:31:08.989,0 days 01:32:02.992000,0 days 00:01:23.402000,10873,145,3,100,False,1,car,2828.2500000000005,0.6543593525854667,-136,15109,147,car,0 days 01:32:02.992000
2024-06-09 19:31:09.189,0 days 01:32:03.192000,0 days 00:01:23.602000,11165,150,3,100,False,1,car,2836.583333333334,0.6562873980570053,-111,15049,146,car,0 days 01:32:03.192000
2024-06-09 19:31:09.509,0 days 01:32:03.512000,0 days 00:01:23.922000,10389,167,4,93,False,1,car,2851.427777777778,0.6597218897236392,-68,14946,146,car,0 days 01:32:03.512000
2024-06-09 19:31:09.669,0 days 01:32:03.672000,0 days 00:01:24.082000,10551,174,4,86,False,1,car,2859.161111111111,0.6615111159212269,-34,14866,145,car,0 days 01:32:03.672000
2024-06-09 19:31:09.909,0 days 01:32:03.912000,0 days 00:01:24.322000,10673,177,4,82,False,1,car,2870.9611111111117,0.6642412283089256,23,14729,145,car,0 days 01:32:03.912000
2024-06-09 19:31:10.149,0 days 01:32:04.152000,0 days 00:01:24.562000,9574,184,4,67,False,1,car,2883.227777777778,0.6670793112430303,58,14648,146,car,0 days 01:32:04.152000
2024-06-09 19:31:10.389,0 days 01:32:04.392000,0 days 00:01:24.802000,9481,184,5,46,True,1,car,2895.4944444444454,0.6699173941771353,92,14569,145,car,0 days 01:32:04.392000
2024-06-09 19:31:10.589,0 days 01:32:04.592000,0 days 00:01:25.002000,9628,185,5,48,False,1,car,2905.772222222223,0.672295316925366,135,14467,145,car,0 days 01:32:04.592000
2024-06-09 19:31:10.909,0 days 01:32:04.912000,0 days 00:01:25.322000,9585,184,5,50,False,1,car,2922.1277777777786,0.6760794275041724,217,14278,146,car,0 days 01:32:04.912000
2024-06-09 19:31:11.189,0 days 01:32:05.192000,0 days 00:01:25.602000,9628,185,5,60,False,1,car,2936.516666666668,0.6794085193516957,275,14147,146,car,0 days 01:32:05.192000
2024-06-09 19:31:11.589,0 days 01:32:05.592000,0 days 00:01:26.002000,10116,195,5,80,False,1,car,2958.183333333334,0.6844214375776958,333,14015,144,car,0 days 01:32:05.592000
2024-06-09 19:31:11.829,0 days 01:32:05.832000,0 days 00:01:26.242000,9796,193,5,15,True,1,car,2971.050000000001,0.6873983397857514,413,13832,145,car,0 days 01:32:05.832000
2024-06-09 19:31:12.269,0 days 01:32:06.272000,0 days 00:01:26.682000,9261,182,5,24,False,1,car,2993.2944444444456,0.6925449358311117,472,13694,143,car,0 days 01:32:06.272000
2024-06-09 19:31:12.469,0 days 01:32:06.472000,0 days 00:01:26.882000,9322,179,5,30,False,1,car,3003.2388888888904,0.6948457367604811,514,13595,143,car,0 days 01:32:06.472000
2024-06-09 19:31:12.629,0 days 01:32:06.632000,0 days 00:01:27.042000,9229,178,5,40,False,1,car,3011.1500000000015,0.696676094594795,544,13523,143,car,0 days 01:32:06.632000
2024-06-09 19:31:12.869,0 days 01:32:06.872000,0 days 00:01:27.282000,9360,179,5,62,False,1,car,3023.0833333333344,0.6994370557100381,590,13414,141,car,0 days 01:32:06.872000
2024-06-09 19:31:13.069,0 days 01:32:07.072000,0 days 00:01:27.482000,9524,182,5,72,False,1,car,3033.1944444444457,0.7017764175488382,629,13321,140,car,0 days 01:32:07.072000
2024-06-09 19:31:13.229,0 days 01:32:07.232000,0 days 00:01:27.642000,9623,184,5,76,False,1,car,3041.372222222223,0.7036684728382413,660,13245,138,car,0 days 01:32:07.232000
2024-06-09 19:31:13.429,0 days 01:32:07.432000,0 days 00:01:27.842000,9928,189,5,92,False,1,car,3051.872222222223,0.7060978101323799,699,13150,137,car,0 days 01:32:07.432000
2024-06-09 19:31:13.709,0 days 01:32:07.712000,0 days 00:01:28.122000,10336,194,5,100,False,1,car,3066.961111111112,0.7095888577995123,756,13010,134,car,0 days 01:32:07.712000
2024-06-09 19:31:13.870,0 days 01:32:07.873000,0 days 00:01:28.283000,10583,203,5,90,False,1,car,3076.039722222223,0.7116893348043888,789,12927,133,car,0 days 01:32:07.873000
2024-06-09 19:31:14.350,0 days 01:32:08.353000,0 days 00:01:28.763000,9384,209,5,70,False,1,car,3103.90638888889,0.7181367188612138,887,12669,131,car,0 days 01:32:08.353000
2024-06-09 19:31:14.750,0 days 01:32:08.753000,0 days 00:01:29.163000,9314,210,6,59,False,1,car,3127.239722222223,0.7235352461815215,966,12449,131,car,0 days 01:32:08.753000
2024-06-09 19:31:15.070,0 days 01:32:09.073000,0 days 00:01:29.483000,9378,208,6,47,True,1,car,3145.7286111111125,0.7278129364010419,1024,12271,131,car,0 days 01:32:09.073000
2024-06-09 19:31:15.350,0 days 01:32:09.353000,0 days 00:01:29.763000,9172,206,6,42,False,1,car,3161.750833333335,0.7315199251609867,1072,12118,130,car,0 days 01:32:09.353000
2024-06-09 19:31:15.629,0 days 01:32:09.632000,0 days 00:01:30.042000,9120,204,6,52,False,1,car,3177.560833333335,0.7351778130295896,1117,11966,130,car,0 days 01:32:09.632000
2024-06-09 19:31:15.949,0 days 01:32:09.952000,0 days 00:01:30.362000,9310,206,6,59,False,1,car,3195.8719444444455,0.7394143716123835,1167,11789,130,car,0 days 01:32:09.952000
2024-06-09 19:31:16.109,0 days 01:32:10.112000,0 days 00:01:30.522000,9232,206,6,62,False,1,car,3205.0275000000015,0.7415326509037807,1189,11707,129,car,0 days 01:32:10.112000
2024-06-09 19:31:16.429,0 days 01:32:10.432000,0 days 00:01:30.842000,9335,208,6,73,False,1,car,3223.51638888889,0.7458103411233008,1254,11461,129,car,0 days 01:32:10.432000
2024-06-09 19:31:16.669,0 days 01:32:10.672000,0 days 00:01:31.082000,9197,211,6,51,False,1,car,3237.5830555555563,0.7490648818792578,1292,11307,129,car,0 days 01:32:10.672000
2024-06-09 19:31:17.069,0 days 01:32:11.072000,0 days 00:01:31.482000,9407,209,6,42,False,1,car,3260.805277777779,0.754437701926612,1331,11148,128,car,0 days 01:32:11.072000
2024-06-09 19:31:17.429,0 days 01:32:11.432000,0 days 00:01:31.842000,9282,208,6,58,False,1,car,3281.605277777779,0.7592501034235721,1375,10963,128,car,0 days 01:32:11.432000
2024-06-09 19:31:17.589,0 days 01:32:11.592000,0 days 00:01:32.002000,9416,210,6,71,False,1,car,3290.938611111112,0.7614095143516952,1397,10870,129,car,0 days 01:32:11.592000
2024-06-09 19:31:17.949,0 days 01:32:11.952000,0 days 00:01:32.362000,9595,213,6,80,False,1,car,3312.2386111111123,0.7663375985769478,1446,10665,127,car,0 days 01:32:11.952000
2024-06-09 19:31:18.149,0 days 01:32:12.152000,0 days 00:01:32.562000,9735,213,6,100,False,1,car,3324.0719444444458,0.7690754231465327,1473,10549,128,car,0 days 01:32:12.152000
2024-06-09 19:31:18.429,0 days 01:32:12.432000,0 days 00:01:32.842000,9913,223,6,74,False,1,car,3341.41638888889,0.7730883284546282,1512,10382,127,car,0 days 01:32:12.432000
2024-06-09 19:31:18.629,0 days 01:32:12.632000,0 days 00:01:33.042000,9960,223,6,54,False,1,car,3353.8052777777793,0.7759546893889822,1540,10261,128,car,0 days 01:32:12.632000
2024-06-09 19:31:18.909,0 days 01:32:12.912000,0 days 00:01:33.322000,9910,221,6,53,False,1,car,3370.994166666668,0.7799316045149424,1580,10093,127,car,0 days 01:32:12.912000
2024-06-09 19:31:19.149,0 days 01:32:13.152000,0 days 00:01:33.562000,9898,222,6,53,False,1,car,3385.794166666668,0.7833558132723948,1612,9950,127,car,0 days 01:32:13.152000
2024-06-09 19:31:19.389,0 days 01:32:13.392000,0 days 00:01:33.802000,9922,222,6,65,False,1,car,3400.5941666666686,0.7867800220298473,1650,9789,126,car,0 days 01:32:13.392000
2024-06-09 19:31:19.589,0 days 01:32:13.592000,0 days 00:01:34.002000,10035,223,6,68,False,1,car,3412.983055555557,0.7896463829642012,1686,9637,127,car,0 days 01:32:13.592000
2024-06-09 19:31:19.789,0 days 01:32:13.792000,0 days 00:01:34.202000,10050,224,6,70,False,1,car,3425.4275000000016,0.7925255975350322,1708,9541,127,car,0 days 01:32:13.792000
2024-06-09 19:31:20.029,0 days 01:32:14.032000,0 days 00:01:34.442000,10079,226,6,67,False,1,car,3440.4941666666678,0.7960115037475737,1733,9432,126,car,0 days 01:32:14.032000
2024-06-09 19:31:20.309,0 days 01:32:14.312000,0 days 00:01:34.722000,10066,226,6,53,False,1,car,3458.0719444444458,0.8000783943288724,1786,9206,125,car,0 days 01:32:14.312000
2024-06-09 19:31:20.590,0 days 01:32:14.593000,0 days 00:01:35.003000,10010,224,6,62,False,1,car,3475.5563888888905,0.8041236908008899,1824,9042,126,car,0 days 01:32:14.593000
2024-06-09 19:31:20.950,0 days 01:32:14.953000,0 days 00:01:35.363000,10183,228,6,74,False,1,car,3498.3563888888907,0.8093988232110194,1866,8862,125,car,0 days 01:32:14.953000
2024-06-09 19:31:21.110,0 days 01:32:15.113000,0 days 00:01:35.523000,10277,228,6,74,False,1,car,3508.489722222224,0.8117433265044102,1901,8708,126,car,0 days 01:32:15.113000
2024-06-09 19:31:21.390,0 days 01:32:15.393000,0 days 00:01:35.803000,10157,228,6,9,True,1,car,3526.2230555555575,0.8158462072678443,1945,8515,126,car,0 days 01:32:15.393000
2024-06-09 19:31:21.790,0 days 01:32:15.793000,0 days 00:01:36.203000,9476,198,6,0,True,1,car,3548.223055555558,0.8209362473127062,1983,8349,126,car,0 days 01:32:15.793000
2024-06-09 19:31:21.950,0 days 01:32:15.953000,0 days 00:01:36.363000,9767,183,6,1,True,1,car,3556.356388888891,0.8228180196929278,2001,8266,126,car,0 days 01:32:15.953000
2024-06-09 19:31:22.110,0 days 01:32:16.113000,0 days 00:01:36.523000,9917,175,5,2,True,1,car,3564.134166666669,0.8246175287996971,2019,8189,125,car,0 days 01:32:16.113000
2024-06-09 19:31:22.429,0 days 01:32:16.432000,0 days 00:01:36.842000,9194,153,4,2,True,1,car,3577.691666666669,0.8277542659773431,2052,8050,127,car,0 days 01:32:16.432000
2024-06-09 19:31:22.829,0 days 01:32:16.832000,0 days 00:01:37.242000,9573,127,4,2,True,1,car,3591.80277777778,0.8310190896424817,2085,7901,127,car,0 days 01:32:16.832000
2024-06-09 19:31:23.029,0 days 01:32:17.032000,0 days 00:01:37.442000,8319,117,3,1,True,1,car,3598.3027777777797,0.8325229651102817,2101,7833,127,car,0 days 01:32:17.032000
2024-06-09 19:31:23.229,0 days 01:32:17.232000,0 days 00:01:37.642000,8386,106,3,1,True,1,car,3604.191666666669,0.8338854505768357,2115,7775,126,car,0 days 01:32:17.232000
2024-06-09 19:31:23.429,0 days 01:32:17.432000,0 days 00:01:37.842000,8707,97,3,1,True,1,car,3609.580555555558,0.8351322533150973,2126,7729,126,car,0 days 01:32:17.432000
2024-06-09 19:31:23.589,0 days 01:32:17.592000,0 days 00:01:38.002000,8707,89,2,1,True,1,car,3613.5361111111133,0.8360474322322542,2134,7692,127,car,0 days 01:32:17.592000
2024-06-09 19:31:23.869,0 days 01:32:17.872000,0 days 00:01:38.282000,7666,84,2,0,False,1,car,3620.0694444444466,0.8375590198819405,2153,7615,127,car,0 days 01:32:17.872000
2024-06-09 19:31:24.229,0 days 01:32:18.232000,0 days 00:01:38.642000,6965,79,2,0,True,1,car,3627.9694444444467,0.839386806988959,2170,7543,126,car,0 days 01:32:18.232000
2024-06-09 19:31:24.549,0 days 01:32:18.552000,0 days 00:01:38.962000,6829,74,2,9,False,1,car,3634.5472222222247,0.8409086775478268,2185,7481,127,car,0 days 01:32:18.552000
2024-06-09 19:31:24.869,0 days 01:32:18.872000,0 days 00:01:39.282000,7081,80,2,54,False,1,car,3641.6583333333356,0.842553943016873,2201,7414,127,car,0 days 01:32:18.872000
2024-06-09 19:31:25.069,0 days 01:32:19.072000,0 days 00:01:39.482000,8258,88,2,71,False,1,car,3646.5472222222247,0.8436850630268423,2213,7366,128,car,0 days 01:32:19.072000
2024-06-09 19:31:25.389,0 days 01:32:19.392000,0 days 00:01:39.802000,10493,100,2,69,False,1,car,3655.436111111114,0.8457416448631502,2239,7253,127,car,0 days 01:32:19.392000
2024-06-09 19:31:25.629,0 days 01:32:19.632000,0 days 00:01:40.042000,10313,109,2,71,False,1,car,3662.7027777777803,0.8474229005143317,2247,7218,126,car,0 days 01:32:19.632000
2024-06-09 19:31:25.909,0 days 01:32:19.912000,0 days 00:01:40.322000,10763,123,2,83,False,1,car,3672.269444444447,0.849636296715658,2272,7118,127,car,0 days 01:32:19.912000
2024-06-09 19:31:26.269,0 days 01:32:20.272000,0 days 00:01:40.682000,10325,142,3,100,False,1,car,3686.4694444444467,0.8529216861991595,2299,7005,128,car,0 days 01:32:20.272000
2024-06-09 19:31:26.509,0 days 01:32:20.512000,0 days 00:01:40.922000,11190,152,3,100,False,1,car,3696.60277777778,0.8552661894925504,2322,6911,128,car,0 days 01:32:20.512000
2024-06-09 19:31:26.709,0 days 01:32:20.712000,0 days 00:01:41.122000,11203,161,3,100,False,1,car,3705.5472222222243,0.8573356249653351,2342,6825,129,car,0 days 01:32:20.712000
2024-06-09 19:31:27.030,0 days 01:32:21.033000,0 days 00:01:41.443000,10253,173,4,100,False,1,car,3720.9730555555575,0.8609046299377001,2384,6647,129,car,0 days 01:32:21.033000
2024-06-09 19:31:27.390,0 days 01:32:21.393000,0 days 00:01:41.803000,9833,186,4,100,False,1,car,3739.5730555555574,0.8652080274301741,2421,6489,130,car,0 days 01:32:21.393000
2024-06-09 19:31:27.710,0 days 01:32:21.713000,0 days 00:01:42.123000,9142,185,5,0,True,1,car,3756.017500000002,0.8690127038273435,2471,6277,130,car,0 days 01:32:21.713000
2024-06-09 19:31:28.030,0 days 01:32:22.033000,0 days 00:01:42.443000,8597,169,5,5,True,1,car,3771.039722222224,0.8724883271307037,2492,6192,131,car,0 days 01:32:22.033000
2024-06-09 19:31:28.270,0 days 01:32:22.273000,0 days 00:01:42.683000,8457,160,5,0,True,1,car,3781.706388888891,0.8749562253342731,2517,6083,131,car,0 days 01:32:22.273000
2024-06-09 19:31:28.590,0 days 01:32:22.593000,0 days 00:01:43.003000,8684,148,5,4,True,1,car,3794.861944444446,0.8779999664520085,2549,5943,131,car,0 days 01:32:22.593000
2024-06-09 19:31:28.870,0 days 01:32:22.873000,0 days 00:01:43.283000,8534,140,4,0,True,1,car,3805.7508333333353,0.8805192792014855,2576,5818,132,car,0 days 01:32:22.873000
2024-06-09 19:31:29.149,0 days 01:32:23.152000,0 days 00:01:43.562000,9131,123,3,0,True,1,car,3815.283333333335,0.8827247704163784,2590,5741,131,car,0 days 01:32:23.152000
2024-06-09 19:31:29.389,0 days 01:32:23.392000,0 days 00:01:43.802000,8186,115,3,0,True,1,car,3822.950000000002,0.884498572250194,2600,5662,131,car,0 days 01:32:23.392000
2024-06-09 19:31:29.909,0 days 01:32:23.912000,0 days 00:01:44.322000,7448,105,3,3,False,1,car,3838.1166666666686,0.8880076150083941,2600,5508,131,car,0 days 01:32:23.912000
2024-06-09 19:31:30.229,0 days 01:32:24.232000,0 days 00:01:44.642000,7448,103,3,12,False,1,car,3847.272222222224,0.8901258942997912,2578,5423,130,car,0 days 01:32:24.232000
2024-06-09 19:31:30.389,0 days 01:32:24.392000,0 days 00:01:44.802000,7545,103,3,12,False,1,car,3851.850000000002,0.8911850339454896,2559,5381,130,car,0 days 01:32:24.392000
2024-06-09 19:31:30.669,0 days 01:32:24.672000,0 days 00:01:45.082000,7919,103,3,24,False,1,car,3859.861111111113,0.893038528325462,2518,5310,131,car,0 days 01:32:24.672000
2024-06-09 19:31:30.829,0 days 01:32:24.832000,0 days 00:01:45.242000,7919,105,3,24,False,1,car,3864.52777777778,0.8941182337895237,2494,5270,130,car,0 days 01:32:24.832000
2024-06-09 19:31:31.029,0 days 01:32:25.032000,0 days 00:01:45.442000,7847,106,3,49,False,1,car,3870.416666666669,0.8954807192560775,2465,5221,130,car,0 days 01:32:25.032000
2024-06-09 19:31:31.269,0 days 01:32:25.272000,0 days 00:01:45.682000,8173,112,3,23,False,1,car,3877.883333333336,0.8972082479985762,2426,5134,129,car,0 days 01:32:25.272000
2024-06-09 19:31:31.429,0 days 01:32:25.432000,0 days 00:01:45.842000,8083,113,3,17,False,1,car,3882.905555555558,0.89837021673609,2410,5081,128,car,0 days 01:32:25.432000
2024-06-09 19:31:31.669,0 days 01:32:25.672000,0 days 00:01:46.082000,8169,113,3,31,False,1,car,3890.438888888891,0.9001131698423609,2400,5016,128,car,0 days 01:32:25.672000
2024-06-09 19:31:31.909,0 days 01:32:25.912000,0 days 00:01:46.322000,8382,114,3,44,False,1,car,3898.0388888888915,0.901871547312404,2396,4946,127,car,0 days 01:32:25.912000
2024-06-09 19:31:32.589,0 days 01:32:26.592000,0 days 00:01:47.002000,9886,130,3,79,False,1,car,3922.5944444444467,0.9075528546352043,2406,4729,126,car,0 days 01:32:26.592000
2024-06-09 19:31:32.829,0 days 01:32:26.832000,0 days 00:01:47.242000,10506,142,3,86,False,1,car,3932.061111111114,0.9097431142908722,2416,4645,126,car,0 days 01:32:26.832000
2024-06-09 19:31:33.069,0 days 01:32:27.072000,0 days 00:01:47.482000,11208,150,3,100,False,1,car,3942.061111111114,0.9120567688567184,2442,4509,125,car,0 days 01:32:27.072000
2024-06-09 19:31:33.229,0 days 01:32:27.232000,0 days 00:01:47.642000,11768,159,3,100,False,1,car,3949.1277777777805,0.9136917514165831,2459,4428,126,car,0 days 01:32:27.232000
2024-06-09 19:31:33.550,0 days 01:32:27.553000,0 days 00:01:47.963000,10552,175,4,100,False,1,car,3964.731944444447,0.9173020165620389,2483,4332,125,car,0 days 01:32:27.553000
2024-06-09 19:31:33.710,0 days 01:32:27.713000,0 days 00:01:48.123000,10987,179,4,100,False,1,car,3972.687500000003,0.9191426573055346,2504,4253,126,car,0 days 01:32:27.713000
2024-06-09 19:31:33.870,0 days 01:32:27.873000,0 days 00:01:48.283000,11127,183,4,100,False,1,car,3980.8208333333364,0.9210244296857562,2526,4175,126,car,0 days 01:32:27.873000
2024-06-09 19:31:34.070,0 days 01:32:28.073000,0 days 00:01:48.483000,10900,192,4,97,False,1,car,3991.4875000000034,0.9234923278893256,2554,4075,127,car,0 days 01:32:28.073000
2024-06-09 19:31:34.390,0 days 01:32:28.393000,0 days 00:01:48.803000,10047,200,5,100,False,1,car,4009.2652777777807,0.927605491561941,2603,3907,126,car,0 days 01:32:28.393000
2024-06-09 19:31:34.710,0 days 01:32:28.713000,0 days 00:01:49.123000,10912,208,5,100,False,1,car,4027.7541666666702,0.9318831817814613,2662,3703,126,car,0 days 01:32:28.713000
2024-06-09 19:31:34.950,0 days 01:32:28.953000,0 days 00:01:49.363000,11134,215,5,100,False,1,car,4042.0875000000033,0.9351994199925076,2706,3543,127,car,0 days 01:32:28.953000
2024-06-09 19:31:35.110,0 days 01:32:29.113000,0 days 00:01:49.523000,11250,217,5,100,False,1,car,4051.7319444444474,0.9374308112849015,2716,3503,127,car,0 days 01:32:29.113000
2024-06-09 19:31:35.430,0 days 01:32:29.433000,0 days 00:01:49.843000,11250,223,5,100,False,1,car,4071.55416666667,0.942016988779868,2765,3312,127,car,0 days 01:32:29.433000
2024-06-09 19:31:35.590,0 days 01:32:29.593000,0 days 00:01:50.003000,10410,227,6,100,False,1,car,4081.6430555555585,0.9443512091640771,2790,3216,127,car,0 days 01:32:29.593000
2024-06-09 19:31:35.949,0 days 01:32:29.952000,0 days 00:01:50.362000,10446,236,6,100,False,1,car,4105.1775000000025,0.9497962666484314,2845,3000,127,car,0 days 01:32:29.952000
2024-06-09 19:31:36.229,0 days 01:32:30.232000,0 days 00:01:50.642000,10693,238,6,100,False,1,car,4123.6886111111135,0.9540790983225423,2907,2757,128,car,0 days 01:32:30.232000
2024-06-09 19:31:36.389,0 days 01:32:30.392000,0 days 00:01:50.802000,10859,239,6,100,False,1,car,4134.310833333337,0.9565367136169304,2932,2660,127,car,0 days 01:32:30.392000
2024-06-09 19:31:36.549,0 days 01:32:30.552000,0 days 00:01:50.962000,10885,242,6,100,False,1,car,4145.066388888892,0.9590251776388627,2946,2604,127,car,0 days 01:32:30.552000
2024-06-09 19:31:36.789,0 days 01:32:30.792000,0 days 00:01:51.202000,11115,247,6,100,False,1,car,4161.533055555558,0.9628349954906228,2987,2450,127,car,0 days 01:32:30.792000
2024-06-09 19:31:37.109,0 days 01:32:31.112000,0 days 00:01:51.522000,10783,238,6,1,True,1,car,4182.688611111114,0.9677296602610355,3042,2237,128,car,0 days 01:32:31.112000
2024-06-09 19:31:37.389,0 days 01:32:31.392000,0 days 00:01:51.802000,9888,211,6,0,True,1,car,4199.099722222226,0.9715266244763188,3102,2009,127,car,0 days 01:32:31.392000
2024-06-09 19:31:37.629,0 days 01:32:31.632000,0 days 00:01:52.042000,9830,192,6,0,True,1,car,4211.899722222225,0.9744881023206018,3120,1941,127,car,0 days 01:32:31.632000
2024-06-09 19:31:37.789,0 days 01:32:31.792000,0 days 00:01:52.202000,10195,176,5,0,True,1,car,4219.721944444447,0.9762978943365527,3140,1864,127,car,0 days 01:32:31.792000
2024-06-09 19:31:37.989,0 days 01:32:31.992000,0 days 00:01:52.402000,9793,160,4,0,True,1,car,4228.610833333336,0.9783544761728604,3164,1773,127,car,0 days 01:32:31.992000
2024-06-09 19:31:38.189,0 days 01:32:32.192000,0 days 00:01:52.602000,9278,154,4,3,False,1,car,4237.166388888892,0.9803339361903066,3186,1688,128,car,0 days 01:32:32.192000
2024-06-09 19:31:38.429,0 days 01:32:32.432000,0 days 00:01:52.842000,9385,153,4,27,False,1,car,4247.366388888891,0.9826938638474698,3210,1592,127,car,0 days 01:32:32.432000
2024-06-09 19:31:38.789,0 days 01:32:32.792000,0 days 00:01:53.202000,9326,156,4,56,False,1,car,4262.966388888892,0.98630316497019,3261,1386,129,car,0 days 01:32:32.792000
2024-06-09 19:31:38.989,0 days 01:32:32.992000,0 days 00:01:53.402000,9880,160,4,73,False,1,car,4271.85527777778,0.9883597468064977,3284,1281,129,car,0 days 01:32:32.992000
2024-06-09 19:31:39.189,0 days 01:32:33.192000,0 days 00:01:53.602000,10145,166,4,92,False,1,car,4281.077500000003,0.9904934504616671,3300,1207,128,car,0 days 01:32:33.192000
2024-06-09 19:31:39.549,0 days 01:32:33.552000,0 days 00:01:53.962000,10978,181,4,100,False,1,car,4299.177500000003,0.9946811652258489,3317,1118,128,car,0 days 01:32:33.552000
2024-06-09 19:31:39.749,0 days 01:32:33.752000,0 days 00:01:54.162000,11325,181,4,100,False,1,car,4309.233055555559,0.9970076734281722,3334,1023,128,car,0 days 01:32:33.752000
