Date_x,SessionTime_x,Time,RPM_x,Speed_x,nGear_x,Throttle_x,Brake_x,DRS_x,Source_x,Distance,RelativeDistance,X,Y,Z,Source_y,SessionTime_y
2024-10-20 19:33:42.807,0 days 01:27:05.209000,0 days 00:00:00.175000,11758,224,5,100,False,0,car,10.923611111111109,0.0020028024464696617,-1213,-481,1302,car,0 days 01:27:05.209000
2024-10-20 19:33:43.046,0 days 01:27:05.448000,0 days 00:00:00.414000,11058,227,5,100,False,0,car,25.993888888888886,0.004765880415403383,-1100,-568,1301,car,0 days 01:27:05.448000
2024-10-20 19:33:43.406,0 days 01:27:05.808000,0 days 00:00:00.774000,10541,235,6,100,False,0,car,49.49388888888889,0.00907451581200436,-942,-690,1302,car,0 days 01:27:05.808000
2024-10-20 19:33:43.606,0 days 01:27:06.008000,0 days 00:00:00.974000,10965,238,6,100,False,0,car,62.71611111111111,0.011498759841297581,-836,-771,1301,car,0 days 01:27:06.008000
2024-10-20 19:33:43.886,0 days 01:27:06.288000,0 days 00:00:01.254000,11163,244,6,100,False,0,car,81.69388888888889,0.014978263036283145,-689,-883,1301,car,0 days 01:27:06.288000
2024-10-20 19:33:44.046,0 days 01:27:06.448000,0 days 00:00:01.414000,11281,247,6,100,False,0,car,92.67166666666667,0.016990996734553485,-608,-945,1301,car,0 days 01:27:06.448000
2024-10-20 19:33:44.366,0 days 01:27:06.768000,0 days 00:00:01.734000,11469,250,6,100,False,0,car,114.8938888888889,0.021065356447651336,-346,-1145,1302,car,0 days 01:27:06.768000
2024-10-20 19:33:44.646,0 days 01:27:07.048000,0 days 00:00:02.014000,11693,255,6,100,False,0,car,134.72722222222222,0.024701722491591166,-260,-1212,1301,car,0 days 01:27:07.048000
2024-10-20 19:33:44.966,0 days 01:27:07.368000,0 days 00:00:02.334000,11498,256,6,100,False,0,car,157.4827777777778,0.02887386683780337,-86,-1346,1305,car,0 days 01:27:07.368000
2024-10-20 19:33:45.166,0 days 01:27:07.568000,0 days 00:00:02.534000,10658,260,6,100,False,0,car,171.92722222222224,0.03152220065131697,26,-1433,1303,car,0 days 01:27:07.568000
2024-10-20 19:33:45.446,0 days 01:27:07.848000,0 days 00:00:02.814000,10437,266,7,100,False,0,car,192.61611111111114,0.035315429544211074,188,-1557,1303,car,0 days 01:27:07.848000
2024-10-20 19:33:45.806,0 days 01:27:08.208000,0 days 00:00:03.174000,10856,269,7,100,False,0,car,219.51611111111112,0.040247441976916015,399,-1717,1303,car,0 days 01:27:08.208000
2024-10-20 19:33:46.086,0 days 01:27:08.488000,0 days 00:00:03.454000,10849,272,7,100,False,0,car,240.67166666666668,0.04412623242378517,606,-1876,1302,car,0 days 01:27:08.488000
2024-10-20 19:33:46.246,0 days 01:27:08.648000,0 days 00:00:03.614000,10929,273,7,100,False,0,car,252.80499999999998,0.04635083282713659,732,-1972,1301,car,0 days 01:27:08.648000
2024-10-20 19:33:46.446,0 days 01:27:08.848000,0 days 00:00:03.814000,11016,275,7,100,False,0,car,268.0827777777778,0.049151955129891366,877,-2084,1302,car,0 days 01:27:08.848000
2024-10-20 19:33:46.726,0 days 01:27:09.128000,0 days 00:00:04.094000,11102,278,7,100,False,0,car,289.70500000000004,0.053116307130735584,1025,-2197,1303,car,0 days 01:27:09.128000
2024-10-20 19:33:46.926,0 days 01:27:09.328000,0 days 00:00:04.294000,11135,279,7,100,False,0,car,305.205,0.055958173030621325,1093,-2249,1304,car,0 days 01:27:09.328000
2024-10-20 19:33:47.126,0 days 01:27:09.528000,0 days 00:00:04.494000,11200,282,7,100,False,0,car,320.87166666666667,0.05883059662835531,1202,-2332,1306,car,0 days 01:27:09.528000
2024-10-20 19:33:47.406,0 days 01:27:09.808000,0 days 00:00:04.774000,11281,282,7,100,False,0,car,342.805,0.06285198966518289,1378,-2467,1313,car,0 days 01:27:09.808000
2024-10-20 19:33:47.726,0 days 01:27:10.128000,0 days 00:00:05.094000,11340,284,7,100,False,0,car,368.0494444444445,0.06748046229926205,1587,-2627,1322,car,0 days 01:27:10.128000
2024-10-20 19:33:47.966,0 days 01:27:10.368000,0 days 00:00:05.334000,11347,284,7,100,False,0,car,386.98277777777776,0.07095181677482142,1752,-2753,1333,car,0 days 01:27:10.368000
2024-10-20 19:33:48.206,0 days 01:27:10.608000,0 days 00:00:05.574000,11365,284,7,100,False,0,car,405.9161111111111,0.07442317125038078,1901,-2867,1345,car,0 days 01:27:10.608000
2024-10-20 19:33:48.486,0 days 01:27:10.888000,0 days 00:00:05.854000,11311,284,7,100,False,0,car,428.005,0.07847308480520004,2076,-3001,1360,car,0 days 01:27:10.888000
2024-10-20 19:33:48.767,0 days 01:27:11.169000,0 days 00:00:06.135000,11257,283,7,100,False,0,car,450.0947222222222,0.08252315114850854,2244,-3132,1379,car,0 days 01:27:11.169000
2024-10-20 19:33:48.927,0 days 01:27:11.329000,0 days 00:00:06.295000,11257,282,7,100,False,0,car,462.62805555555553,0.08482109002669573,2362,-3224,1394,car,0 days 01:27:11.329000
2024-10-20 19:33:49.287,0 days 01:27:11.689000,0 days 00:00:06.655000,11205,280,7,100,False,0,car,490.62805555555553,0.08995478326519903,2596,-3406,1425,car,0 days 01:27:11.689000
2024-10-20 19:33:49.567,0 days 01:27:11.969000,0 days 00:00:06.935000,10864,275,7,0,True,0,car,512.0169444444443,0.0938763544890557,2744,-3518,1444,car,0 days 01:27:11.969000
2024-10-20 19:33:49.806,0 days 01:27:12.208000,0 days 00:00:07.174000,9976,240,7,0,True,0,car,527.9502777777777,0.09679767040334686,2919,-3661,1469,car,0 days 01:27:12.208000
2024-10-20 19:33:50.126,0 days 01:27:12.528000,0 days 00:00:07.494000,8203,207,7,0,True,0,car,546.3502777777777,0.10017124024579188,3005,-3736,1485,car,0 days 01:27:12.528000
2024-10-20 19:33:50.486,0 days 01:27:12.888000,0 days 00:00:07.854000,9493,169,7,0,True,0,car,563.2502777777777,0.10326979080760279,3125,-3833,1506,car,0 days 01:27:12.888000
2024-10-20 19:33:50.686,0 days 01:27:13.088000,0 days 00:00:08.054000,9988,160,7,0,True,0,car,572.1391666666666,0.10489953469284194,3197,-3893,1521,car,0 days 01:27:13.088000
2024-10-20 19:33:50.886,0 days 01:27:13.288000,0 days 00:00:08.254000,9785,139,7,0,True,0,car,579.8613888888888,0.10631537469314342,3285,-3963,1535,car,0 days 01:27:13.288000
2024-10-20 19:33:51.086,0 days 01:27:13.488000,0 days 00:00:08.454000,9195,128,5,0,True,0,car,586.9725,0.10761916980133476,3355,-4010,1545,car,0 days 01:27:13.488000
2024-10-20 19:33:51.486,0 days 01:27:13.888000,0 days 00:00:08.854000,8055,112,3,0,True,0,car,599.4169444444444,0.10990081124066955,3441,-4048,1553,car,0 days 01:27:13.888000
2024-10-20 19:33:51.766,0 days 01:27:14.168000,0 days 00:00:09.134000,7480,105,3,0,True,0,car,607.5836111111112,0.11139813843523302,3508,-4066,1558,car,0 days 01:27:14.168000
2024-10-20 19:33:51.926,0 days 01:27:14.328000,0 days 00:00:09.294000,7287,100,3,0,True,0,car,612.0280555555556,0.1122130103778526,3563,-4071,1561,car,0 days 01:27:14.328000
2024-10-20 19:33:52.086,0 days 01:27:14.488000,0 days 00:00:09.454000,7057,96,3,0,True,0,car,616.2947222222223,0.11299528744276739,3627,-4069,1564,car,0 days 01:27:14.488000
2024-10-20 19:33:52.286,0 days 01:27:14.688000,0 days 00:00:09.654000,6896,93,3,0,True,0,car,621.4613888888889,0.11394257607606263,3675,-4065,1565,car,0 days 01:27:14.688000
2024-10-20 19:33:52.766,0 days 01:27:15.168000,0 days 00:00:10.134000,6388,89,3,0,False,0,car,633.3280555555556,0.11611828416285688,3770,-3979,1567,car,0 days 01:27:15.168000
2024-10-20 19:33:52.966,0 days 01:27:15.368000,0 days 00:00:10.334000,6339,87,3,0,False,0,car,638.161388888889,0.11700445740045567,3786,-3957,1567,car,0 days 01:27:15.368000
2024-10-20 19:33:53.166,0 days 01:27:15.568000,0 days 00:00:10.534000,6031,85,3,0,False,0,car,642.8836111111112,0.11787025883948897,3797,-3926,1568,car,0 days 01:27:15.568000
2024-10-20 19:33:53.326,0 days 01:27:15.728000,0 days 00:00:10.694000,6036,84,3,0,False,0,car,646.6169444444446,0.11855475127128942,3808,-3888,1569,car,0 days 01:27:15.728000
2024-10-20 19:33:53.486,0 days 01:27:15.888000,0 days 00:00:10.854000,6491,82,3,21,False,0,car,650.261388888889,0.11922294626423746,3812,-3851,1569,car,0 days 01:27:15.888000
2024-10-20 19:33:53.726,0 days 01:27:16.128000,0 days 00:00:11.094000,6270,82,3,32,False,0,car,655.7280555555557,0.12022523875365954,3810,-3796,1567,car,0 days 01:27:16.128000
2024-10-20 19:33:53.926,0 days 01:27:16.328000,0 days 00:00:11.294000,6652,87,3,43,False,0,car,660.561388888889,0.12111141199125833,3807,-3748,1566,car,0 days 01:27:16.328000
2024-10-20 19:33:54.126,0 days 01:27:16.528000,0 days 00:00:11.494000,7001,91,3,47,False,0,car,665.6169444444446,0.12203832882598808,3801,-3698,1565,car,0 days 01:27:16.528000
2024-10-20 19:33:54.446,0 days 01:27:16.848000,0 days 00:00:11.814000,7675,99,3,56,False,0,car,674.4169444444445,0.12365177527237482,3788,-3604,1557,car,0 days 01:27:16.848000
2024-10-20 19:33:54.606,0 days 01:27:17.008000,0 days 00:00:11.974000,8140,106,3,63,False,0,car,679.1280555555556,0.12451553953155156,3778,-3550,1553,car,0 days 01:27:17.008000
2024-10-20 19:33:54.846,0 days 01:27:17.248000,0 days 00:00:12.214000,8827,114,3,72,False,0,car,686.7280555555557,0.12590897055343103,3769,-3497,1549,car,0 days 01:27:17.248000
2024-10-20 19:33:55.206,0 days 01:27:17.608000,0 days 00:00:12.574000,9970,131,3,82,False,0,car,699.8280555555557,0.12831080560430222,3723,-3335,1531,car,0 days 01:27:17.608000
2024-10-20 19:33:55.607,0 days 01:27:18.009000,0 days 00:00:12.975000,11637,153,3,100,False,0,car,716.8705555555557,0.13143548299777338,3679,-3237,1517,car,0 days 01:27:18.009000
2024-10-20 19:33:55.767,0 days 01:27:18.169000,0 days 00:00:13.135000,11147,158,3,100,False,0,car,723.892777777778,0.1327229806671123,3648,-3170,1507,car,0 days 01:27:18.169000
2024-10-20 19:33:56.047,0 days 01:27:18.449000,0 days 00:00:13.415000,10923,167,3,100,False,0,car,736.8816666666668,0.13510444391941798,3594,-3055,1492,car,0 days 01:27:18.449000
2024-10-20 19:33:56.247,0 days 01:27:18.649000,0 days 00:00:13.615000,11588,181,4,100,False,0,car,746.9372222222224,0.1369480916895948,3550,-2960,1481,car,0 days 01:27:18.649000
2024-10-20 19:33:56.447,0 days 01:27:18.849000,0 days 00:00:13.815000,11744,188,4,100,False,0,car,757.3816666666669,0.13886304075475078,3489,-2822,1464,car,0 days 01:27:18.849000
2024-10-20 19:33:56.806,0 days 01:27:19.208000,0 days 00:00:14.174000,10574,202,5,100,False,0,car,777.5255555555558,0.14255634597568115,3441,-2695,1452,car,0 days 01:27:19.208000
2024-10-20 19:33:56.966,0 days 01:27:19.368000,0 days 00:00:14.334000,11045,207,5,100,False,0,car,786.7255555555558,0.14424313089690366,3411,-2607,1444,car,0 days 01:27:19.368000
2024-10-20 19:33:57.206,0 days 01:27:19.608000,0 days 00:00:14.574000,11378,214,5,100,False,0,car,800.9922222222225,0.14685886983271249,3371,-2470,1431,car,0 days 01:27:19.608000
2024-10-20 19:33:57.406,0 days 01:27:19.808000,0 days 00:00:14.774000,11643,220,5,100,False,0,car,813.2144444444447,0.14909976767491628,3343,-2354,1423,car,0 days 01:27:19.808000
2024-10-20 19:33:57.566,0 days 01:27:19.968000,0 days 00:00:14.934000,11817,221,5,100,False,0,car,823.0366666666669,0.15090063466810555,3328,-2263,1416,car,0 days 01:27:19.968000
2024-10-20 19:33:57.926,0 days 01:27:20.328000,0 days 00:00:15.294000,10790,228,5,100,False,0,car,845.8366666666669,0.15508092773374393,3342,-1997,1399,car,0 days 01:27:20.328000
2024-10-20 19:33:58.166,0 days 01:27:20.568000,0 days 00:00:15.534000,10842,234,6,100,False,0,car,861.436666666667,0.15794112825233864,3376,-1823,1391,car,0 days 01:27:20.568000
2024-10-20 19:33:58.526,0 days 01:27:20.928000,0 days 00:00:15.894000,10883,240,6,100,False,0,car,885.436666666667,0.16234143674248433,3440,-1628,1384,car,0 days 01:27:20.928000
2024-10-20 19:33:58.846,0 days 01:27:21.248000,0 days 00:00:16.214000,11213,243,6,100,False,0,car,907.0366666666669,0.1663017143836154,3526,-1465,1380,car,0 days 01:27:21.248000
2024-10-20 19:33:59.126,0 days 01:27:21.528000,0 days 00:00:16.494000,11378,247,6,100,False,0,car,926.2477777777781,0.16982399835558853,3654,-1277,1379,car,0 days 01:27:21.528000
2024-10-20 19:33:59.366,0 days 01:27:21.768000,0 days 00:00:16.734000,11434,250,6,100,False,0,car,942.9144444444449,0.17287976814041195,3816,-1118,1380,car,0 days 01:27:21.768000
2024-10-20 19:33:59.606,0 days 01:27:22.008000,0 days 00:00:16.974000,11562,253,6,100,False,0,car,959.7811111111115,0.1759722071626532,3927,-1028,1382,car,0 days 01:27:22.008000
2024-10-20 19:33:59.926,0 days 01:27:22.328000,0 days 00:00:17.294000,11704,255,6,100,False,0,car,982.4477777777781,0.180128054070013,4056,-940,1386,car,0 days 01:27:22.328000
2024-10-20 19:34:00.126,0 days 01:27:22.528000,0 days 00:00:17.494000,11004,256,6,100,False,0,car,996.6700000000003,0.1827356442863956,4197,-855,1390,car,0 days 01:27:22.528000
2024-10-20 19:34:00.326,0 days 01:27:22.728000,0 days 00:00:17.694000,10735,259,7,100,False,0,car,1011.0588888888891,0.18537379220062647,4355,-771,1394,car,0 days 01:27:22.728000
2024-10-20 19:34:00.566,0 days 01:27:22.968000,0 days 00:00:17.934000,10415,261,7,100,False,0,car,1028.4588888888893,0.18856401585598212,4498,-696,1398,car,0 days 01:27:22.968000
2024-10-20 19:34:00.966,0 days 01:27:23.368000,0 days 00:00:18.334000,10727,264,7,100,False,0,car,1057.7922222222226,0.19394217067727126,4742,-565,1403,car,0 days 01:27:23.368000
2024-10-20 19:34:01.126,0 days 01:27:23.528000,0 days 00:00:18.494000,10716,267,7,100,False,0,car,1069.6588888888894,0.19611787876406553,4886,-473,1404,car,0 days 01:27:23.528000
2024-10-20 19:34:01.366,0 days 01:27:23.768000,0 days 00:00:18.734000,10759,268,7,100,False,0,car,1087.5255555555561,0.19939366397339622,5042,-362,1405,car,0 days 01:27:23.768000
2024-10-20 19:34:01.766,0 days 01:27:24.168000,0 days 00:00:19.134000,10804,269,7,100,False,0,car,1117.4144444444448,0.2048736777875128,5228,-218,1405,car,0 days 01:27:24.168000
2024-10-20 19:34:01.967,0 days 01:27:24.369000,0 days 00:00:19.335000,10803,269,7,100,False,0,car,1132.4336111111115,0.2076273847291064,5326,-127,1403,car,0 days 01:27:24.369000
2024-10-20 19:34:02.127,0 days 01:27:24.529000,0 days 00:00:19.495000,10807,268,7,100,False,0,car,1144.3447222222226,0.20981124153532685,5413,-26,1402,car,0 days 01:27:24.529000
2024-10-20 19:34:02.327,0 days 01:27:24.729000,0 days 00:00:19.695000,10724,270,7,100,False,0,car,1159.3447222222226,0.21256143434166788,5498,100,1399,car,0 days 01:27:24.729000
2024-10-20 19:34:02.567,0 days 01:27:24.969000,0 days 00:00:19.935000,10812,269,7,100,False,0,car,1177.2780555555557,0.21584944263013783,5573,244,1396,car,0 days 01:27:24.969000
2024-10-20 19:34:02.807,0 days 01:27:25.209000,0 days 00:00:20.175000,10808,271,7,100,False,0,car,1195.3447222222226,0.2191618970768864,5663,400,1394,car,0 days 01:27:25.209000
2024-10-20 19:34:03.047,0 days 01:27:25.449000,0 days 00:00:20.415000,10775,270,7,76,True,0,car,1213.3447222222223,0.22246212844449562,5795,605,1391,car,0 days 01:27:25.449000
2024-10-20 19:34:03.286,0 days 01:27:25.688000,0 days 00:00:20.654000,10586,265,7,54,False,0,car,1230.937777777778,0.22568774809985878,5909,767,1387,car,0 days 01:27:25.688000
2024-10-20 19:34:03.526,0 days 01:27:25.928000,0 days 00:00:20.894000,10443,263,7,52,False,0,car,1248.4711111111112,0.22890241791349297,5972,821,1386,car,0 days 01:27:25.928000
2024-10-20 19:34:03.886,0 days 01:27:26.288000,0 days 00:00:21.254000,10426,253,7,0,True,0,car,1273.7711111111114,0.2335410764468549,6280,990,1381,car,0 days 01:27:26.288000
2024-10-20 19:34:04.086,0 days 01:27:26.488000,0 days 00:00:21.454000,10940,247,7,0,True,0,car,1287.4933333333336,0.2360569935696928,6354,1020,1380,car,0 days 01:27:26.488000
2024-10-20 19:34:04.446,0 days 01:27:26.848000,0 days 00:00:21.814000,10570,236,6,0,True,0,car,1311.0933333333335,0.24038396358500272,6534,1170,1381,car,0 days 01:27:26.848000
2024-10-20 19:34:04.606,0 days 01:27:27.008000,0 days 00:00:21.974000,10346,230,6,23,True,0,car,1321.3155555555556,0.24225816905302772,6602,1259,1382,car,0 days 01:27:27.008000
2024-10-20 19:34:04.886,0 days 01:27:27.288000,0 days 00:00:22.254000,10040,221,6,55,False,0,car,1338.5044444444445,0.2454096862911089,6682,1424,1382,car,0 days 01:27:27.288000
2024-10-20 19:34:05.046,0 days 01:27:27.448000,0 days 00:00:22.414000,10271,220,6,56,False,0,car,1348.2822222222223,0.24720240456487197,6713,1518,1382,car,0 days 01:27:27.448000
2024-10-20 19:34:05.246,0 days 01:27:27.648000,0 days 00:00:22.614000,10209,220,6,65,False,0,car,1360.5044444444445,0.2494433024070758,6741,1632,1381,car,0 days 01:27:27.648000
2024-10-20 19:34:05.486,0 days 01:27:27.888000,0 days 00:00:22.854000,10129,220,6,82,False,0,car,1375.171111111111,0.25213237981772035,6768,1747,1380,car,0 days 01:27:27.888000
2024-10-20 19:34:05.686,0 days 01:27:28.088000,0 days 00:00:23.054000,10099,222,6,100,False,0,car,1387.5044444444443,0.25439364945848963,6803,1880,1379,car,0 days 01:27:28.088000
2024-10-20 19:34:05.966,0 days 01:27:28.368000,0 days 00:00:23.334000,10455,228,6,73,False,0,car,1405.2377777777776,0.2576449885095417,6865,2066,1377,car,0 days 01:27:28.368000
2024-10-20 19:34:06.126,0 days 01:27:28.528000,0 days 00:00:23.494000,10455,229,6,73,True,0,car,1415.4155555555553,0.2595110452581405,6895,2124,1377,car,0 days 01:27:28.528000
2024-10-20 19:34:06.366,0 days 01:27:28.768000,0 days 00:00:23.734000,10146,226,6,39,False,0,car,1430.4822222222222,0.2622734611436209,6965,2242,1376,car,0 days 01:27:28.768000
2024-10-20 19:34:06.686,0 days 01:27:29.088000,0 days 00:00:24.054000,9773,216,6,0,True,0,car,1449.682222222222,0.2657937079357374,7167,2450,1377,car,0 days 01:27:29.088000
2024-10-20 19:34:07.006,0 days 01:27:29.408000,0 days 00:00:24.374000,10026,209,6,0,False,0,car,1468.2599999999998,0.2691998726558872,7245,2511,1379,car,0 days 01:27:29.408000
2024-10-20 19:34:07.326,0 days 01:27:29.728000,0 days 00:00:24.694000,10524,202,5,18,False,0,car,1486.2155555555553,0.2724919553040703,7406,2615,1381,car,0 days 01:27:29.728000
2024-10-20 19:34:07.606,0 days 01:27:30.008000,0 days 00:00:24.974000,10585,201,5,56,False,0,car,1501.8488888888887,0.2753582673622346,7546,2683,1383,car,0 days 01:27:30.008000
2024-10-20 19:34:07.806,0 days 01:27:30.208000,0 days 00:00:25.174000,10607,198,5,60,False,0,car,1512.8488888888887,0.27737507542021805,7649,2721,1386,car,0 days 01:27:30.208000
2024-10-20 19:34:08.006,0 days 01:27:30.408000,0 days 00:00:25.374000,10585,200,5,59,False,0,car,1523.9599999999998,0.279412255276767,7754,2746,1389,car,0 days 01:27:30.408000
2024-10-20 19:34:08.206,0 days 01:27:30.608000,0 days 00:00:25.574000,10704,201,5,70,False,0,car,1535.1266666666666,0.28145962103259864,7863,2756,1392,car,0 days 01:27:30.608000
2024-10-20 19:34:08.407,0 days 01:27:30.809000,0 days 00:00:25.775000,10788,199,5,71,False,0,car,1546.2374999999997,0.28349674995965113,7990,2748,1394,car,0 days 01:27:30.809000
2024-10-20 19:34:08.687,0 days 01:27:31.089000,0 days 00:00:26.055000,10968,204,5,78,False,0,car,1562.1041666666665,0.286405842794803,8146,2718,1399,car,0 days 01:27:31.089000
2024-10-20 19:34:08.847,0 days 01:27:31.249000,0 days 00:00:26.215000,10947,205,5,82,False,0,car,1571.2152777777776,0.28807633027717316,8220,2692,1401,car,0 days 01:27:31.249000
2024-10-20 19:34:09.127,0 days 01:27:31.529000,0 days 00:00:26.495000,11223,209,5,100,False,0,car,1587.4708333333333,0.29105672440730423,8365,2635,1403,car,0 days 01:27:31.529000
2024-10-20 19:34:09.567,0 days 01:27:31.969000,0 days 00:00:26.935000,11564,217,5,100,False,0,car,1613.9930555555554,0.2959194727248865,8680,2470,1407,car,0 days 01:27:31.969000
2024-10-20 19:34:09.727,0 days 01:27:32.129000,0 days 00:00:27.095000,10864,219,5,24,True,0,car,1623.7263888888888,0.29770404227922337,8708,2452,1407,car,0 days 01:27:32.129000
2024-10-20 19:34:10.086,0 days 01:27:32.488000,0 days 00:00:27.454000,10627,208,5,0,True,0,car,1644.4686111111112,0.30150704963542896,8946,2369,1405,car,0 days 01:27:32.488000
2024-10-20 19:34:10.246,0 days 01:27:32.648000,0 days 00:00:27.614000,10341,201,5,0,True,0,car,1653.4019444444446,0.3031449422400943,9056,2340,1403,car,0 days 01:27:32.648000
2024-10-20 19:34:10.446,0 days 01:27:32.848000,0 days 00:00:27.814000,10027,193,5,0,True,0,car,1664.1241666666667,0.30511082080166396,9144,2330,1401,car,0 days 01:27:32.848000
2024-10-20 19:34:10.726,0 days 01:27:33.128000,0 days 00:00:28.094000,9949,187,5,0,False,0,car,1678.6686111111112,0.30777748923388654,9227,2329,1400,car,0 days 01:27:33.128000
2024-10-20 19:34:11.046,0 days 01:27:33.448000,0 days 00:00:28.414000,9565,181,5,31,False,0,car,1694.7575000000002,0.3107273256661694,9362,2374,1398,car,0 days 01:27:33.448000
2024-10-20 19:34:11.366,0 days 01:27:33.768000,0 days 00:00:28.734000,9643,179,5,57,False,0,car,1710.6686111111112,0.31364456722074746,9507,2456,1397,car,0 days 01:27:33.768000
2024-10-20 19:34:11.566,0 days 01:27:33.968000,0 days 00:00:28.934000,9766,179,5,70,False,0,car,1720.6130555555555,0.3154678431923587,9593,2514,1396,car,0 days 01:27:33.968000
2024-10-20 19:34:11.726,0 days 01:27:34.128000,0 days 00:00:29.094000,9782,182,5,71,False,0,car,1728.7019444444445,0.31695091012792637,9652,2556,1397,car,0 days 01:27:34.128000
2024-10-20 19:34:11.886,0 days 01:27:34.288000,0 days 00:00:29.254000,9915,185,5,78,False,0,car,1736.9241666666667,0.31845842322177254,9730,2631,1400,car,0 days 01:27:34.288000
2024-10-20 19:34:12.246,0 days 01:27:34.648000,0 days 00:00:29.614000,10251,190,5,90,False,0,car,1755.9241666666667,0.3219420007764712,9899,2831,1407,car,0 days 01:27:34.648000
2024-10-20 19:34:12.406,0 days 01:27:34.808000,0 days 00:00:29.774000,10393,194,5,100,False,0,car,1764.546388888889,0.32352285234515316,9940,2884,1411,car,0 days 01:27:34.808000
2024-10-20 19:34:12.646,0 days 01:27:35.048000,0 days 00:00:30.014000,10203,200,5,78,False,0,car,1777.8797222222222,0.32596746817301187,9985,2935,1414,car,0 days 01:27:35.048000
2024-10-20 19:34:13.046,0 days 01:27:35.448000,0 days 00:00:30.414000,9256,180,5,0,True,0,car,1797.8797222222222,0.32963439191479993,10104,3068,1423,car,0 days 01:27:35.448000
2024-10-20 19:34:13.206,0 days 01:27:35.608000,0 days 00:00:30.574000,8836,174,5,0,True,0,car,1805.6130555555555,0.331052269094958,10157,3121,1426,car,0 days 01:27:35.608000
2024-10-20 19:34:13.686,0 days 01:27:36.088000,0 days 00:00:31.054000,9055,147,4,0,True,0,car,1825.2130555555555,0.3346458543619103,10330,3231,1438,car,0 days 01:27:36.088000
2024-10-20 19:34:13.886,0 days 01:27:36.288000,0 days 00:00:31.254000,8883,142,4,0,True,0,car,1833.1019444444444,0.33609225206006005,10405,3257,1442,car,0 days 01:27:36.288000
2024-10-20 19:34:14.206,0 days 01:27:36.608000,0 days 00:00:31.574000,8505,135,4,0,True,0,car,1845.1019444444444,0.33829240630513285,10568,3264,1450,car,0 days 01:27:36.608000
2024-10-20 19:34:14.406,0 days 01:27:36.808000,0 days 00:00:31.774000,8182,131,4,0,False,0,car,1852.3797222222222,0.3396267591111724,10636,3259,1454,car,0 days 01:27:36.808000
2024-10-20 19:34:14.566,0 days 01:27:36.968000,0 days 00:00:31.934000,8028,130,4,0,False,0,car,1858.1575,0.34068609263657784,10662,3253,1456,car,0 days 01:27:36.968000
2024-10-20 19:34:14.926,0 days 01:27:37.328000,0 days 00:00:32.294000,8251,126,4,41,False,0,car,1870.7575,0.3429962545939043,10779,3209,1464,car,0 days 01:27:37.328000
2024-10-20 19:34:15.327,0 days 01:27:37.729000,0 days 00:00:32.695000,8198,129,4,51,False,0,car,1885.1266666666668,0.34563078651388984,10941,3101,1475,car,0 days 01:27:37.729000
2024-10-20 19:34:15.487,0 days 01:27:37.889000,0 days 00:00:32.855000,8612,133,4,62,False,0,car,1891.0377777777778,0.34671456619757385,10980,3071,1478,car,0 days 01:27:37.889000
2024-10-20 19:34:15.727,0 days 01:27:38.129000,0 days 00:00:33.095000,9044,138,4,82,False,0,car,1900.2377777777779,0.3484013511187964,11014,3038,1481,car,0 days 01:27:38.129000
2024-10-20 19:34:16.127,0 days 01:27:38.529000,0 days 00:00:33.495000,9685,153,4,72,False,0,car,1917.2377777777779,0.3515182362993162,11163,2894,1490,car,0 days 01:27:38.529000
2024-10-20 19:34:16.567,0 days 01:27:38.969000,0 days 00:00:33.935000,10065,158,4,57,False,0,car,1936.5488888888892,0.35505885488999833,11354,2821,1502,car,0 days 01:27:38.969000
2024-10-20 19:34:16.766,0 days 01:27:39.168000,0 days 00:00:34.134000,10078,158,4,61,False,0,car,1945.282777777778,0.35666018011623857,11449,2815,1505,car,0 days 01:27:39.168000
2024-10-20 19:34:17.046,0 days 01:27:39.448000,0 days 00:00:34.414000,10409,163,4,72,False,0,car,1957.9605555555559,0.3589846023325609,11546,2815,1508,car,0 days 01:27:39.448000
2024-10-20 19:34:17.206,0 days 01:27:39.608000,0 days 00:00:34.574000,10677,168,4,78,False,0,car,1965.4272222222223,0.36035358719616173,11584,2819,1509,car,0 days 01:27:39.608000
2024-10-20 19:34:17.446,0 days 01:27:39.848000,0 days 00:00:34.814000,11310,172,4,100,False,0,car,1976.893888888889,0.36245595680812026,11698,2831,1512,car,0 days 01:27:39.848000
2024-10-20 19:34:17.726,0 days 01:27:40.128000,0 days 00:00:35.094000,11572,183,4,100,False,0,car,1991.1272222222224,0.3650655842043594,11877,2856,1515,car,0 days 01:27:40.128000
2024-10-20 19:34:17.886,0 days 01:27:40.288000,0 days 00:00:35.254000,10592,188,4,100,False,0,car,1999.4827777777778,0.3665975434564842,11949,2869,1515,car,0 days 01:27:40.288000
2024-10-20 19:34:18.086,0 days 01:27:40.488000,0 days 00:00:35.454000,10316,188,4,100,False,0,car,2009.9272222222223,0.3685124925216402,12017,2887,1516,car,0 days 01:27:40.488000
2024-10-20 19:34:18.366,0 days 01:27:40.768000,0 days 00:00:35.734000,10894,204,5,100,False,0,car,2025.7938888888891,0.3714215853567921,12157,2924,1515,car,0 days 01:27:40.768000
2024-10-20 19:34:18.686,0 days 01:27:41.088000,0 days 00:00:36.054000,11237,206,5,100,False,0,car,2044.1050000000002,0.3747788577603847,12335,2970,1513,car,0 days 01:27:41.088000
2024-10-20 19:34:18.886,0 days 01:27:41.288000,0 days 00:00:36.254000,11514,218,5,100,False,0,car,2056.216111111111,0.376999383804023,12450,3000,1511,car,0 days 01:27:41.288000
2024-10-20 19:34:19.086,0 days 01:27:41.488000,0 days 00:00:36.454000,11782,222,5,100,False,0,car,2068.5494444444444,0.3792606534447923,12568,3032,1507,car,0 days 01:27:41.488000
2024-10-20 19:34:19.286,0 days 01:27:41.688000,0 days 00:00:36.654000,11658,226,5,100,False,0,car,2081.105,0.3815626666826926,12687,3068,1503,car,0 days 01:27:41.688000
2024-10-20 19:34:19.606,0 days 01:27:42.008000,0 days 00:00:36.974000,10830,233,6,100,False,0,car,2101.816111111111,0.38535996993529975,12875,3145,1493,car,0 days 01:27:42.008000
2024-10-20 19:34:19.846,0 days 01:27:42.248000,0 days 00:00:37.214000,10829,237,6,100,False,0,car,2117.616111111111,0.38825683969131236,13017,3211,1484,car,0 days 01:27:42.248000
2024-10-20 19:34:20.046,0 days 01:27:42.448000,0 days 00:00:37.414000,11062,240,6,100,False,0,car,2130.9494444444445,0.39070145551917107,13146,3274,1475,car,0 days 01:27:42.448000
2024-10-20 19:34:20.206,0 days 01:27:42.608000,0 days 00:00:37.574000,11336,240,6,100,False,0,car,2141.616111111111,0.392657148181458,13263,3338,1466,car,0 days 01:27:42.608000
2024-10-20 19:34:20.566,0 days 01:27:42.968000,0 days 00:00:37.934000,11466,247,6,100,False,0,car,2166.316111111111,0.39718579900256623,13414,3464,1453,car,0 days 01:27:42.968000
2024-10-20 19:34:20.726,0 days 01:27:43.128000,0 days 00:00:38.094000,11520,251,6,100,False,0,car,2177.471666666667,0.39923112757854146,13491,3538,1446,car,0 days 01:27:43.128000
2024-10-20 19:34:20.926,0 days 01:27:43.328000,0 days 00:00:38.294000,11624,254,6,100,False,0,car,2191.5827777777777,0.4018183459963585,13610,3664,1435,car,0 days 01:27:43.328000
2024-10-20 19:34:21.126,0 days 01:27:43.528000,0 days 00:00:38.494000,11772,256,6,100,False,0,car,2205.8050000000003,0.40442593621274125,13722,3792,1425,car,0 days 01:27:43.528000
2024-10-20 19:34:21.326,0 days 01:27:43.728000,0 days 00:00:38.694000,11212,260,6,100,False,0,car,2220.249444444445,0.4070742700262549,13787,3873,1420,car,0 days 01:27:43.728000
2024-10-20 19:34:21.526,0 days 01:27:43.928000,0 days 00:00:38.894000,10673,262,6,100,False,0,car,2234.8050000000003,0.40974297563833395,13874,3984,1412,car,0 days 01:27:43.928000
2024-10-20 19:34:21.767,0 days 01:27:44.169000,0 days 00:00:39.135000,10653,265,7,100,False,0,car,2252.545277777778,0.41299558792679636,13985,4122,1405,car,0 days 01:27:44.169000
2024-10-20 19:34:22.007,0 days 01:27:44.409000,0 days 00:00:39.375000,10744,269,7,100,False,0,car,2270.4786111111116,0.41628359621526634,14096,4262,1398,car,0 days 01:27:44.409000
2024-10-20 19:34:22.287,0 days 01:27:44.689000,0 days 00:00:39.655000,10809,270,7,100,False,0,car,2291.4786111111116,0.42013386614414383,14241,4441,1391,car,0 days 01:27:44.689000
2024-10-20 19:34:22.647,0 days 01:27:45.049000,0 days 00:00:40.015000,10901,272,7,100,False,0,car,2318.6786111111114,0.4251208824329756,14424,4662,1386,car,0 days 01:27:45.049000
2024-10-20 19:34:22.807,0 days 01:27:45.209000,0 days 00:00:40.175000,10924,275,7,100,False,0,car,2330.9008333333336,0.4273617802751794,14502,4755,1385,car,0 days 01:27:45.209000
2024-10-20 19:34:22.967,0 days 01:27:45.369000,0 days 00:00:40.335000,10963,274,7,100,False,0,car,2343.0786111111115,0.429594529397957,14580,4850,1384,car,0 days 01:27:45.369000
2024-10-20 19:34:23.367,0 days 01:27:45.769000,0 days 00:00:40.735000,10999,275,7,100,False,0,car,2373.634166666667,0.43519677400346657,14777,5100,1384,car,0 days 01:27:45.769000
2024-10-20 19:34:23.686,0 days 01:27:46.088000,0 days 00:00:41.054000,10883,272,7,0,False,0,car,2397.7363888888895,0.4396158245482925,14941,5301,1387,car,0 days 01:27:46.088000
2024-10-20 19:34:23.926,0 days 01:27:46.328000,0 days 00:00:41.294000,10486,266,7,0,True,0,car,2415.4697222222226,0.4428671635993446,15034,5412,1390,car,0 days 01:27:46.328000
2024-10-20 19:34:24.086,0 days 01:27:46.488000,0 days 00:00:41.454000,9874,243,7,0,True,0,car,2426.2697222222228,0.44484730241991016,15109,5503,1393,car,0 days 01:27:46.488000
2024-10-20 19:34:24.366,0 days 01:27:46.768000,0 days 00:00:41.734000,8537,220,7,0,True,0,car,2443.380833333334,0.44798455939899556,15224,5635,1398,car,0 days 01:27:46.768000
2024-10-20 19:34:24.606,0 days 01:27:47.008000,0 days 00:00:41.974000,8426,189,7,0,True,0,car,2455.980833333334,0.450294721356322,15320,5744,1403,car,0 days 01:27:47.008000
2024-10-20 19:34:24.846,0 days 01:27:47.248000,0 days 00:00:42.214000,9024,171,7,0,True,0,car,2467.380833333334,0.45238486788914123,15412,5852,1409,car,0 days 01:27:47.248000
2024-10-20 19:34:25.166,0 days 01:27:47.568000,0 days 00:00:42.534000,9917,145,5,0,True,0,car,2480.2697222222228,0.45474799652273795,15474,5943,1413,car,0 days 01:27:47.568000
2024-10-20 19:34:25.446,0 days 01:27:47.848000,0 days 00:00:42.814000,8902,139,3,0,True,0,car,2491.080833333334,0.45673017252316006,15541,6065,1418,car,0 days 01:27:47.848000
2024-10-20 19:34:25.766,0 days 01:27:48.168000,0 days 00:00:43.134000,7674,109,3,0,True,0,car,2500.7697222222228,0.4585065933580707,15558,6110,1419,car,0 days 01:27:48.168000
2024-10-20 19:34:26.246,0 days 01:27:48.648000,0 days 00:00:43.614000,6469,91,3,0,True,0,car,2512.903055555556,0.46073119376142213,15583,6239,1421,car,0 days 01:27:48.648000
2024-10-20 19:34:26.486,0 days 01:27:48.888000,0 days 00:00:43.854000,6179,83,3,0,True,0,car,2518.4363888888893,0.4617457093299835,15559,6310,1420,car,0 days 01:27:48.888000
2024-10-20 19:34:26.846,0 days 01:27:49.248000,0 days 00:00:44.214000,5893,80,3,0,True,0,car,2526.4363888888893,0.4632124788266987,15513,6375,1421,car,0 days 01:27:49.248000
2024-10-20 19:34:27.046,0 days 01:27:49.448000,0 days 00:00:44.414000,5795,79,3,0,False,0,car,2530.8252777777784,0.4640171648700356,15486,6388,1421,car,0 days 01:27:49.448000
2024-10-20 19:34:27.206,0 days 01:27:49.608000,0 days 00:00:44.574000,5684,76,3,0,False,0,car,2534.203055555556,0.46463646754642646,15456,6404,1419,car,0 days 01:27:49.608000
2024-10-20 19:34:27.366,0 days 01:27:49.768000,0 days 00:00:44.734000,5435,75,3,3,False,0,car,2537.5363888888896,0.46524762150339116,15428,6416,1420,car,0 days 01:27:49.768000
2024-10-20 19:34:27.606,0 days 01:27:50.008000,0 days 00:00:44.974000,5573,75,3,16,False,0,car,2542.5363888888896,0.46616435243883814,15350,6432,1418,car,0 days 01:27:50.008000
2024-10-20 19:34:27.806,0 days 01:27:50.208000,0 days 00:00:45.174000,6007,76,3,21,False,0,car,2546.758611111112,0.46693848078432676,15312,6438,1417,car,0 days 01:27:50.208000
2024-10-20 19:34:28.006,0 days 01:27:50.408000,0 days 00:00:45.374000,6023,79,3,36,False,0,car,2551.147500000001,0.4677431668276636,15292,6436,1417,car,0 days 01:27:50.408000
2024-10-20 19:34:28.167,0 days 01:27:50.569000,0 days 00:00:45.535000,6163,80,3,36,False,0,car,2554.7252777777785,0.4683991387414723,15238,6432,1415,car,0 days 01:27:50.569000
2024-10-20 19:34:28.407,0 days 01:27:50.809000,0 days 00:00:45.775000,6889,87,3,49,False,0,car,2560.5252777777787,0.46946254662659087,15167,6427,1413,car,0 days 01:27:50.809000
2024-10-20 19:34:28.687,0 days 01:27:51.089000,0 days 00:00:46.055000,7544,97,3,57,False,0,car,2568.069722222223,0.47084579174918756,15128,6422,1411,car,0 days 01:27:51.089000
2024-10-20 19:34:28.887,0 days 01:27:51.289000,0 days 00:00:46.255000,7717,103,3,60,False,0,car,2573.791944444445,0.47189493937531024,15073,6412,1408,car,0 days 01:27:51.289000
2024-10-20 19:34:29.047,0 days 01:27:51.449000,0 days 00:00:46.415000,8417,107,3,71,False,0,car,2578.5475000000006,0.4727668523539132,15027,6402,1406,car,0 days 01:27:51.449000
2024-10-20 19:34:29.207,0 days 01:27:51.609000,0 days 00:00:46.575000,9008,115,3,77,False,0,car,2583.658611111112,0.47370395508792573,14980,6391,1403,car,0 days 01:27:51.609000
2024-10-20 19:34:29.487,0 days 01:27:51.889000,0 days 00:00:46.855000,9918,130,3,88,False,0,car,2593.7697222222228,0.4755577887573852,14839,6348,1394,car,0 days 01:27:51.889000
2024-10-20 19:34:29.647,0 days 01:27:52.049000,0 days 00:00:47.015000,10618,135,3,100,False,0,car,2599.7697222222228,0.47665786587992165,14774,6326,1389,car,0 days 01:27:52.049000
2024-10-20 19:34:29.807,0 days 01:27:52.209000,0 days 00:00:47.175000,11205,145,3,100,False,0,car,2606.214166666667,0.47783943019672,14725,6308,1385,car,0 days 01:27:52.209000
2024-10-20 19:34:30.127,0 days 01:27:52.529000,0 days 00:00:47.495000,10967,160,3,100,False,0,car,2620.4363888888893,0.4804470204131026,14646,6279,1381,car,0 days 01:27:52.529000
2024-10-20 19:34:30.526,0 days 01:27:52.928000,0 days 00:00:47.894000,11288,180,4,100,False,0,car,2640.386388888889,0.48410477684553616,14488,6220,1371,car,0 days 01:27:52.928000
2024-10-20 19:34:30.806,0 days 01:27:53.208000,0 days 00:00:48.174000,11313,187,4,100,False,0,car,2654.930833333334,0.48677144527775873,14352,6171,1364,car,0 days 01:27:53.208000
2024-10-20 19:34:31.086,0 days 01:27:53.488000,0 days 00:00:48.454000,10294,201,5,100,False,0,car,2670.564166666667,0.4896377573359231,14194,6114,1356,car,0 days 01:27:53.488000
2024-10-20 19:34:31.526,0 days 01:27:53.928000,0 days 00:00:48.894000,11280,212,5,100,False,0,car,2696.475277777778,0.49438846076139514,13903,6010,1346,car,0 days 01:27:53.928000
2024-10-20 19:34:31.686,0 days 01:27:54.088000,0 days 00:00:49.054000,11560,216,5,100,False,0,car,2706.0752777777784,0.4961485841574535,13825,5982,1344,car,0 days 01:27:54.088000
2024-10-20 19:34:31.846,0 days 01:27:54.248000,0 days 00:00:49.214000,11729,221,5,100,False,0,car,2715.8975000000005,0.4979494511506427,13752,5957,1343,car,0 days 01:27:54.248000
2024-10-20 19:34:32.046,0 days 01:27:54.448000,0 days 00:00:49.414000,11140,225,5,100,False,0,car,2728.3975000000005,0.5002412784892603,13663,5926,1341,car,0 days 01:27:54.448000
2024-10-20 19:34:32.286,0 days 01:27:54.688000,0 days 00:00:49.654000,10087,232,6,100,False,0,car,2743.864166666667,0.5030770328495764,13527,5879,1340,car,0 days 01:27:54.688000
2024-10-20 19:34:32.646,0 days 01:27:55.048000,0 days 00:00:50.014000,11039,238,6,100,False,0,car,2767.6641666666674,0.5074406721023041,13304,5803,1340,car,0 days 01:27:55.048000
2024-10-20 19:34:32.966,0 days 01:27:55.368000,0 days 00:00:50.334000,11256,244,6,100,False,0,car,2789.3530555555562,0.5114172471822876,13099,5735,1343,car,0 days 01:27:55.368000
2024-10-20 19:34:33.126,0 days 01:27:55.528000,0 days 00:00:50.494000,11291,248,6,100,False,0,car,2800.375277777778,0.5134381295999841,13000,5704,1344,car,0 days 01:27:55.528000
2024-10-20 19:34:33.286,0 days 01:27:55.688000,0 days 00:00:50.654000,11473,250,6,100,False,0,car,2811.4863888888895,0.5154753094565331,12808,5649,1349,car,0 days 01:27:55.688000
2024-10-20 19:34:33.446,0 days 01:27:55.848000,0 days 00:00:50.814000,11539,252,6,100,False,0,car,2822.6863888888893,0.5175287867519344,12691,5615,1352,car,0 days 01:27:55.848000
2024-10-20 19:34:33.686,0 days 01:27:56.088000,0 days 00:00:51.054000,11711,257,6,100,False,0,car,2839.819722222223,0.5206701180907329,12624,5595,1355,car,0 days 01:27:56.088000
2024-10-20 19:34:33.926,0 days 01:27:56.328000,0 days 00:00:51.294000,11779,259,6,100,False,0,car,2857.0863888888894,0.5238358955878099,12453,5548,1361,car,0 days 01:27:56.328000
2024-10-20 19:34:34.086,0 days 01:27:56.488000,0 days 00:00:51.454000,11042,261,6,100,False,0,car,2868.6863888888897,0.5259627113580471,12344,5517,1364,car,0 days 01:27:56.488000
2024-10-20 19:34:34.406,0 days 01:27:56.808000,0 days 00:00:51.774000,10432,265,7,100,False,0,car,2892.2419444444454,0.5302815326539307,12078,5444,1370,car,0 days 01:27:56.808000
2024-10-20 19:34:34.606,0 days 01:27:57.008000,0 days 00:00:51.974000,10845,267,7,100,False,0,car,2907.0752777777784,0.5330011677624236,11841,5380,1376,car,0 days 01:27:57.008000
2024-10-20 19:34:34.887,0 days 01:27:57.289000,0 days 00:00:52.255000,10790,270,7,100,False,0,car,2928.1502777777787,0.5368651886553327,11742,5355,1377,car,0 days 01:27:57.289000
2024-10-20 19:34:35.207,0 days 01:27:57.609000,0 days 00:00:52.575000,10899,273,7,100,False,0,car,2952.4169444444456,0.5413143894620357,11508,5295,1380,car,0 days 01:27:57.609000
2024-10-20 19:34:35.367,0 days 01:27:57.769000,0 days 00:00:52.735000,10997,274,7,100,False,0,car,2964.594722222223,0.5435471385848132,11292,5240,1383,car,0 days 01:27:57.769000
2024-10-20 19:34:35.847,0 days 01:27:58.249000,0 days 00:00:53.215000,11135,279,7,100,False,0,car,3001.7947222222233,0.550367616744539,11058,5183,1384,car,0 days 01:27:58.249000
2024-10-20 19:34:36.247,0 days 01:27:58.649000,0 days 00:00:53.615000,11265,283,7,100,False,0,car,3033.2391666666676,0.5561328357385725,10661,5089,1382,car,0 days 01:27:58.649000
2024-10-20 19:34:36.407,0 days 01:27:58.809000,0 days 00:00:53.775000,11332,283,7,100,False,0,car,3045.816944444445,0.5584389233361858,10517,5056,1381,car,0 days 01:27:58.809000
2024-10-20 19:34:36.687,0 days 01:27:59.089000,0 days 00:00:54.055000,11427,286,7,100,False,0,car,3068.0613888888897,0.5625173574089968,10348,5018,1378,car,0 days 01:27:59.089000
2024-10-20 19:34:37.046,0 days 01:27:59.448000,0 days 00:00:54.414000,11486,287,7,100,False,0,car,3096.6816666666678,0.567764776212992,10121,4968,1374,car,0 days 01:27:59.448000
2024-10-20 19:34:37.446,0 days 01:27:59.848000,0 days 00:00:54.814000,11594,290,7,100,False,0,car,3128.90388888889,0.5736725977969839,9813,4902,1368,car,0 days 01:27:59.848000
2024-10-20 19:34:37.806,0 days 01:28:00.208000,0 days 00:00:55.174000,11679,293,7,100,False,0,car,3158.2038888888897,0.5790446410787033,9552,4848,1362,car,0 days 01:28:00.208000
2024-10-20 19:34:38.086,0 days 01:28:00.488000,0 days 00:00:55.454000,10938,293,7,100,False,0,car,3180.9927777777784,0.5832228969644851,9329,4805,1358,car,0 days 01:28:00.488000
2024-10-20 19:34:38.286,0 days 01:28:00.688000,0 days 00:00:55.654000,10834,293,8,100,False,0,car,3197.2705555555563,0.5862073654543294,9165,4772,1356,car,0 days 01:28:00.688000
2024-10-20 19:34:38.446,0 days 01:28:00.848000,0 days 00:00:55.814000,10653,296,8,100,False,0,car,3210.4261111111114,0.5886193864044832,9019,4745,1355,car,0 days 01:28:00.848000
2024-10-20 19:34:38.726,0 days 01:28:01.128000,0 days 00:00:56.094000,10515,296,8,100,False,0,car,3233.4483333333337,0.5928404230672526,8714,4689,1353,car,0 days 01:28:01.128000
2024-10-20 19:34:39.046,0 days 01:28:01.448000,0 days 00:00:56.414000,10529,298,8,100,False,0,car,3259.9372222222228,0.5976970598452652,8500,4650,1353,car,0 days 01:28:01.448000
2024-10-20 19:34:39.286,0 days 01:28:01.688000,0 days 00:00:56.654000,10573,297,8,100,False,0,car,3279.737222222223,0.6013273143496355,8380,4630,1354,car,0 days 01:28:01.688000
2024-10-20 19:34:39.526,0 days 01:28:01.928000,0 days 00:00:56.894000,10566,298,8,100,False,0,car,3299.6038888888893,0.6049697919331449,8167,4594,1353,car,0 days 01:28:01.928000
2024-10-20 19:34:39.726,0 days 01:28:02.128000,0 days 00:00:57.094000,10591,297,8,100,False,0,car,3316.1038888888897,0.6079950040201202,7953,4558,1354,car,0 days 01:28:02.128000
2024-10-20 19:34:39.926,0 days 01:28:02.328000,0 days 00:00:57.294000,10619,299,8,100,False,0,car,3332.7150000000006,0.6110405879056607,7805,4533,1355,car,0 days 01:28:02.328000
2024-10-20 19:34:40.086,0 days 01:28:02.488000,0 days 00:00:57.454000,10625,298,8,100,False,0,car,3345.959444444445,0.6134689062946671,7706,4518,1356,car,0 days 01:28:02.488000
2024-10-20 19:34:40.406,0 days 01:28:02.808000,0 days 00:00:57.774000,10674,299,8,100,False,0,car,3372.537222222223,0.6183418405115322,7424,4481,1357,car,0 days 01:28:02.808000
2024-10-20 19:34:40.646,0 days 01:28:03.048000,0 days 00:00:58.014000,10680,299,8,100,False,0,car,3392.4705555555565,0.6219965411741809,7194,4454,1358,car,0 days 01:28:03.048000
2024-10-20 19:34:40.926,0 days 01:28:03.328000,0 days 00:00:58.294000,10709,301,8,100,False,0,car,3415.881666666667,0.6262888791319294,7025,4436,1358,car,0 days 01:28:03.328000
2024-10-20 19:34:41.287,0 days 01:28:03.689000,0 days 00:00:58.655000,10708,301,8,100,False,0,car,3446.0652777777786,0.6318229291417411,6714,4402,1360,car,0 days 01:28:03.689000
2024-10-20 19:34:41.567,0 days 01:28:03.969000,0 days 00:00:58.935000,10631,300,8,100,False,0,car,3469.398611111112,0.6361010068404939,6481,4378,1361,car,0 days 01:28:03.969000
2024-10-20 19:34:41.767,0 days 01:28:04.169000,0 days 00:00:59.135000,10621,300,8,100,False,0,car,3486.0652777777786,0.6391567766253172,6315,4363,1360,car,0 days 01:28:04.169000
2024-10-20 19:34:42.047,0 days 01:28:04.449000,0 days 00:00:59.415000,10621,300,8,100,False,0,car,3509.398611111112,0.64343485432407,6093,4341,1361,car,0 days 01:28:04.449000
2024-10-20 19:34:42.407,0 days 01:28:04.809000,0 days 00:00:59.775000,10566,298,8,100,False,0,car,3539.198611111112,0.6488985706993341,5778,4310,1359,car,0 days 01:28:04.809000
2024-10-20 19:34:42.647,0 days 01:28:05.049000,0 days 00:01:00.015000,10223,297,8,9,False,0,car,3558.998611111112,0.6525288252037044,5607,4294,1358,car,0 days 01:28:05.049000
2024-10-20 19:34:42.927,0 days 01:28:05.329000,0 days 00:01:00.295000,10101,289,8,0,False,0,car,3581.4763888888897,0.6566500400535028,5318,4265,1356,car,0 days 01:28:05.329000
2024-10-20 19:34:43.087,0 days 01:28:05.489000,0 days 00:01:00.455000,9906,281,8,0,True,0,car,3593.9652777777783,0.6589398302122638,5204,4253,1355,car,0 days 01:28:05.489000
2024-10-20 19:34:43.287,0 days 01:28:05.689000,0 days 00:01:00.655000,9334,260,8,0,True,0,car,3608.409722222223,0.6615881640257774,5100,4242,1353,car,0 days 01:28:05.689000
2024-10-20 19:34:43.447,0 days 01:28:05.849000,0 days 00:01:00.815000,8670,246,8,0,True,0,car,3619.343055555556,0.6635927490046215,4987,4230,1352,car,0 days 01:28:05.849000
2024-10-20 19:34:43.726,0 days 01:28:06.128000,0 days 00:01:01.094000,7527,217,8,0,True,0,car,3636.160555555556,0.6666761735059975,4805,4214,1350,car,0 days 01:28:06.128000
2024-10-20 19:34:43.966,0 days 01:28:06.368000,0 days 00:01:01.334000,7872,198,8,0,True,0,car,3649.3605555555564,0.6690963431755778,4670,4202,1347,car,0 days 01:28:06.368000
2024-10-20 19:34:44.166,0 days 01:28:06.568000,0 days 00:01:01.534000,8033,183,8,0,True,0,car,3659.527222222223,0.6709603627443199,4560,4192,1346,car,0 days 01:28:06.568000
2024-10-20 19:34:44.326,0 days 01:28:06.728000,0 days 00:01:01.694000,9117,166,8,0,True,0,car,3666.9050000000007,0.6723130501690684,4435,4179,1345,car,0 days 01:28:06.728000
2024-10-20 19:34:44.526,0 days 01:28:06.928000,0 days 00:01:01.894000,9115,149,8,0,True,0,car,3675.182777777778,0.6738307491621973,4346,4170,1344,car,0 days 01:28:06.928000
2024-10-20 19:34:44.806,0 days 01:28:07.208000,0 days 00:01:02.174000,9933,131,7,0,True,0,car,3685.371666666667,0.6756988430906526,4299,4162,1343,car,0 days 01:28:07.208000
2024-10-20 19:34:44.966,0 days 01:28:07.368000,0 days 00:01:02.334000,9093,125,6,0,True,0,car,3690.9272222222226,0.6767174330189272,4251,4149,1341,car,0 days 01:28:07.368000
2024-10-20 19:34:45.166,0 days 01:28:07.568000,0 days 00:01:02.534000,8072,116,3,0,True,0,car,3697.371666666667,0.6778989973357255,4192,4126,1340,car,0 days 01:28:07.568000
2024-10-20 19:34:45.406,0 days 01:28:07.808000,0 days 00:01:02.774000,7431,107,3,0,True,0,car,3704.505,0.6792068668036298,4127,4088,1338,car,0 days 01:28:07.808000
2024-10-20 19:34:45.886,0 days 01:28:08.288000,0 days 00:01:03.254000,6566,89,3,0,True,0,car,3716.371666666667,0.6813825748904242,4030,4004,1334,car,0 days 01:28:08.288000
2024-10-20 19:34:46.286,0 days 01:28:08.688000,0 days 00:01:03.654000,6183,84,3,0,False,0,car,3725.7050000000004,0.6830938059699253,3994,3909,1332,car,0 days 01:28:08.688000
2024-10-20 19:34:46.526,0 days 01:28:08.928000,0 days 00:01:03.894000,6129,83,3,0,False,0,car,3731.2383333333337,0.6841083215384867,3985,3839,1330,car,0 days 01:28:08.928000
2024-10-20 19:34:46.846,0 days 01:28:09.248000,0 days 00:01:04.214000,6496,83,3,31,False,0,car,3738.6161111111114,0.6854610089632351,3993,3788,1331,car,0 days 01:28:09.248000
2024-10-20 19:34:47.086,0 days 01:28:09.488000,0 days 00:01:04.454000,6926,88,3,44,False,0,car,3744.4827777777778,0.6865366399274929,4018,3700,1330,car,0 days 01:28:09.488000
2024-10-20 19:34:47.446,0 days 01:28:09.848000,0 days 00:01:04.814000,7392,94,3,52,False,0,car,3753.882777777778,0.6882600940861333,4041,3655,1329,car,0 days 01:28:09.848000
2024-10-20 19:34:47.646,0 days 01:28:10.048000,0 days 00:01:05.014000,7789,100,3,62,False,0,car,3759.4383333333335,0.6892786840144078,4068,3603,1329,car,0 days 01:28:10.048000
2024-10-20 19:34:47.846,0 days 01:28:10.248000,0 days 00:01:05.214000,8686,108,3,71,False,0,car,3765.4383333333335,0.6903787611369442,4099,3553,1329,car,0 days 01:28:10.248000
2024-10-20 19:34:48.087,0 days 01:28:10.489000,0 days 00:01:05.455000,9417,118,3,74,False,0,car,3773.337777777778,0.6918270941559577,4143,3491,1329,car,0 days 01:28:10.489000
2024-10-20 19:34:48.367,0 days 01:28:10.769000,0 days 00:01:05.735000,10583,128,3,100,False,0,car,3783.2933333333335,0.6936524073074255,4203,3418,1330,car,0 days 01:28:10.769000
2024-10-20 19:34:48.607,0 days 01:28:11.009000,0 days 00:01:05.975000,10897,144,3,100,False,0,car,3792.8933333333334,0.6954125307034837,4280,3338,1329,car,0 days 01:28:11.009000
2024-10-20 19:34:48.887,0 days 01:28:11.289000,0 days 00:01:06.255000,11844,158,3,100,False,0,car,3805.182222222222,0.6976656516248269,4373,3246,1330,car,0 days 01:28:11.289000
2024-10-20 19:34:49.127,0 days 01:28:11.529000,0 days 00:01:06.495000,10772,165,3,100,False,0,car,3816.1822222222227,0.6996824596828104,4431,3191,1331,car,0 days 01:28:11.529000
2024-10-20 19:34:49.367,0 days 01:28:11.769000,0 days 00:01:06.735000,10850,171,4,100,False,0,car,3827.5822222222223,0.7017726062156295,4509,3119,1332,car,0 days 01:28:11.769000
2024-10-20 19:34:49.687,0 days 01:28:12.089000,0 days 00:01:07.055000,11474,182,4,100,False,0,car,3843.7600000000007,0.7047387400867648,4657,2977,1338,car,0 days 01:28:12.089000
2024-10-20 19:34:49.847,0 days 01:28:12.249000,0 days 00:01:07.215000,11640,186,4,100,False,0,car,3852.026666666667,0.7062544019000372,4718,2916,1341,car,0 days 01:28:12.249000
2024-10-20 19:34:50.167,0 days 01:28:12.569000,0 days 00:01:07.535000,11965,192,4,100,False,0,car,3869.0933333333332,0.7093835101596963,4795,2830,1345,car,0 days 01:28:12.569000
2024-10-20 19:34:50.406,0 days 01:28:12.808000,0 days 00:01:07.774000,10749,180,4,0,True,0,car,3881.0433333333335,0.7115744970954146,4872,2733,1347,car,0 days 01:28:12.808000
2024-10-20 19:34:50.806,0 days 01:28:13.208000,0 days 00:01:08.174000,9133,150,4,0,True,0,car,3897.7100000000005,0.7146302668802381,4969,2578,1352,car,0 days 01:28:13.208000
2024-10-20 19:34:51.086,0 days 01:28:13.488000,0 days 00:01:08.454000,9543,131,4,0,True,0,car,3907.898888888889,0.7164983608086934,5005,2478,1354,car,0 days 01:28:13.488000
2024-10-20 19:34:51.366,0 days 01:28:13.768000,0 days 00:01:08.734000,8613,123,3,0,True,0,car,3917.4655555555555,0.718252372665182,5024,2380,1355,car,0 days 01:28:13.768000
2024-10-20 19:34:51.566,0 days 01:28:13.968000,0 days 00:01:08.934000,8004,113,3,0,True,0,car,3923.7433333333333,0.7194033792841321,5029,2320,1355,car,0 days 01:28:13.968000
2024-10-20 19:34:52.046,0 days 01:28:14.448000,0 days 00:01:09.414000,7293,100,3,0,True,0,car,3937.076666666667,0.7218479951119909,5005,2166,1358,car,0 days 01:28:14.448000
2024-10-20 19:34:52.286,0 days 01:28:14.688000,0 days 00:01:09.654000,6847,93,3,0,False,0,car,3943.2766666666666,0.7229847414719451,4983,2125,1358,car,0 days 01:28:14.688000
2024-10-20 19:34:52.606,0 days 01:28:15.008000,0 days 00:01:09.974000,6789,91,3,10,False,0,car,3951.3655555555556,0.7244678084075128,4937,2053,1359,car,0 days 01:28:15.008000
2024-10-20 19:34:52.846,0 days 01:28:15.248000,0 days 00:01:10.214000,6985,89,3,23,False,0,car,3957.298888888889,0.72555566245091,4896,2009,1361,car,0 days 01:28:15.248000
2024-10-20 19:34:53.246,0 days 01:28:15.648000,0 days 00:01:10.614000,6957,92,3,35,False,0,car,3967.521111111111,0.7274298679189349,4816,1956,1363,car,0 days 01:28:15.648000
2024-10-20 19:34:53.446,0 days 01:28:15.848000,0 days 00:01:10.814000,7372,96,3,43,False,0,car,3972.854444444444,0.7284077142500783,4765,1942,1362,car,0 days 01:28:15.848000
2024-10-20 19:34:53.646,0 days 01:28:16.048000,0 days 00:01:11.014000,7789,100,3,50,False,0,car,3978.41,0.7294263041783529,4710,1936,1362,car,0 days 01:28:16.048000
2024-10-20 19:34:53.966,0 days 01:28:16.368000,0 days 00:01:11.334000,8316,106,3,51,False,0,car,3987.8322222222223,0.7311538326967064,4608,1932,1362,car,0 days 01:28:16.368000
2024-10-20 19:34:54.286,0 days 01:28:16.688000,0 days 00:01:11.654000,7617,115,3,59,False,0,car,3998.0544444444445,0.7330280381647314,4516,1937,1361,car,0 days 01:28:16.688000
2024-10-20 19:34:54.487,0 days 01:28:16.889000,0 days 00:01:11.855000,7888,121,4,61,False,0,car,4004.810277777778,0.7342666944470095,4454,1950,1360,car,0 days 01:28:16.889000
2024-10-20 19:34:54.927,0 days 01:28:17.329000,0 days 00:01:12.295000,8645,132,4,68,False,0,car,4020.9436111111113,0.7372246795987186,4309,2015,1357,car,0 days 01:28:17.329000
2024-10-20 19:34:55.167,0 days 01:28:17.569000,0 days 00:01:12.535000,9308,140,4,80,False,0,car,4030.2769444444443,0.7389359106782196,4219,2082,1354,car,0 days 01:28:17.569000
2024-10-20 19:34:55.487,0 days 01:28:17.889000,0 days 00:01:12.855000,9407,154,4,78,False,0,car,4043.9658333333336,0.741445716261488,4102,2200,1349,car,0 days 01:28:17.889000
2024-10-20 19:34:55.687,0 days 01:28:18.089000,0 days 00:01:13.055000,9407,154,4,78,False,0,car,4052.5213888888893,0.7430143447510307,4075,2230,1349,car,0 days 01:28:18.089000
2024-10-20 19:34:55.847,0 days 01:28:18.249000,0 days 00:01:13.215000,10527,164,4,100,False,0,car,4059.810277777778,0.7443507347369268,4045,2274,1348,car,0 days 01:28:18.249000
2024-10-20 19:34:56.007,0 days 01:28:18.409000,0 days 00:01:13.375000,10806,170,4,100,False,0,car,4067.3658333333333,0.74573601703938,4003,2342,1348,car,0 days 01:28:18.409000
2024-10-20 19:34:56.367,0 days 01:28:18.769000,0 days 00:01:13.735000,11502,180,4,100,False,0,car,4085.3658333333333,0.7490362484069892,3916,2500,1345,car,0 days 01:28:18.769000
2024-10-20 19:34:56.567,0 days 01:28:18.969000,0 days 00:01:13.935000,11755,184,4,100,False,0,car,4095.5880555555555,0.7509104538750142,3870,2587,1343,car,0 days 01:28:18.969000
2024-10-20 19:34:56.767,0 days 01:28:19.169000,0 days 00:01:14.135000,12062,191,4,100,False,0,car,4106.199166666666,0.7528559606380184,3794,2722,1341,car,0 days 01:28:19.169000
2024-10-20 19:34:57.087,0 days 01:28:19.489000,0 days 00:01:14.455000,11884,192,4,2,True,0,car,4123.265833333333,0.7559850688976776,3695,2870,1340,car,0 days 01:28:19.489000
2024-10-20 19:34:57.326,0 days 01:28:19.728000,0 days 00:01:14.694000,10619,177,4,0,True,0,car,4135.016666666666,0.7581395393844673,3644,2917,1339,car,0 days 01:28:19.728000
2024-10-20 19:34:57.606,0 days 01:28:20.008000,0 days 00:01:14.974000,9865,161,4,0,True,0,car,4147.538888888888,0.7604354410827979,3550,3009,1338,car,0 days 01:28:20.008000
2024-10-20 19:34:57.926,0 days 01:28:20.328000,0 days 00:01:15.294000,10398,145,4,0,True,0,car,4160.427777777777,0.7627985697163946,3445,3092,1338,car,0 days 01:28:20.328000
2024-10-20 19:34:58.086,0 days 01:28:20.488000,0 days 00:01:15.454000,9719,135,3,0,True,0,car,4166.427777777777,0.763898646838931,3393,3122,1339,car,0 days 01:28:20.488000
2024-10-20 19:34:58.286,0 days 01:28:20.688000,0 days 00:01:15.654000,8930,129,3,0,True,0,car,4173.594444444444,0.7652126278464051,3327,3153,1340,car,0 days 01:28:20.688000
2024-10-20 19:34:58.486,0 days 01:28:20.888000,0 days 00:01:15.854000,8303,116,3,0,True,0,car,4180.038888888888,0.7663941921632035,3262,3173,1340,car,0 days 01:28:20.888000
2024-10-20 19:34:58.766,0 days 01:28:21.168000,0 days 00:01:16.134000,7746,109,3,0,True,0,car,4188.516666666666,0.7679485603937504,3181,3185,1341,car,0 days 01:28:21.168000
2024-10-20 19:34:59.006,0 days 01:28:21.408000,0 days 00:01:16.374000,7366,102,3,0,True,0,car,4195.316666666667,0.7691953144659583,3084,3180,1341,car,0 days 01:28:21.408000
2024-10-20 19:34:59.246,0 days 01:28:21.648000,0 days 00:01:16.614000,7366,95,3,0,True,0,car,4201.650000000001,0.7703565069841913,3044,3173,1341,car,0 days 01:28:21.648000
2024-10-20 19:34:59.606,0 days 01:28:22.008000,0 days 00:01:16.974000,6386,88,3,0,True,0,car,4210.450000000001,0.7719699534305782,2933,3118,1340,car,0 days 01:28:22.008000
2024-10-20 19:34:59.806,0 days 01:28:22.208000,0 days 00:01:17.174000,6327,87,3,0,True,0,car,4215.283333333334,0.7728561266681768,2895,3086,1340,car,0 days 01:28:22.208000
2024-10-20 19:35:00.166,0 days 01:28:22.568000,0 days 00:01:17.534000,6083,83,3,0,True,0,car,4223.583333333334,0.7743779000210189,2858,3041,1340,car,0 days 01:28:22.568000
2024-10-20 19:35:00.446,0 days 01:28:22.848000,0 days 00:01:17.814000,6038,81,3,0,True,0,car,4229.883333333333,0.775532980999682,2838,2989,1341,car,0 days 01:28:22.848000
2024-10-20 19:35:00.846,0 days 01:28:23.248000,0 days 00:01:18.214000,6007,81,3,23,True,0,car,4238.883333333333,0.7771830966834867,2836,2870,1343,car,0 days 01:28:23.248000
2024-10-20 19:35:01.087,0 days 01:28:23.489000,0 days 00:01:18.455000,6562,84,3,39,True,0,car,4244.506666666666,0.778214113408886,2848,2821,1344,car,0 days 01:28:23.489000
2024-10-20 19:35:01.447,0 days 01:28:23.849000,0 days 00:01:18.815000,7051,90,3,50,True,0,car,4253.506666666666,0.7798642290926907,2869,2767,1344,car,0 days 01:28:23.849000
2024-10-20 19:35:01.647,0 days 01:28:24.049000,0 days 00:01:19.015000,7473,96,3,58,True,0,car,4258.839999999999,0.7808420754238341,2892,2719,1345,car,0 days 01:28:24.049000
2024-10-20 19:35:01.887,0 days 01:28:24.289000,0 days 00:01:19.255000,8385,106,3,74,True,0,car,4265.906666666666,0.7821377218125992,2940,2643,1344,car,0 days 01:28:24.289000
2024-10-20 19:35:02.087,0 days 01:28:24.489000,0 days 00:01:19.455000,9108,115,3,84,True,0,car,4272.2955555555545,0.7833091002301148,2956,2618,1344,car,0 days 01:28:24.489000
2024-10-20 19:35:02.327,0 days 01:28:24.729000,0 days 00:01:19.695000,9967,125,3,87,True,0,car,4280.628888888888,0.7848369851225264,3005,2550,1344,car,0 days 01:28:24.729000
2024-10-20 19:35:02.607,0 days 01:28:25.009000,0 days 00:01:19.975000,10860,140,3,100,True,0,car,4291.517777777776,0.7868334213819443,3097,2425,1345,car,0 days 01:28:25.009000
2024-10-20 19:35:02.807,0 days 01:28:25.209000,0 days 00:01:20.175000,11456,151,3,100,True,0,car,4299.906666666665,0.7883714921736388,3149,2359,1345,car,0 days 01:28:25.209000
2024-10-20 19:35:03.127,0 days 01:28:25.529000,0 days 00:01:20.495000,11561,165,3,100,True,0,car,4314.573333333332,0.7910605695842834,3203,2290,1346,car,0 days 01:28:25.529000
2024-10-20 19:35:03.447,0 days 01:28:25.849000,0 days 00:01:20.815000,11208,177,4,100,True,0,car,4330.306666666665,0.7939452162611565,3285,2188,1346,car,0 days 01:28:25.849000
2024-10-20 19:35:03.607,0 days 01:28:26.009000,0 days 00:01:20.975000,11499,184,4,100,True,0,car,4338.4844444444425,0.7954445806355765,3342,2119,1345,car,0 days 01:28:26.009000
2024-10-20 19:35:03.926,0 days 01:28:26.328000,0 days 00:01:21.294000,11507,194,4,100,True,0,car,4355.674999999998,0.7985964034506363,3473,1943,1347,car,0 days 01:28:26.328000
2024-10-20 19:35:04.286,0 days 01:28:26.688000,0 days 00:01:21.654000,11008,207,5,100,True,0,car,4376.374999999998,0.8023916695233869,3571,1784,1350,car,0 days 01:28:26.688000
2024-10-20 19:35:04.446,0 days 01:28:26.848000,0 days 00:01:21.814000,11249,207,5,100,True,0,car,4385.574999999998,0.8040784544446093,3592,1742,1352,car,0 days 01:28:26.848000
2024-10-20 19:35:04.646,0 days 01:28:27.048000,0 days 00:01:22.014000,11429,211,5,100,True,0,car,4397.297222222221,0.8062276791932685,3636,1636,1354,car,0 days 01:28:27.048000
2024-10-20 19:35:04.966,0 days 01:28:27.368000,0 days 00:01:22.334000,11803,219,5,100,True,0,car,4416.763888888888,0.8097968183019424,3709,1363,1358,car,0 days 01:28:27.368000
2024-10-20 19:35:05.366,0 days 01:28:27.768000,0 days 00:01:22.734000,11266,229,5,100,True,0,car,4442.208333333332,0.8144619601734394,3726,1207,1359,car,0 days 01:28:27.768000
2024-10-20 19:35:05.606,0 days 01:28:28.008000,0 days 00:01:22.974000,10760,233,6,100,True,0,car,4457.741666666666,0.8173099376128948,3729,1047,1362,car,0 days 01:28:28.008000
2024-10-20 19:35:05.886,0 days 01:28:28.288000,0 days 00:01:23.254000,11054,235,6,98,True,0,car,4476.019444444444,0.8206610984769179,3704,860,1366,car,0 days 01:28:28.288000
2024-10-20 19:35:06.166,0 days 01:28:28.568000,0 days 00:01:23.534000,10876,238,6,74,True,0,car,4494.530555555555,0.8240550401179284,3648,669,1369,car,0 days 01:28:28.568000
2024-10-20 19:35:06.366,0 days 01:28:28.768000,0 days 00:01:23.734000,10908,238,6,67,True,0,car,4507.752777777777,0.8264792841472216,3605,571,1371,car,0 days 01:28:28.768000
2024-10-20 19:35:06.526,0 days 01:28:28.928000,0 days 00:01:23.894000,10988,237,6,71,True,0,car,4518.286111111111,0.82841053065123,3570,495,1371,car,0 days 01:28:28.928000
2024-10-20 19:35:06.766,0 days 01:28:29.168000,0 days 00:01:24.134000,10940,236,6,80,True,0,car,4534.019444444443,0.8312951773281032,3411,299,1375,car,0 days 01:28:29.168000
2024-10-20 19:35:07.046,0 days 01:28:29.448000,0 days 00:01:24.414000,11011,238,6,78,True,0,car,4552.530555555554,0.8346891189691137,3320,208,1378,car,0 days 01:28:29.448000
2024-10-20 19:35:07.286,0 days 01:28:29.688000,0 days 00:01:24.654000,11006,239,6,83,True,0,car,4568.463888888888,0.8376104348834048,3196,138,1379,car,0 days 01:28:29.688000
2024-10-20 19:35:07.687,0 days 01:28:30.089000,0 days 00:01:25.055000,11080,242,6,89,True,0,car,4595.419999999999,0.8425527350743854,2992,36,1381,car,0 days 01:28:30.089000
2024-10-20 19:35:07.967,0 days 01:28:30.369000,0 days 00:01:25.335000,11265,243,6,100,True,0,car,4614.319999999998,0.8460179780103749,2810,-29,1380,car,0 days 01:28:30.369000
2024-10-20 19:35:08.167,0 days 01:28:30.569000,0 days 00:01:25.535000,11339,246,6,100,True,0,car,4627.986666666665,0.8485237092339302,2686,-63,1378,car,0 days 01:28:30.569000
2024-10-20 19:35:08.487,0 days 01:28:30.889000,0 days 00:01:25.855000,11458,249,6,100,True,0,car,4650.119999999999,0.8525817715081757,2378,-73,1373,car,0 days 01:28:30.889000
2024-10-20 19:35:08.687,0 days 01:28:31.089000,0 days 00:01:26.055000,11660,253,6,100,True,0,car,4664.175555555555,0.8551588040267102,2276,-66,1371,car,0 days 01:28:31.089000
2024-10-20 19:35:08.847,0 days 01:28:31.249000,0 days 00:01:26.215000,11657,254,6,100,True,0,car,4675.464444444443,0.8572285787609638,2207,-53,1369,car,0 days 01:28:31.249000
2024-10-20 19:35:09.127,0 days 01:28:31.529000,0 days 00:01:26.495000,11183,256,6,100,True,0,car,4695.3755555555545,0.8608792050638995,1992,-8,1363,car,0 days 01:28:31.529000
2024-10-20 19:35:09.487,0 days 01:28:31.889000,0 days 00:01:26.855000,10517,261,7,100,True,0,car,4721.475555555555,0.865664540546933,1677,123,1349,car,0 days 01:28:31.889000
2024-10-20 19:35:09.847,0 days 01:28:32.249000,0 days 00:01:27.215000,10605,263,7,100,True,0,car,4747.775555555555,0.8704865452673843,1544,201,1342,car,0 days 01:28:32.249000
2024-10-20 19:35:10.167,0 days 01:28:32.569000,0 days 00:01:27.535000,10712,265,7,100,True,0,car,4771.33111111111,0.8748053665632679,1299,406,1331,car,0 days 01:28:32.569000
2024-10-20 19:35:10.607,0 days 01:28:33.009000,0 days 00:01:27.975000,10719,268,7,100,True,0,car,4804.086666666665,0.8808109727803741,1143,595,1322,car,0 days 01:28:33.009000
2024-10-20 19:35:10.886,0 days 01:28:33.288000,0 days 00:01:28.254000,10756,267,7,100,True,0,car,4824.779166666666,0.8846048637567218,962,872,1315,car,0 days 01:28:33.288000
2024-10-20 19:35:11.246,0 days 01:28:33.648000,0 days 00:01:28.614000,10761,269,7,100,True,0,car,4851.679166666666,0.8895368761894267,893,1012,1313,car,0 days 01:28:33.648000
2024-10-20 19:35:11.486,0 days 01:28:33.888000,0 days 00:01:28.854000,10558,271,7,72,True,0,car,4869.7458333333325,0.8928493306361752,794,1181,1312,car,0 days 01:28:33.888000
2024-10-20 19:35:11.846,0 days 01:28:34.248000,0 days 00:01:29.214000,9742,244,7,0,True,0,car,4894.145833333332,0.8973229776011566,663,1382,1312,car,0 days 01:28:34.248000
2024-10-20 19:35:12.206,0 days 01:28:34.608000,0 days 00:01:29.574000,10007,211,7,0,True,0,car,4915.2458333333325,0.9011915821487431,517,1561,1314,car,0 days 01:28:34.608000
2024-10-20 19:35:12.366,0 days 01:28:34.768000,0 days 00:01:29.734000,10201,205,6,0,True,0,car,4924.356944444444,0.9028620696311133,454,1628,1315,car,0 days 01:28:34.768000
2024-10-20 19:35:12.526,0 days 01:28:34.928000,0 days 00:01:29.894000,9881,192,6,0,True,0,car,4932.890277777778,0.9044266237609428,395,1684,1316,car,0 days 01:28:34.928000
2024-10-20 19:35:12.726,0 days 01:28:35.128000,0 days 00:01:30.094000,9787,186,5,0,True,0,car,4943.223611111111,0.9063212010275333,270,1775,1314,car,0 days 01:28:35.128000
2024-10-20 19:35:12.926,0 days 01:28:35.328000,0 days 00:01:30.294000,9509,181,5,0,False,0,car,4953.279166666666,0.9081648487977101,170,1841,1313,car,0 days 01:28:35.328000
2024-10-20 19:35:13.246,0 days 01:28:35.648000,0 days 00:01:30.614000,9257,177,5,0,False,0,car,4969.0125,0.9110494954745835,91,1869,1311,car,0 days 01:28:35.648000
2024-10-20 19:35:13.566,0 days 01:28:35.968000,0 days 00:01:30.934000,9452,172,5,42,False,0,car,4984.301388888888,0.9138526549571947,-63,1907,1307,car,0 days 01:28:35.968000
2024-10-20 19:35:13.886,0 days 01:28:36.288000,0 days 00:01:31.254000,9710,175,5,95,False,0,car,4999.856944444444,0.9167047067563632,-218,1906,1302,car,0 days 01:28:36.288000
2024-10-20 19:35:14.086,0 days 01:28:36.488000,0 days 00:01:31.454000,9762,182,5,100,False,0,car,5009.968055555554,0.9185585404258225,-318,1896,1298,car,0 days 01:28:36.488000
2024-10-20 19:35:14.487,0 days 01:28:36.889000,0 days 00:01:31.855000,10503,194,5,100,False,0,car,5031.577499999999,0.9225205496698319,-516,1840,1290,car,0 days 01:28:36.889000
2024-10-20 19:35:14.807,0 days 01:28:37.209000,0 days 00:01:32.175000,10594,204,5,100,False,0,car,5049.710833333333,0.9258452271957197,-679,1766,1283,car,0 days 01:28:37.209000
2024-10-20 19:35:15.007,0 days 01:28:37.409000,0 days 00:01:32.375000,11185,208,5,100,False,0,car,5061.266388888888,0.9279638942465306,-782,1716,1279,car,0 days 01:28:37.409000
2024-10-20 19:35:15.287,0 days 01:28:37.689000,0 days 00:01:32.655000,11474,215,5,100,False,0,car,5077.988611111111,0.9310298499306369,-931,1646,1274,car,0 days 01:28:37.689000
2024-10-20 19:35:15.727,0 days 01:28:38.129000,0 days 00:01:33.095000,11787,222,5,100,False,0,car,5105.121944444444,0.9360046431403293,-1173,1532,1268,car,0 days 01:28:38.129000
2024-10-20 19:35:15.927,0 days 01:28:38.329000,0 days 00:01:33.295000,11958,226,5,100,False,0,car,5117.6775,0.9383066563782295,-1285,1482,1266,car,0 days 01:28:38.329000
2024-10-20 19:35:16.247,0 days 01:28:38.649000,0 days 00:01:33.615000,10603,230,6,100,False,0,car,5138.121944444444,0.9420550673142796,-1473,1402,1266,car,0 days 01:28:38.649000
2024-10-20 19:35:16.567,0 days 01:28:38.969000,0 days 00:01:33.935000,10797,233,6,100,False,0,car,5158.833055555556,0.9458523705668869,-1666,1325,1266,car,0 days 01:28:38.969000
2024-10-20 19:35:16.847,0 days 01:28:39.249000,0 days 00:01:34.215000,11141,238,6,11,True,0,car,5177.344166666667,0.9492463122078973,-1836,1256,1269,car,0 days 01:28:39.249000
2024-10-20 19:35:17.207,0 days 01:28:39.609000,0 days 00:01:34.575000,8759,195,6,0,True,0,car,5196.844166666667,0.9528215628561407,-2032,1174,1272,car,0 days 01:28:39.609000
2024-10-20 19:35:17.406,0 days 01:28:39.808000,0 days 00:01:34.774000,7854,177,6,0,True,0,car,5206.628333333333,0.9546154525083212,-2122,1134,1274,car,0 days 01:28:39.808000
2024-10-20 19:35:17.566,0 days 01:28:39.968000,0 days 00:01:34.934000,8344,167,6,0,True,0,car,5214.050555555556,0.955976288652496,-2189,1102,1276,car,0 days 01:28:39.968000
2024-10-20 19:35:17.846,0 days 01:28:40.248000,0 days 00:01:35.214000,9466,143,6,0,True,0,car,5225.172777777778,0.9580155056889015,-2291,1048,1279,car,0 days 01:28:40.248000
2024-10-20 19:35:18.006,0 days 01:28:40.408000,0 days 00:01:35.374000,9304,131,6,0,True,0,car,5230.995,0.959082987933733,-2341,1015,1281,car,0 days 01:28:40.408000
2024-10-20 19:35:18.326,0 days 01:28:40.728000,0 days 00:01:35.694000,8711,117,3,0,True,0,car,5241.395,0.9609897882794629,-2421,950,1284,car,0 days 01:28:40.728000
2024-10-20 19:35:18.566,0 days 01:28:40.968000,0 days 00:01:35.934000,7851,111,3,0,True,0,car,5248.795,0.9623465500639244,-2487,870,1286,car,0 days 01:28:40.968000
2024-10-20 19:35:18.726,0 days 01:28:41.128000,0 days 00:01:36.094000,7683,104,3,0,True,0,car,5253.417222222222,0.9631940168842488,-2524,813,1288,car,0 days 01:28:41.128000
2024-10-20 19:35:19.046,0 days 01:28:41.448000,0 days 00:01:36.414000,7391,101,3,0,False,0,car,5262.395,0.9648400582083404,-2547,745,1291,car,0 days 01:28:41.448000
2024-10-20 19:35:19.286,0 days 01:28:41.688000,0 days 00:01:36.654000,7140,97,3,0,False,0,car,5268.861666666667,0.9660256968848518,-2552,705,1292,car,0 days 01:28:41.688000
2024-10-20 19:35:19.486,0 days 01:28:41.888000,0 days 00:01:36.854000,7248,95,3,17,False,0,car,5274.139444444445,0.9669933573167127,-2551,660,1294,car,0 days 01:28:41.888000
2024-10-20 19:35:19.686,0 days 01:28:42.088000,0 days 00:01:37.054000,7205,94,3,29,False,0,car,5279.361666666668,0.9679508318492908,-2534,591,1296,car,0 days 01:28:42.088000
2024-10-20 19:35:19.846,0 days 01:28:42.248000,0 days 00:01:37.214000,7189,95,3,29,False,0,car,5283.583888888889,0.9687249601947792,-2511,531,1298,car,0 days 01:28:42.248000
2024-10-20 19:35:20.286,0 days 01:28:42.688000,0 days 00:01:37.654000,8081,101,3,61,False,0,car,5295.928333333333,0.970988267015405,-2468,461,1300,car,0 days 01:28:42.688000
2024-10-20 19:35:20.486,0 days 01:28:42.888000,0 days 00:01:37.854000,8327,106,3,61,False,0,car,5301.817222222222,0.9720679723393759,-2433,412,1301,car,0 days 01:28:42.888000
2024-10-20 19:35:20.646,0 days 01:28:43.048000,0 days 00:01:38.014000,8829,113,3,72,False,0,car,5306.839444444444,0.972988777634536,-2399,372,1302,car,0 days 01:28:43.048000
2024-10-20 19:35:20.887,0 days 01:28:43.289000,0 days 00:01:38.255000,9554,125,3,78,False,0,car,5315.2074999999995,0.9745230287139993,-2344,313,1304,car,0 days 01:28:43.289000
2024-10-20 19:35:21.087,0 days 01:28:43.489000,0 days 00:01:38.455000,9968,133,3,94,False,0,car,5322.596388888888,0.9758777533186044,-2280,257,1303,car,0 days 01:28:43.489000
2024-10-20 19:35:21.247,0 days 01:28:43.649000,0 days 00:01:38.615000,10739,138,3,100,False,0,car,5328.729722222221,0.9770022765994193,-2198,193,1304,car,0 days 01:28:43.649000
2024-10-20 19:35:21.647,0 days 01:28:44.049000,0 days 00:01:39.015000,11639,157,3,100,False,0,car,5346.174166666666,0.9802006489742011,-2106,126,1303,car,0 days 01:28:44.049000
2024-10-20 19:35:21.887,0 days 01:28:44.289000,0 days 00:01:39.255000,10869,171,4,100,False,0,car,5357.574166666665,0.9822907955070203,-2018,67,1304,car,0 days 01:28:44.289000
2024-10-20 19:35:22.047,0 days 01:28:44.449000,0 days 00:01:39.415000,11146,171,4,100,False,0,car,5365.174166666666,0.9836842265288998,-1952,25,1303,car,0 days 01:28:44.449000
2024-10-20 19:35:22.207,0 days 01:28:44.609000,0 days 00:01:39.575000,11387,182,4,100,False,0,car,5373.263055555554,0.9851672934644673,-1886,-15,1302,car,0 days 01:28:44.609000
2024-10-20 19:35:22.407,0 days 01:28:44.809000,0 days 00:01:39.775000,11963,189,4,100,False,0,car,5383.763055555554,0.9870924284289061,-1799,-69,1302,car,0 days 01:28:44.809000
2024-10-20 19:35:22.687,0 days 01:28:45.089000,0 days 00:01:40.055000,10793,198,4,100,False,0,car,5399.163055555554,0.9899159597100828,-1672,-149,1302,car,0 days 01:28:45.089000
2024-10-20 19:35:22.887,0 days 01:28:45.289000,0 days 00:01:40.255000,10577,204,5,100,False,0,car,5410.496388888887,0.9919938831637627,-1578,-210,1301,car,0 days 01:28:45.289000
2024-10-20 19:35:23.167,0 days 01:28:45.569000,0 days 00:01:40.535000,11341,211,5,100,False,0,car,5426.907499999998,0.9950027978118855,-1445,-303,1302,car,0 days 01:28:45.569000
