Date_x,SessionTime_x,Time,RPM_x,Speed_x,nGear_x,Throttle_x,Brake_x,DRS_x,Source_x,Distance,RelativeDistance,X,Y,Z,Source_y,SessionTime_y
2024-07-28 13:35:23.339,0 days 01:26:45.361000,0 days 00:00:00.054000,10603,231,6,98,False,0,car,3.967222222222226,0.0005701739309947423,-496.045095068479,1400.0696141865387,4138.8833740275395,car,0 days 01:26:45.361000
2024-07-28 13:35:23.539,0 days 01:26:45.561000,0 days 00:00:00.254000,10916,236,6,98,False,0,car,17.07833333333334,0.0024545185285967464,-575.8691908605207,1520.6282388470445,4141.380903914371,car,0 days 01:26:45.561000
2024-07-28 13:35:23.699,0 days 01:26:45.721000,0 days 00:00:00.414000,11025,240,6,98,False,0,car,27.745000000000005,0.003987544641900071,-601.5175391820133,1558.6154979925755,4142.087092074369,car,0 days 01:26:45.721000
2024-07-28 13:35:23.899,0 days 01:26:45.921000,0 days 00:00:00.614000,11154,245,6,98,False,0,car,41.35611111111112,0.0059437498385631685,-685.9227959476727,1685.6470045132432,4145.04079808437,car,0 days 01:26:45.921000
2024-07-28 13:35:24.219,0 days 01:26:46.241000,0 days 00:00:00.934000,11529,251,6,98,False,0,car,63.667222222222236,0.00915032945888929,-848.0628434145355,1930.7229271279402,4151.01525727051,car,0 days 01:26:46.241000
2024-07-28 13:35:24.459,0 days 01:26:46.481000,0 days 00:00:01.174000,11689,254,6,98,False,0,car,80.60055555555556,0.011584008413758317,-892.9721166902361,1998.7775994118597,4152.655905108427,car,0 days 01:26:46.481000
2024-07-28 13:35:24.619,0 days 01:26:46.641000,0 days 00:00:01.334000,11786,257,6,98,False,0,car,92.02277777777779,0.013225623876753962,-958.8412037589344,2098.7874747887327,4154.8920023647115,car,0 days 01:26:46.641000
2024-07-28 13:35:24.859,0 days 01:26:46.881000,0 days 00:00:01.574000,11786,261,6,98,False,0,car,109.42277777777778,0.01572637272408001,-1054.965807146732,2243.91320762866,4158.587549340823,car,0 days 01:26:46.881000
2024-07-28 13:35:25.059,0 days 01:26:47.081000,0 days 00:00:01.774000,10674,265,7,98,False,0,car,124.145,0.01784226814087887,-1129.1689896236687,2355.2355482004687,4160.924475232539,car,0 days 01:26:47.081000
2024-07-28 13:35:25.420,0 days 01:26:47.442000,0 days 00:00:02.135000,10838,269,7,98,False,0,car,151.1197222222222,0.02171910753766982,-1329.2277111829887,2656.160110393526,4167.49322472512,car,0 days 01:26:47.442000
2024-07-28 13:35:25.620,0 days 01:26:47.642000,0 days 00:00:02.335000,10916,272,7,98,False,0,car,166.23083333333332,0.0238908945315162,-1397.7515161679025,2760.615300471919,4170.135543257977,car,0 days 01:26:47.642000
2024-07-28 13:35:25.860,0 days 01:26:47.882000,0 days 00:00:02.575000,10940,273,7,98,False,0,car,184.43083333333334,0.026506620337339998,-1462.9168262157357,2859.9290495158693,4172.343639212273,car,0 days 01:26:47.882000
2024-07-28 13:35:26.140,0 days 01:26:48.162000,0 days 00:00:02.855000,11023,276,7,98,False,0,car,205.89749999999998,0.029591835390362937,-1579.3930418920354,3034.796159737865,4176.556401708418,car,0 days 01:26:48.162000
2024-07-28 13:35:26.540,0 days 01:26:48.562000,0 days 00:00:03.255000,11040,274,7,0,False,0,car,236.3419444444444,0.03396734742208284,-1809.8929952748335,3383.392224508705,4186.219238575421,car,0 days 01:26:48.562000
2024-07-28 13:35:26.700,0 days 01:26:48.722000,0 days 00:00:03.415000,10707,270,7,0,False,0,car,248.3419444444444,0.03569200179954908,-1858.2390533996568,3456.2101501747366,4188.680423689942,car,0 days 01:26:48.722000
2024-07-28 13:35:27.100,0 days 01:26:49.122000,0 days 00:00:03.815000,9443,241,7,0,True,0,car,275.1197222222222,0.03954053610482097,-1988.5266294581284,3652.664906088636,4199.202415190343,car,0 days 01:26:49.122000
2024-07-28 13:35:27.380,0 days 01:26:49.402000,0 days 00:00:04.095000,8950,216,7,0,True,0,car,291.9197222222222,0.04195505223327371,-2123.2110314387123,3862.0148574265045,4209.252540618174,car,0 days 01:26:49.402000
2024-07-28 13:35:27.580,0 days 01:26:49.602000,0 days 00:00:04.295000,9324,183,7,0,True,0,car,302.0863888888889,0.043416217747515945,-2152.1831868337968,3908.224639066202,4211.845522095176,car,0 days 01:26:49.602000
2024-07-28 13:35:27.900,0 days 01:26:49.922000,0 days 00:00:04.615000,9035,153,6,0,True,0,car,315.6863888888889,0.04537082604197769,-2230.5450755713273,4053.0660212984885,4217.706223424869,car,0 days 01:26:49.922000
2024-07-28 13:35:28.060,0 days 01:26:50.082000,0 days 00:00:04.775000,9458,145,4,0,True,0,car,322.1308333333334,0.046297029318765115,-2265.8991221234346,4126.976910387723,4220.397519681694,car,0 days 01:26:50.082000
2024-07-28 13:35:28.260,0 days 01:26:50.282000,0 days 00:00:04.975000,10564,129,3,0,True,0,car,329.2975,0.04732703123864078,-2287.209322129801,4188.1920445499945,4222.333763966565,car,0 days 01:26:50.282000
2024-07-28 13:35:28.460,0 days 01:26:50.482000,0 days 00:00:05.175000,9737,118,2,0,True,0,car,335.85305555555556,0.04826920353744178,-2300.469996710241,4242.618816993124,4223.387834581565,car,0 days 01:26:50.482000
2024-07-28 13:35:28.740,0 days 01:26:50.762000,0 days 00:00:05.455000,9120,111,2,0,True,0,car,344.4863888888889,0.04950999654789666,-2309.031875657776,4318.742178153936,4223.064718139266,car,0 days 01:26:50.762000
2024-07-28 13:35:28.939,0 days 01:26:50.961000,0 days 00:00:05.654000,8545,101,2,0,True,0,car,350.06944444444446,0.050312399981523835,-2303.3490618810265,4376.535768077819,4220.462400391972,car,0 days 01:26:50.961000
2024-07-28 13:35:29.099,0 days 01:26:51.121000,0 days 00:00:05.814000,8375,96,2,0,True,0,car,354.3361111111111,0.050925610426845166,-2293.7507623139327,4419.91511494426,4217.795357845182,car,0 days 01:26:51.121000
2024-07-28 13:35:29.419,0 days 01:26:51.441000,0 days 00:00:06.134000,7724,88,2,0,False,0,car,362.15833333333336,0.05204982957660094,-2277.7442428287654,4459.805579668836,4217.707475472886,car,0 days 01:26:51.441000
2024-07-28 13:35:29.819,0 days 01:26:51.841000,0 days 00:00:06.534000,6998,86,2,0,True,0,car,371.7138888888889,0.0534231654697685,-2215.893677052275,4521.628743771151,4218.946763525759,car,0 days 01:26:51.841000
2024-07-28 13:35:29.979,0 days 01:26:52.001000,0 days 00:00:06.694000,6783,80,2,0,True,0,car,375.26944444444445,0.05393417417420294,-2162.442176474577,4541.669855724287,4217.521949447311,car,0 days 01:26:52.001000
2024-07-28 13:35:30.339,0 days 01:26:52.361000,0 days 00:00:07.054000,6539,74,2,5,False,0,car,382.6694444444445,0.05499771104030712,-2109.3331252017674,4548.893568957349,4215.899599303644,car,0 days 01:26:52.361000
2024-07-28 13:35:30.539,0 days 01:26:52.561000,0 days 00:00:07.254000,6694,73,2,23,False,0,car,386.725,0.05558058034380266,-2067.992122789911,4546.23685696501,4213.127066716111,car,0 days 01:26:52.561000
2024-07-28 13:35:30.819,0 days 01:26:52.841000,0 days 00:00:07.534000,7323,77,2,29,False,0,car,392.7138888888889,0.05644131063033442,-2008.915142966564,4534.505713686161,4209.910102385337,car,0 days 01:26:52.841000
2024-07-28 13:35:31.099,0 days 01:26:53.121000,0 days 00:00:07.814000,8108,83,2,44,False,0,car,399.1694444444445,0.05736911080932321,-1935.2176607594602,4513.169875902124,4206.522976146027,car,0 days 01:26:53.121000
2024-07-28 13:35:31.259,0 days 01:26:53.281000,0 days 00:00:07.974000,8377,86,2,51,False,0,car,402.99166666666673,0.057918445166590234,-1874.255701226504,4493.063170496584,4203.2619735429,car,0 days 01:26:53.281000
2024-07-28 13:35:31.619,0 days 01:26:53.641000,0 days 00:00:08.334000,9310,99,2,64,False,0,car,412.8916666666667,0.05934128502799988,-1823.2620779828717,4472.363039687594,4201.505233304816,car,0 days 01:26:53.641000
2024-07-28 13:35:31.940,0 days 01:26:53.962000,0 days 00:00:08.655000,10612,111,2,77,False,0,car,422.7891666666667,0.06076376558641422,-1732.5815223488416,4433.162215094479,4196.313253461623,car,0 days 01:26:53.962000
2024-07-28 13:35:32.260,0 days 01:26:54.282000,0 days 00:00:08.975000,10288,125,2,85,False,0,car,433.90027777777783,0.062360667787771856,-1632.9704768622114,4386.46346245047,4188.245385779137,car,0 days 01:26:54.282000
2024-07-28 13:35:32.460,0 days 01:26:54.482000,0 days 00:00:09.175000,10493,135,3,93,False,0,car,441.4002777777779,0.06343857677368826,-1565.186112115155,4352.60159838828,4183.209446621261,car,0 days 01:26:54.482000
2024-07-28 13:35:32.620,0 days 01:26:54.642000,0 days 00:00:09.335000,11298,145,3,98,False,0,car,447.84472222222234,0.06436478005047569,-1506.525462151973,4323.079232990372,4179.66832062799,car,0 days 01:26:54.642000
2024-07-28 13:35:32.820,0 days 01:26:54.842000,0 days 00:00:09.535000,10470,151,3,98,False,0,car,456.2336111111112,0.06557044121250069,-1435.78240256356,4286.940114400864,4174.363861138605,car,0 days 01:26:54.842000
2024-07-28 13:35:33.180,0 days 01:26:55.202000,0 days 00:00:09.895000,10881,175,4,98,False,0,car,473.73361111111114,0.06808556217963896,-1247.6837429867378,4190.134630140638,4159.871856969921,car,0 days 01:26:55.202000
2024-07-28 13:35:33.460,0 days 01:26:55.482000,0 days 00:00:10.175000,11343,183,4,98,False,0,car,487.96694444444455,0.07013119389957809,-1154.1262398455278,4142.1082429209155,4152.317240169034,car,0 days 01:26:55.482000
2024-07-28 13:35:33.740,0 days 01:26:55.762000,0 days 00:00:10.455000,10361,195,5,98,False,0,car,503.1336111111112,0.07231096540443126,-975.0538864275044,4050.7623220204255,4139.193030282235,car,0 days 01:26:55.762000
2024-07-28 13:35:33.980,0 days 01:26:56.002000,0 days 00:00:10.695000,10889,206,5,98,False,0,car,516.8669444444445,0.07428473652530927,-831.8148168335938,3976.9939027877454,4128.833128384277,car,0 days 01:26:56.002000
2024-07-28 13:35:34.220,0 days 01:26:56.242000,0 days 00:00:10.935000,11365,213,5,98,False,0,car,531.0669444444445,0.07632557753864433,-712.6444234367352,3913.580157850419,4120.14692332037,car,0 days 01:26:56.242000
2024-07-28 13:35:34.460,0 days 01:26:56.482000,0 days 00:00:11.175000,11420,219,5,98,False,0,car,545.6669444444445,0.07842390703122826,-573.5733082213698,3835.7588032655444,4109.911836517881,car,0 days 01:26:56.482000
2024-07-28 13:35:34.780,0 days 01:26:56.802000,0 days 00:00:11.495000,10546,231,6,98,False,0,car,566.2002777777777,0.08137498229933714,-432.0384681272834,3753.768639697504,4099.19260541876,car,0 days 01:26:56.802000
2024-07-28 13:35:35.020,0 days 01:26:57.042000,0 days 00:00:11.735000,10958,237,6,98,False,0,car,582.0002777777778,0.0836457772296677,-345.0162980484259,3699.6320135974,4092.395471237589,car,0 days 01:26:57.042000
2024-07-28 13:35:35.420,0 days 01:26:57.442000,0 days 00:00:12.135000,11378,244,6,98,False,0,car,609.1113888888889,0.08754221860098031,-116.51101601191117,3548.9454383669467,4074.449566938933,car,0 days 01:26:57.442000
2024-07-28 13:35:35.699,0 days 01:26:57.721000,0 days 00:00:12.414000,11568,251,6,98,False,0,car,628.5638888888889,0.09033795520745215,112.5400520656349,3381.121477074223,4058.535148093664,car,0 days 01:26:57.721000
2024-07-28 13:35:36.019,0 days 01:26:58.041000,0 days 00:00:12.734000,11731,258,6,99,False,0,car,651.4972222222223,0.09363396135105431,218.52009002079814,3298.0672280098506,4050.461751793065,car,0 days 01:26:58.041000
2024-07-28 13:35:36.299,0 days 01:26:58.321000,0 days 00:00:13.014000,10597,265,7,99,False,0,car,672.1083333333333,0.09659621493457271,383.58484104929596,3165.623480652184,4040.389831855847,car,0 days 01:26:58.321000
2024-07-28 13:35:36.459,0 days 01:26:58.481000,0 days 00:00:13.174000,10766,267,7,98,False,0,car,683.975,0.09830170648562266,473.1862216440546,3089.198796764395,4035.3617597164607,car,0 days 01:26:58.481000
2024-07-28 13:35:36.859,0 days 01:26:58.881000,0 days 00:00:13.574000,11024,274,7,98,False,0,car,714.4194444444445,0.10267721851734257,734.0182095391992,2842.566883840154,4017.015403148277,car,0 days 01:26:58.881000
2024-07-28 13:35:37.299,0 days 01:26:59.321000,0 days 00:00:14.014000,11267,280,7,99,False,0,car,748.6416666666667,0.10759567729752406,934.3994702906778,2639.702386517017,4002.6196760527187,car,0 days 01:26:59.321000
2024-07-28 13:35:37.579,0 days 01:26:59.601000,0 days 00:00:14.294000,11435,286,7,99,False,0,car,770.8861111111112,0.11079267550464204,1093.339496940087,2474.6091002515923,3991.6969696632746,car,0 days 01:26:59.601000
2024-07-28 13:35:37.739,0 days 01:26:59.761000,0 days 00:00:14.454000,11528,287,7,99,False,0,car,783.6416666666668,0.11262591923180061,1187.672345475627,2375.8406786579562,3984.831193716363,car,0 days 01:26:59.761000
2024-07-28 13:35:37.899,0 days 01:26:59.921000,0 days 00:00:14.614000,11594,290,7,99,False,0,car,796.5305555555557,0.11447832578537546,1275.465521612949,2282.800048567032,3977.853388826892,car,0 days 01:26:59.921000
2024-07-28 13:35:38.059,0 days 01:27:00.081000,0 days 00:00:14.774000,11674,291,7,98,False,0,car,809.4638888888888,0.11633711994775572,1364.2688721094817,2188.9258170937806,3971.5755371521377,car,0 days 01:27:00.081000
2024-07-28 13:35:38.260,0 days 01:27:00.282000,0 days 00:00:14.975000,10554,291,7,99,False,0,car,825.7113888888889,0.11867223011424596,1473.4966899493024,2073.1543528087104,3964.128413800639,car,0 days 01:27:00.282000
2024-07-28 13:35:38.500,0 days 01:27:00.522000,0 days 00:00:15.215000,10519,297,8,99,False,0,car,845.511388888889,0.12151790983706527,1638.3573831886267,1897.7223010439898,3950.853316465643,car,0 days 01:27:00.522000
2024-07-28 13:35:38.660,0 days 01:27:00.682000,0 days 00:00:15.375000,10564,299,8,99,False,0,car,858.8002777777779,0.123427804869889,1737.752492290661,1791.6362679796625,3942.765539541849,car,0 days 01:27:00.682000
2024-07-28 13:35:39.020,0 days 01:27:01.042000,0 days 00:00:15.735000,10766,304,8,99,False,0,car,889.2002777777778,0.12779692929280348,1906.228325373982,1609.2505872117813,3931.3986645418727,car,0 days 01:27:01.042000
2024-07-28 13:35:39.380,0 days 01:27:01.402000,0 days 00:00:16.095000,10838,307,8,99,False,0,car,919.9002777777778,0.1322091700751546,2113.890821640577,1381.6784839207994,3918.3399407760603,car,0 days 01:27:01.402000
2024-07-28 13:35:39.700,0 days 01:27:01.722000,0 days 00:00:16.415000,10923,308,8,99,False,0,car,947.2780555555556,0.1361439370992998,2294.673624719681,1175.9284257115899,3907.365508881639,car,0 days 01:27:01.722000
2024-07-28 13:35:39.980,0 days 01:27:02.002000,0 days 00:00:16.695000,10988,312,8,99,False,0,car,971.5447222222224,0.13963157150706487,2455.760382314397,994.9334545142879,3897.0181710397,car,0 days 01:27:02.002000
2024-07-28 13:35:40.260,0 days 01:27:02.282000,0 days 00:00:16.975000,11080,313,8,99,False,0,car,995.8891666666669,0.14313038423023947,2640.7375822470412,797.3826301885655,3888.434944247649,car,0 days 01:27:02.282000
2024-07-28 13:35:40.420,0 days 01:27:02.442000,0 days 00:00:17.135000,11070,314,8,98,False,0,car,1009.8447222222225,0.14513609339514463,2789.994443070869,655.6246006167241,3885.8331794260907,car,0 days 01:27:02.442000
2024-07-28 13:35:40.860,0 days 01:27:02.882000,0 days 00:00:17.575000,11003,314,8,99,False,0,car,1048.2225,0.15065179359863387,3122.327085212328,449.9519507941262,3896.355090068263,car,0 days 01:27:02.882000
2024-07-28 13:35:41.020,0 days 01:27:03.042000,0 days 00:00:17.735000,11092,314,8,99,False,0,car,1062.1780555555556,0.15265750276353904,3201.815481435942,415.0135211257824,3901.5895281885455,car,0 days 01:27:03.042000
2024-07-28 13:35:41.420,0 days 01:27:03.442000,0 days 00:00:18.135000,10997,313,8,99,False,0,car,1096.9558333333337,0.15765580665378848,3461.4432352653985,259.23770780944267,3934.144418823897,car,0 days 01:27:03.442000
2024-07-28 13:35:41.860,0 days 01:27:03.882000,0 days 00:00:18.575000,10852,308,8,99,False,0,car,1134.6002777777778,0.1630661113119881,3740.6970506194607,-82.9092156029232,3999.208207085619,car,0 days 01:27:03.882000
2024-07-28 13:35:42.140,0 days 01:27:04.162000,0 days 00:00:18.855000,10766,306,8,99,False,0,car,1158.400277777778,0.16648667582729615,3823.471040499427,-236.14100797988885,4024.8235092483496,car,0 days 01:27:04.162000
2024-07-28 13:35:42.419,0 days 01:27:04.441000,0 days 00:00:19.134000,10746,303,8,99,False,0,car,1181.882777777778,0.16986160886220042,3918.605172577158,-547.7374564307997,4066.231428221216,car,0 days 01:27:04.441000
2024-07-28 13:35:42.579,0 days 01:27:04.601000,0 days 00:00:19.294000,10700,303,8,99,False,0,car,1195.3494444444448,0.17179705433024586,3959.46738083433,-705.2011595933257,4085.6644568634642,car,0 days 01:27:04.601000
2024-07-28 13:35:42.779,0 days 01:27:04.801000,0 days 00:00:19.494000,10707,303,8,98,False,0,car,1212.182777777778,0.17421636116530267,3967.6360782682887,-780.392013820265,4092.025748751664,car,0 days 01:27:04.801000
2024-07-28 13:35:43.139,0 days 01:27:05.161000,0 days 00:00:19.854000,10759,304,8,98,False,0,car,1242.582777777778,0.17858548558821713,4016.287799953314,-1057.8971444312833,4115.695333960853,car,0 days 01:27:05.161000
2024-07-28 13:35:43.419,0 days 01:27:05.441000,0 days 00:00:20.134000,10777,306,8,98,False,0,car,1266.382777777778,0.1820060501035252,4096.599519981031,-1272.5564196747223,4131.669446594513,car,0 days 01:27:05.441000
2024-07-28 13:35:43.659,0 days 01:27:05.681000,0 days 00:00:20.374000,10817,306,8,98,False,0,car,1286.782777777778,0.18493796254521777,4231.9595435428,-1520.3799103795443,4145.686631492232,car,0 days 01:27:05.681000
2024-07-28 13:35:43.859,0 days 01:27:05.881000,0 days 00:00:20.574000,10852,307,8,98,False,0,car,1303.8383333333338,0.1873892074243018,4316.982620385295,-1666.088186973858,4153.518068722175,car,0 days 01:27:05.881000
2024-07-28 13:35:44.019,0 days 01:27:06.041000,0 days 00:00:20.734000,10857,308,8,98,False,0,car,1317.5272222222227,0.18935659093637439,4361.1546913982575,-1735.2971104397898,4157.415325844055,car,0 days 01:27:06.041000
2024-07-28 13:35:44.259,0 days 01:27:06.281000,0 days 00:00:20.974000,10886,308,8,99,False,0,car,1338.060555555556,0.19230766620448328,4491.971267025582,-1927.3970236003306,4167.547037099798,car,0 days 01:27:06.281000
2024-07-28 13:35:44.539,0 days 01:27:06.561000,0 days 00:00:21.254000,10935,310,8,98,False,0,car,1362.1716666666673,0.19577294398142936,4630.672912444024,-2121.921918121185,4178.001282671368,car,0 days 01:27:06.561000
2024-07-28 13:35:44.779,0 days 01:27:06.801000,0 days 00:00:21.494000,10958,310,8,98,False,0,car,1382.8383333333338,0.19874318207595454,4753.520457279651,-2282.001919205489,4186.696514817574,car,0 days 01:27:06.801000
2024-07-28 13:35:44.980,0 days 01:27:07.002000,0 days 00:00:21.695000,10968,312,8,98,False,0,car,1400.258333333334,0.20124680534724304,4887.3058436603405,-2459.880672607934,4196.214834515005,car,0 days 01:27:07.002000
2024-07-28 13:35:45.140,0 days 01:27:07.162000,0 days 00:00:21.855000,11026,312,8,99,False,0,car,1414.1250000000007,0.20323973929453737,4946.918896946829,-2541.302134848809,4201.050714752022,car,0 days 01:27:07.162000
2024-07-28 13:35:45.380,0 days 01:27:07.402000,0 days 00:00:22.095000,11041,313,8,99,False,0,car,1434.9916666666672,0.206238721628687,5046.046598554254,-2676.833439235835,4209.194708467182,car,0 days 01:27:07.402000
2024-07-28 13:35:45.620,0 days 01:27:07.642000,0 days 00:00:22.335000,11088,313,8,99,False,0,car,1455.858333333334,0.20923770396283664,5192.469786404148,-2877.744903386056,4220.635160175344,car,0 days 01:27:07.642000
2024-07-28 13:35:45.780,0 days 01:27:07.802000,0 days 00:00:22.495000,11088,315,8,98,False,0,car,1469.858333333334,0.21124980073654726,5296.014000640058,-3021.9825980222267,4228.615034470512,car,0 days 01:27:07.802000
2024-07-28 13:35:46.220,0 days 01:27:08.242000,0 days 00:00:22.935000,11148,316,8,99,False,0,car,1508.480555555556,0.21680063278846634,5473.90236761471,-3283.7209635381682,4242.661503901919,car,0 days 01:27:08.242000
2024-07-28 13:35:46.380,0 days 01:27:08.402000,0 days 00:00:23.095000,11137,317,8,99,False,0,car,1522.569444444445,0.21882550477978785,5549.548386023612,-3400.868094258374,4248.988436543003,car,0 days 01:27:08.402000
2024-07-28 13:35:46.660,0 days 01:27:08.682000,0 days 00:00:23.375000,11176,317,8,99,False,0,car,1547.2250000000006,0.2223690307646004,5682.203719565738,-3624.081118592536,4260.447335915617,car,0 days 01:27:08.682000
2024-07-28 13:35:47.060,0 days 01:27:09.082000,0 days 00:00:23.775000,11216,318,8,99,False,0,car,1582.5583333333338,0.22744717976491768,5858.291089375018,-3953.1778758327637,4277.185113109114,car,0 days 01:27:09.082000
2024-07-28 13:35:47.460,0 days 01:27:09.482000,0 days 00:00:24.175000,11231,319,8,99,False,0,car,1618.0027777777784,0.23254129778724852,6005.042860155786,-4298.0625942440965,4295.530196453008,car,0 days 01:27:09.482000
2024-07-28 13:35:47.660,0 days 01:27:09.682000,0 days 00:00:24.375000,11193,318,8,99,False,0,car,1635.669444444445,0.23508037228740714,6052.579039440889,-4425.914269842597,4302.685330991568,car,0 days 01:27:09.682000
2024-07-28 13:35:48.060,0 days 01:27:10.082000,0 days 00:00:24.775000,11245,319,8,99,False,0,car,1671.1138888888893,0.24017449030973798,6161.971948624336,-4750.603633338991,4317.186693004252,car,0 days 01:27:10.082000
2024-07-28 13:35:48.380,0 days 01:27:10.402000,0 days 00:00:25.095000,11276,320,8,99,False,0,car,1699.5583333333338,0.2442625599452135,6251.183585538194,-5020.271175351948,4328.86261420794,car,0 days 01:27:10.402000
2024-07-28 13:35:48.540,0 days 01:27:10.562000,0 days 00:00:25.255000,11306,320,8,99,False,0,car,1713.780555555556,0.24630659476295128,6295.766784958813,-5155.070801856798,4335.525183829851,car,0 days 01:27:10.562000
2024-07-28 13:35:48.740,0 days 01:27:10.762000,0 days 00:00:25.455000,11326,321,8,99,False,0,car,1731.6138888888893,0.24886962279613026,6352.012509210842,-5324.110998647955,4343.63196935605,car,0 days 01:27:10.762000
2024-07-28 13:35:48.979,0 days 01:27:11.001000,0 days 00:00:25.694000,11354,321,8,99,False,0,car,1752.9247222222227,0.2519324412957792,6419.863682882404,-5527.0531344204865,4352.644325376445,car,0 days 01:27:11.001000
2024-07-28 13:35:49.219,0 days 01:27:11.241000,0 days 00:00:25.934000,11338,322,8,99,False,0,car,1774.3913888888897,0.25501765634880214,6488.070562412346,-5731.269220887671,4363.544392017164,car,0 days 01:27:11.241000
2024-07-28 13:35:49.539,0 days 01:27:11.561000,0 days 00:00:26.254000,11348,322,8,99,False,0,car,1803.013611111112,0.2591312764194994,6588.7004036222,-6035.051457138799,4377.9287371843975,car,0 days 01:27:11.561000
2024-07-28 13:35:49.819,0 days 01:27:11.841000,0 days 00:00:26.534000,11372,322,8,98,False,0,car,1828.0580555555562,0.2627306939813595,6659.881170485037,-6247.923291928681,4386.7140249455115,car,0 days 01:27:11.841000
2024-07-28 13:35:50.059,0 days 01:27:12.081000,0 days 00:00:26.774000,11376,323,8,99,False,0,car,1849.5913888888897,0.26582549044759063,6723.927718571049,-6443.639605096651,4397.26097383567,car,0 days 01:27:12.081000
2024-07-28 13:35:50.459,0 days 01:27:12.481000,0 days 00:00:27.174000,11413,324,8,99,False,0,car,1885.5913888888895,0.2709994535799893,6838.762324346919,-6784.389623980169,4413.270194306324,car,0 days 01:27:12.481000
2024-07-28 13:35:50.659,0 days 01:27:12.681000,0 days 00:00:27.374000,11419,324,8,99,False,0,car,1903.5913888888895,0.27358643514618863,6895.430133732404,-6954.3166934696155,4421.356488405192,car,0 days 01:27:12.681000
2024-07-28 13:35:50.859,0 days 01:27:12.881000,0 days 00:00:27.574000,11446,325,8,99,False,0,car,1921.6469444444454,0.27618140122339485,6952.4996743397105,-7125.158749101335,4429.89323776339,car,0 days 01:27:12.881000
2024-07-28 13:35:51.059,0 days 01:27:13.081000,0 days 00:00:27.774000,11440,325,8,99,False,0,car,1939.7025000000008,0.27877636730060096,7011.087184277113,-7296.438057818724,4437.599186246257,car,0 days 01:27:13.081000
2024-07-28 13:35:51.219,0 days 01:27:13.241000,0 days 00:00:27.934000,11525,325,8,98,False,0,car,1954.1469444444451,0.2808523401623659,7056.9004647121,-7433.453561423868,4444.882488766327,car,0 days 01:27:13.241000
2024-07-28 13:35:51.500,0 days 01:27:13.522000,0 days 00:00:28.215000,11443,325,8,99,False,0,car,1979.5150000000006,0.2844982675008405,7137.962916842978,-7674.673580112849,4457.130188382663,car,0 days 01:27:13.522000
2024-07-28 13:35:51.740,0 days 01:27:13.762000,0 days 00:00:28.455000,11370,324,8,99,False,0,car,2001.1150000000005,0.28760264538027974,7207.5511583307525,-7880.574308863004,4466.492075056102,car,0 days 01:27:13.762000
2024-07-28 13:35:52.140,0 days 01:27:14.162000,0 days 00:00:28.855000,11333,322,8,99,False,0,car,2036.8927777777785,0.2927446704686513,7335.575137048036,-8263.061404956905,4484.986741926324,car,0 days 01:27:14.162000
2024-07-28 13:35:52.460,0 days 01:27:14.482000,0 days 00:00:29.175000,11290,322,8,98,False,0,car,2065.515000000001,0.2968582905393486,7411.358722796271,-8486.899063810564,4495.476278457532,car,0 days 01:27:14.482000
2024-07-28 13:35:52.820,0 days 01:27:14.842000,0 days 00:00:29.535000,11284,321,8,98,False,0,car,2097.6150000000007,0.30147174099907076,7515.0407017059515,-8794.073043538117,4510.438309499857,car,0 days 01:27:14.842000
2024-07-28 13:35:53.060,0 days 01:27:15.082000,0 days 00:00:29.775000,11245,320,8,99,False,0,car,2118.9483333333337,0.30453779322567737,7586.641468228368,-9006.736864789531,4520.206794341784,car,0 days 01:27:15.082000
2024-07-28 13:35:53.500,0 days 01:27:15.522000,0 days 00:00:30.215000,11208,318,8,99,False,0,car,2157.8150000000005,0.3101237571260264,7715.521654787865,-9388.20728731291,4539.238239979245,car,0 days 01:27:15.522000
2024-07-28 13:35:53.740,0 days 01:27:15.762000,0 days 00:00:30.455000,11181,318,8,99,False,0,car,2179.0150000000003,0.31317064652621673,7774.7106717031975,-9564.712897061603,4548.015068234634,car,0 days 01:27:15.762000
2024-07-28 13:35:54.060,0 days 01:27:16.082000,0 days 00:00:30.775000,11164,317,8,98,False,0,car,2207.1927777777782,0.3172203905088597,7881.1171139652315,-9884.269970054427,4562.607515691202,car,0 days 01:27:16.082000
2024-07-28 13:35:54.300,0 days 01:27:16.322000,0 days 00:00:31.015000,11077,317,8,25,False,0,car,2228.326111111112,0.32025769849584196,7945.213581049147,-10079.685150374466,4572.612945081174,car,0 days 01:27:16.322000
2024-07-28 13:35:54.740,0 days 01:27:16.762000,0 days 00:00:31.455000,12013,306,7,0,True,0,car,2265.7261111111115,0.3256328713056117,8040.281635283181,-10365.615823360193,4586.563158744898,car,0 days 01:27:16.762000
2024-07-28 13:35:54.940,0 days 01:27:16.962000,0 days 00:00:31.655000,11478,303,7,0,True,0,car,2282.559444444445,0.3280521781406685,8105.760345990737,-10556.905846347421,4595.600713547921,car,0 days 01:27:16.962000
2024-07-28 13:35:55.180,0 days 01:27:17.202000,0 days 00:00:31.895000,10387,265,7,0,True,0,car,2300.2261111111115,0.3305912526408271,8181.721685344963,-10778.59814188998,4606.4946755606425,car,0 days 01:27:17.202000
2024-07-28 13:35:55.380,0 days 01:27:17.402000,0 days 00:00:32.095000,10725,252,7,0,True,0,car,2314.2261111111115,0.33260334941453773,8201.571234886082,-10840.205110756939,4609.07120047085,car,0 days 01:27:17.402000
2024-07-28 13:35:55.739,0 days 01:27:17.761000,0 days 00:00:32.454000,10799,210,6,0,True,0,car,2335.167777777778,0.3356131108385465,8270.576406940101,-11077.517048106476,4619.97151840142,car,0 days 01:27:17.761000
2024-07-28 13:35:55.939,0 days 01:27:17.961000,0 days 00:00:32.654000,11250,210,6,0,True,0,car,2346.834444444445,0.3372898581499721,8297.84908327054,-11214.074034616302,4625.34969385111,car,0 days 01:27:17.961000
2024-07-28 13:35:56.259,0 days 01:27:18.281000,0 days 00:00:32.974000,10510,180,4,0,True,0,car,2362.8344444444447,0.339589397319927,8317.482926499193,-11353.258095113595,4630.744130543301,car,0 days 01:27:18.281000
2024-07-28 13:35:56.419,0 days 01:27:18.441000,0 days 00:00:33.134000,10318,175,4,0,True,0,car,2370.6122222222225,0.34070722886087734,8316.333448207182,-11396.274578770594,4632.451311767134,car,0 days 01:27:18.441000
2024-07-28 13:35:56.619,0 days 01:27:18.641000,0 days 00:00:33.334000,10097,170,4,0,True,0,car,2380.0566666666673,0.3420645957320314,8301.228588433689,-11488.635897135835,4635.553977522191,car,0 days 01:27:18.641000
2024-07-28 13:35:56.979,0 days 01:27:19.001000,0 days 00:00:33.694000,9694,161,4,0,False,0,car,2396.156666666667,0.34437850702179856,8232.01452428777,-11670.723852761519,4642.453768587845,car,0 days 01:27:19.001000
2024-07-28 13:35:57.219,0 days 01:27:19.241000,0 days 00:00:33.934000,9457,160,4,0,False,0,car,2406.8233333333337,0.34591153313510187,8178.348248197171,-11747.332552020374,4646.42661205444,car,0 days 01:27:19.241000
2024-07-28 13:35:57.499,0 days 01:27:19.521000,0 days 00:00:34.214000,9523,154,4,24,False,0,car,2418.8011111111114,0.3476329937081654,8121.761864447306,-11811.681386230595,4650.55446577072,car,0 days 01:27:19.521000
2024-07-28 13:35:57.739,0 days 01:27:19.761000,0 days 00:00:34.454000,9572,154,4,45,False,0,car,2429.0677777777782,0.34910853134221986,8026.182745127719,-11913.100613235201,4654.914316538896,car,0 days 01:27:19.761000
2024-07-28 13:35:57.979,0 days 01:27:20.001000,0 days 00:00:34.694000,9504,159,4,25,False,0,car,2439.667777777778,0.35063197604231505,7932.965269852807,-12010.942594002408,4657.758858971221,car,0 days 01:27:20.001000
2024-07-28 13:35:58.380,0 days 01:27:20.402000,0 days 00:00:35.095000,9252,157,4,5,False,0,car,2457.1558333333337,0.35314538033958687,7867.346065884396,-12101.769681469797,4660.459838872486,car,0 days 01:27:20.402000
2024-07-28 13:35:58.740,0 days 01:27:20.762000,0 days 00:00:35.455000,9485,154,4,13,False,0,car,2472.555833333334,0.3553586867906685,7803.50970286051,-12276.545440668138,4664.543240116165,car,0 days 01:27:20.762000
2024-07-28 13:35:59.020,0 days 01:27:21.042000,0 days 00:00:35.735000,9367,149,4,36,False,0,car,2484.1447222222228,0.35702425578668456,7791.1315376710845,-12362.492860852597,4666.7474808080415,car,0 days 01:27:21.042000
2024-07-28 13:35:59.220,0 days 01:27:21.242000,0 days 00:00:35.935000,9522,151,4,50,False,0,car,2492.533611111112,0.3582299169487096,7792.504461783876,-12442.64798240445,4668.822364128474,car,0 days 01:27:21.242000
2024-07-28 13:35:59.460,0 days 01:27:21.482000,0 days 00:00:36.175000,9703,153,4,68,False,0,car,2502.7336111111117,0.35969587316955587,7803.034785728041,-12555.639208779916,4671.2269523181185,car,0 days 01:27:21.482000
2024-07-28 13:35:59.820,0 days 01:27:21.842000,0 days 00:00:36.535000,10355,160,4,80,False,0,car,2518.7336111111117,0.3619954123395109,7840.4779992385875,-12702.66819702159,4673.087516211833,car,0 days 01:27:21.842000
2024-07-28 13:36:00.100,0 days 01:27:22.122000,0 days 00:00:36.815000,10512,168,4,90,False,0,car,2531.8002777777783,0.36387336932830744,7883.861813923182,-12827.234256168369,4675.419448560555,car,0 days 01:27:22.122000
2024-07-28 13:36:00.420,0 days 01:27:22.442000,0 days 00:00:37.135000,11296,179,4,98,False,0,car,2547.7113888888894,0.36616013328065156,7940.726363159599,-12976.974320281948,4676.833002519974,car,0 days 01:27:22.442000
2024-07-28 13:36:00.660,0 days 01:27:22.682000,0 days 00:00:37.375000,11124,189,4,67,False,0,car,2560.3113888888893,0.3679710203769911,7983.800892014781,-13095.658276929837,4678.280058333169,car,0 days 01:27:22.682000
2024-07-28 13:36:00.820,0 days 01:27:22.842000,0 days 00:00:37.535000,10013,193,4,50,False,0,car,2568.889166666667,0.36920382887643916,8009.038966552272,-13177.194619371105,4678.933195032155,car,0 days 01:27:22.842000
2024-07-28 13:36:01.100,0 days 01:27:23.122000,0 days 00:00:37.815000,10212,191,5,29,False,0,car,2583.7447222222227,0.37133888711965435,8038.765800055002,-13320.572822889968,4678.758864895449,car,0 days 01:27:23.122000
2024-07-28 13:36:01.420,0 days 01:27:23.442000,0 days 00:00:38.135000,10041,190,5,46,False,0,car,2600.6336111111113,0.3737661784657179,8042.997671266023,-13489.644917557494,4677.190063926383,car,0 days 01:27:23.442000
2024-07-28 13:36:01.620,0 days 01:27:23.642000,0 days 00:00:38.335000,10132,191,5,53,False,0,car,2611.2447222222227,0.37529122006801446,8021.484841567104,-13610.944295984298,4675.625378105396,car,0 days 01:27:23.642000
2024-07-28 13:36:02.659,0 days 01:27:24.681000,0 days 00:00:39.374000,11193,208,5,98,False,0,car,2671.275833333334,0.3839189632815095,7715.95468890952,-14085.300164833025,4672.1432237280715,car,0 days 01:27:24.681000
2024-07-28 13:36:02.859,0 days 01:27:24.881000,0 days 00:00:39.574000,11444,214,5,98,False,0,car,2683.1647222222227,0.38562764863696214,7566.912435602405,-14195.343545631198,4668.2399344164905,car,0 days 01:27:24.881000
2024-07-28 13:36:03.019,0 days 01:27:25.041000,0 days 00:00:39.734000,11552,218,5,98,False,0,car,2692.853611111112,0.38702014735654605,7464.1937234424495,-14266.611047356948,4665.348723914919,car,0 days 01:27:25.041000
2024-07-28 13:36:03.219,0 days 01:27:25.241000,0 days 00:00:39.934000,10712,221,5,98,False,0,car,2705.1313888888894,0.3887847242890462,7416.030824912483,-14299.082204950253,4663.910594799903,car,0 days 01:27:25.241000
2024-07-28 13:36:03.419,0 days 01:27:25.441000,0 days 00:00:40.134000,10637,230,6,98,False,0,car,2717.9091666666673,0.39062116182060747,7326.470762476474,-14358.926163946784,4660.897128539622,car,0 days 01:27:25.441000
2024-07-28 13:36:03.859,0 days 01:27:25.881000,0 days 00:00:40.574000,10953,235,6,98,False,0,car,2746.6313888888894,0.39474915401111693,7009.265918424185,-14578.52445752203,4647.842418279033,car,0 days 01:27:25.881000
2024-07-28 13:36:04.019,0 days 01:27:26.041000,0 days 00:00:40.734000,11068,241,6,98,False,0,car,2757.3425000000007,0.3962885677332257,6925.372483550645,-14639.272373820295,4643.62757301073,car,0 days 01:27:26.041000
2024-07-28 13:36:04.219,0 days 01:27:26.241000,0 days 00:00:40.934000,11206,244,6,98,False,0,car,2770.898055555556,0.39823678841888194,6850.284384950317,-14694.206413510397,4640.414274223696,car,0 days 01:27:26.241000
2024-07-28 13:36:04.499,0 days 01:27:26.521000,0 days 00:00:41.214000,11415,249,6,98,False,0,car,2790.2647222222226,0.40102018895584834,6740.7270127828,-14774.936031666404,4635.038349261903,car,0 days 01:27:26.521000
2024-07-28 13:36:04.860,0 days 01:27:26.882000,0 days 00:00:41.575000,11594,254,6,98,False,0,car,2815.7352777777787,0.4046808477171306,6457.000077313167,-14990.155485525485,4620.450036902274,car,0 days 01:27:26.882000
2024-07-28 13:36:05.060,0 days 01:27:27.082000,0 days 00:00:41.775000,11703,256,6,98,False,0,car,2829.9575000000004,0.40672488253486827,6392.190744386369,-15039.391736896812,4616.139802215829,car,0 days 01:27:27.082000
2024-07-28 13:36:05.540,0 days 01:27:27.562000,0 days 00:00:42.255000,11628,260,6,6,False,0,car,2864.6241666666674,0.4117072174031041,6151.295715240624,-15227.297118738554,4602.044589630746,car,0 days 01:27:27.562000
2024-07-28 13:36:05.740,0 days 01:27:27.762000,0 days 00:00:42.455000,11546,256,6,0,True,0,car,2878.846388888889,0.4137512522208418,6039.680145636589,-15314.998357046345,4594.013280381604,car,0 days 01:27:27.762000
2024-07-28 13:36:05.900,0 days 01:27:27.922000,0 days 00:00:42.615000,11546,247,6,0,True,0,car,2889.824166666667,0.4153289915957832,5953.969251013232,-15382.286614772795,4587.652904266763,car,0 days 01:27:27.922000
2024-07-28 13:36:06.140,0 days 01:27:28.162000,0 days 00:00:42.855000,11400,229,5,0,True,0,car,2905.0908333333336,0.41752313522044854,5827.808377954569,-15474.495902846153,4578.447476574369,car,0 days 01:27:28.162000
2024-07-28 13:36:06.340,0 days 01:27:28.362000,0 days 00:00:43.055000,10849,211,5,0,True,0,car,2916.813055555556,0.4192078670428808,5725.815223438833,-15540.880047763592,4570.039691809636,car,0 days 01:27:28.362000
2024-07-28 13:36:06.540,0 days 01:27:28.562000,0 days 00:00:43.255000,11269,194,4,0,True,0,car,2927.5908333333336,0.42075686217819774,5632.12131922685,-15597.60887152461,4561.34705248187,car,0 days 01:27:28.562000
2024-07-28 13:36:06.700,0 days 01:27:28.722000,0 days 00:00:43.415000,10736,180,4,0,True,0,car,2935.5908333333336,0.4219066317631752,5559.996429315532,-15638.154078587728,4555.801936893106,car,0 days 01:27:28.722000
2024-07-28 13:36:07.140,0 days 01:27:29.162000,0 days 00:00:43.855000,10947,159,3,0,True,0,car,2955.024166666667,0.42469961371334974,5350.283264874297,-15739.843724984396,4538.95370861512,car,0 days 01:27:29.162000
2024-07-28 13:36:07.620,0 days 01:27:29.642000,0 days 00:00:44.335000,9916,142,3,0,True,0,car,2973.9575000000004,0.42742073506446315,5193.497050208865,-15769.411370104064,4528.835698995206,car,0 days 01:27:29.642000
2024-07-28 13:36:07.980,0 days 01:27:30.002000,0 days 00:00:44.695000,9419,133,3,0,True,0,car,2987.2575000000006,0.42933222699948825,5038.47535060944,-15745.164619407939,4517.032713051348,car,0 days 01:27:30.002000
2024-07-28 13:36:08.220,0 days 01:27:30.242000,0 days 00:00:44.935000,9035,129,3,0,True,0,car,2995.8575000000005,0.43056822930333905,4973.229896735329,-15719.93711094102,4511.0181385175965,car,0 days 01:27:30.242000
2024-07-28 13:36:08.620,0 days 01:27:30.642000,0 days 00:00:45.335000,8494,122,3,0,False,0,car,3009.413055555556,0.43251644998899536,4878.808848653827,-15654.090095307554,4502.590250528509,car,0 days 01:27:30.642000
2024-07-28 13:36:09.060,0 days 01:27:31.082000,0 days 00:00:45.775000,8196,116,3,0,False,0,car,3023.590833333334,0.4345540971979277,4776.487840526794,-15526.153379636926,4488.225598411054,car,0 days 01:27:31.082000
2024-07-28 13:36:09.299,0 days 01:27:31.321000,0 days 00:00:46.014000,8042,114,3,0,False,0,car,3031.1591666666677,0.43564182713238253,4751.729925656983,-15482.204744456216,4484.507953487594,car,0 days 01:27:31.321000
2024-07-28 13:36:09.499,0 days 01:27:31.521000,0 days 00:00:46.214000,7829,111,3,0,False,0,car,3037.3258333333342,0.436528107854136,4735.952675857358,-15424.484794823675,4481.205219444908,car,0 days 01:27:31.521000
2024-07-28 13:36:09.819,0 days 01:27:31.841000,0 days 00:00:46.534000,8034,109,3,20,False,0,car,3047.014722222223,0.43792060657371984,4718.752107376112,-15301.539511824547,4472.991618031483,car,0 days 01:27:31.841000
2024-07-28 13:36:10.059,0 days 01:27:32.081000,0 days 00:00:46.774000,8333,110,3,45,False,0,car,3054.3480555555566,0.4389745620266159,4725.681754483485,-15234.14586074695,4467.171028155882,car,0 days 01:27:32.081000
2024-07-28 13:36:10.379,0 days 01:27:32.401000,0 days 00:00:47.094000,8704,119,3,56,False,0,car,3064.9258333333346,0.4404948129223084,4741.633753184427,-15161.890048045498,4462.144418418392,car,0 days 01:27:32.401000
2024-07-28 13:36:10.579,0 days 01:27:32.601000,0 days 00:00:47.294000,9232,121,3,67,False,0,car,3071.6480555555568,0.44146093875412973,4768.049390967682,-15093.480805763054,4456.860008810713,car,0 days 01:27:32.601000
2024-07-28 13:36:10.899,0 days 01:27:32.921000,0 days 00:00:47.614000,9984,134,3,78,False,0,car,3083.559166666668,0.4431728179139851,4853.000910911892,-14950.393051231562,4442.4652292305655,car,0 days 01:27:32.921000
2024-07-28 13:36:11.139,0 days 01:27:33.161000,0 days 00:00:47.854000,10622,142,3,81,False,0,car,3093.0258333333345,0.44453337858954184,4889.583026203289,-14906.902869455618,4439.78830164831,car,0 days 01:27:33.161000
2024-07-28 13:36:11.340,0 days 01:27:33.362000,0 days 00:00:48.055000,11377,149,3,84,False,0,car,3101.345000000001,0.4457290191902533,4936.825646006712,-14862.37844746497,4436.42892998116,car,0 days 01:27:33.362000
2024-07-28 13:36:11.620,0 days 01:27:33.642000,0 days 00:00:48.335000,10345,161,3,86,False,0,car,3113.8672222222235,0.44752872797118337,5031.887378945612,-14780.431648568223,4429.190183819333,car,0 days 01:27:33.642000
2024-07-28 13:36:11.940,0 days 01:27:33.962000,0 days 00:00:48.655000,10853,171,4,98,False,0,car,3129.0672222222233,0.4497132901826406,5153.417415622742,-14692.230903534246,4417.441248659228,car,0 days 01:27:33.962000
2024-07-28 13:36:12.260,0 days 01:27:34.282000,0 days 00:00:48.975000,11219,181,4,98,False,0,car,3145.1561111111123,0.45202560457020646,5290.991092039883,-14609.197906126601,4406.532838627041,car,0 days 01:27:34.282000
2024-07-28 13:36:12.500,0 days 01:27:34.522000,0 days 00:00:49.215000,11629,190,4,98,False,0,car,3157.8227777777793,0.4538460730797542,5401.971286466809,-14549.1013098775,4396.338215282632,car,0 days 01:27:34.522000
2024-07-28 13:36:12.820,0 days 01:27:34.842000,0 days 00:00:49.535000,12292,199,4,98,False,0,car,3175.5116666666677,0.4563883413843155,5570.87073138324,-14460.373838060292,4380.635695547524,car,0 days 01:27:34.842000
2024-07-28 13:36:13.100,0 days 01:27:35.122000,0 days 00:00:49.815000,11774,203,4,6,False,0,car,3191.3005555555565,0.45865753941244464,5730.564152860024,-14367.26683911805,4369.685394079599,car,0 days 01:27:35.122000
2024-07-28 13:36:13.540,0 days 01:27:35.562000,0 days 00:00:50.255000,11369,191,4,0,False,0,car,3214.6450000000013,0.4620126309374971,5945.324464753244,-14189.443695675664,4349.508898911292,car,0 days 01:27:35.562000
2024-07-28 13:36:13.860,0 days 01:27:35.882000,0 days 00:00:50.575000,10961,185,4,0,False,0,car,3231.0894444444457,0.4643760461955064,6039.832394999753,-14063.352550816084,4337.811365155814,car,0 days 01:27:35.882000
2024-07-28 13:36:14.220,0 days 01:27:36.242000,0 days 00:00:50.935000,10772,179,4,5,False,0,car,3248.989444444446,0.46694865564189353,6095.399503635198,-13942.23849515853,4330.281547822824,car,0 days 01:27:36.242000
2024-07-28 13:36:14.540,0 days 01:27:36.562000,0 days 00:00:51.255000,10730,174,4,53,False,0,car,3264.4561111111125,0.46917154350618334,6124.326399571508,-13789.904432186264,4319.75638561785,car,0 days 01:27:36.562000
2024-07-28 13:36:14.700,0 days 01:27:36.722000,0 days 00:00:51.415000,11141,174,4,70,False,0,car,3272.1894444444456,0.47028298743832825,6126.831172688063,-13711.093227691657,4314.019109522351,car,0 days 01:27:36.722000
2024-07-28 13:36:14.940,0 days 01:27:36.962000,0 days 00:00:51.655000,11418,182,4,98,False,0,car,3284.322777777779,0.47202680464221075,6116.745099716386,-13589.780951438264,4305.885363329939,car,0 days 01:27:36.962000
2024-07-28 13:36:15.380,0 days 01:27:37.402000,0 days 00:00:52.095000,10675,199,4,98,False,0,car,3308.645000000001,0.47552242356098257,6062.021631267557,-13360.61910070039,4293.929997052839,car,0 days 01:27:37.402000
2024-07-28 13:36:15.540,0 days 01:27:37.562000,0 days 00:00:52.255000,10963,202,5,98,False,0,car,3317.622777777779,0.4768127205396796,6031.761707774825,-13275.123389012704,4288.004519997672,car,0 days 01:27:37.562000
2024-07-28 13:36:15.979,0 days 01:27:38.001000,0 days 00:00:52.694000,11570,218,5,98,False,0,car,3344.206666666668,0.4806333889015378,5932.528357474832,-13034.221775413082,4266.422496784952,car,0 days 01:27:38.001000
2024-07-28 13:36:16.179,0 days 01:27:38.201000,0 days 00:00:52.894000,11592,223,5,98,False,0,car,3356.5955555555565,0.4824139348560515,5886.180083329242,-12924.83509459984,4255.932787273678,car,0 days 01:27:38.201000
2024-07-28 13:36:16.339,0 days 01:27:38.361000,0 days 00:00:53.054000,11312,227,5,99,False,0,car,3366.6844444444455,0.48386392205488427,5825.7123133790365,-12780.642297062792,4243.590635517379,car,0 days 01:27:38.361000
2024-07-28 13:36:16.499,0 days 01:27:38.521000,0 days 00:00:53.214000,10526,232,6,99,False,0,car,3376.995555555556,0.48534584729774405,5785.158327673795,-12682.16579056595,4235.291909408611,car,0 days 01:27:38.521000
2024-07-28 13:36:16.699,0 days 01:27:38.721000,0 days 00:00:53.414000,10849,237,6,99,False,0,car,3390.162222222223,0.4872381764063529,5760.463771154117,-12620.028023112467,4230.463645309582,car,0 days 01:27:38.721000
2024-07-28 13:36:16.979,0 days 01:27:39.001000,0 days 00:00:53.694000,11220,245,6,99,False,0,car,3409.217777777779,0.48997686368168125,5684.6889748092835,-12429.37728714165,4217.0861095348355,car,0 days 01:27:39.001000
2024-07-28 13:36:17.179,0 days 01:27:39.201000,0 days 00:00:53.894000,11267,247,6,99,False,0,car,3422.9400000000005,0.4919490379003579,5609.2824506236375,-12213.746656711754,4201.692587175142,car,0 days 01:27:39.201000
2024-07-28 13:36:17.659,0 days 01:27:39.681000,0 days 00:00:54.374000,11322,257,6,99,False,0,car,3457.2066666666674,0.4968738842893448,5529.181606959697,-11944.864486601926,4182.974710465495,car,0 days 01:27:39.681000
2024-07-28 13:36:17.820,0 days 01:27:39.842000,0 days 00:00:54.535000,10566,261,6,99,False,0,car,3468.879166666667,0.498551469974426,5507.372839794325,-11864.307064122855,4176.955996517727,car,0 days 01:27:39.842000
2024-07-28 13:36:18.060,0 days 01:27:40.082000,0 days 00:00:54.775000,10693,261,7,99,False,0,car,3486.279166666667,0.5010522188217521,5460.188820093435,-11679.590736482653,4163.16112292309,car,0 days 01:27:40.082000
2024-07-28 13:36:18.380,0 days 01:27:40.402000,0 days 00:00:55.095000,10830,271,7,99,False,0,car,3510.368055555556,0.5045143027942954,5393.132014064171,-11403.885679864883,4142.664652730946,car,0 days 01:27:40.402000
2024-07-28 13:36:18.660,0 days 01:27:40.682000,0 days 00:00:55.375000,10959,273,7,99,False,0,car,3531.6013888888897,0.5075659829010899,5360.570054636033,-11258.3740265459,4132.256164629897,car,0 days 01:27:40.682000
2024-07-28 13:36:18.860,0 days 01:27:40.882000,0 days 00:00:55.575000,10998,275,7,99,False,0,car,3546.8791666666675,0.5097617234279567,5325.494766590706,-11094.997990769,4121.456072495246,car,0 days 01:27:40.882000
2024-07-28 13:36:19.300,0 days 01:27:41.322000,0 days 00:00:56.015000,11159,280,7,99,False,0,car,3581.1013888888897,0.5146801822081382,5254.659924791989,-10761.145289865122,4097.628230115619,car,0 days 01:27:41.322000
2024-07-28 13:36:19.500,0 days 01:27:41.522000,0 days 00:00:56.215000,11249,282,7,99,False,0,car,3596.7680555555567,0.5169318143120524,5222.744478651624,-10607.947182049791,4086.1640124289625,car,0 days 01:27:41.522000
2024-07-28 13:36:19.660,0 days 01:27:41.682000,0 days 00:00:56.375000,11309,282,7,99,False,0,car,3609.3013888888895,0.5187331199951838,5196.946849523145,-10485.257516670268,4077.364738091009,car,0 days 01:27:41.682000
2024-07-28 13:36:19.860,0 days 01:27:41.882000,0 days 00:00:56.575000,11351,284,7,99,False,0,car,3625.0791666666673,0.5210007211211116,5163.831677944419,-10331.629049265166,4067.4248972427777,car,0 days 01:27:41.882000
2024-07-28 13:36:20.100,0 days 01:27:42.122000,0 days 00:00:56.815000,11411,286,7,99,False,0,car,3644.1458333333335,0.5237410052986412,5123.760393929847,-10146.438482400506,4054.0882089326296,car,0 days 01:27:42.122000
2024-07-28 13:36:20.460,0 days 01:27:42.482000,0 days 00:00:57.175000,11506,287,7,98,False,0,car,3672.8458333333333,0.527865803684748,5053.218854746543,-9831.329850925127,4031.5416547113914,car,0 days 01:27:42.482000
2024-07-28 13:36:20.620,0 days 01:27:42.642000,0 days 00:00:57.335000,11366,289,7,98,False,0,car,3685.690277777778,0.5297118226295174,5029.769870571741,-9722.508351018765,4023.9830236849702,car,0 days 01:27:42.642000
2024-07-28 13:36:20.780,0 days 01:27:42.802000,0 days 00:00:57.495000,11748,287,7,0,False,0,car,3698.4458333333337,0.531545066356676,5003.129179431762,-9613.588310753568,4016.155390737629,car,0 days 01:27:42.802000
2024-07-28 13:36:21.060,0 days 01:27:43.082000,0 days 00:00:57.775000,12412,282,7,0,True,0,car,3720.379166666667,0.5346973513021559,4918.109331074563,-9334.341629183833,3995.5469233396134,car,0 days 01:27:43.082000
2024-07-28 13:36:21.260,0 days 01:27:43.282000,0 days 00:00:57.975000,12331,274,6,0,True,0,car,3735.6013888888897,0.536885107318016,4886.1425199592995,-9246.852933020089,3988.548334979402,car,0 days 01:27:43.282000
2024-07-28 13:36:21.460,0 days 01:27:43.482000,0 days 00:00:58.175000,11911,267,6,0,False,0,car,3750.4347222222227,0.5390169717568284,4847.297100608641,-9169.074371232344,3981.7715827099314,car,0 days 01:27:43.482000
2024-07-28 13:36:21.940,0 days 01:27:43.962000,0 days 00:00:58.655000,11414,255,6,41,False,0,car,3784.434722222223,0.5439034924929828,4574.4459898453715,-8813.720311459427,3948.4219426698946,car,0 days 01:27:43.962000
2024-07-28 13:36:22.180,0 days 01:27:44.202000,0 days 00:00:58.895000,11438,252,6,50,False,0,car,3801.2347222222234,0.5463180086214355,4497.881072098352,-8748.357638996784,3943.7240987992413,car,0 days 01:27:44.202000
2024-07-28 13:36:22.540,0 days 01:27:44.562000,0 days 00:00:59.255000,11465,250,6,80,False,0,car,3826.2347222222234,0.5499110385744902,4310.689539959824,-8639.4061058515,3930.208179319528,car,0 days 01:27:44.562000
2024-07-28 13:36:22.739,0 days 01:27:44.761000,0 days 00:00:59.454000,11508,250,6,89,False,0,car,3840.0541666666677,0.5518971856874287,4194.509886026545,-8591.520831369842,3922.5638890981572,car,0 days 01:27:44.761000
2024-07-28 13:36:22.939,0 days 01:27:44.961000,0 days 00:00:59.654000,11682,253,6,98,False,0,car,3854.1097222222234,0.5539172669721462,3996.025082511699,-8555.65744940585,3909.5597350205962,car,0 days 01:27:44.961000
2024-07-28 13:36:23.099,0 days 01:27:45.121000,0 days 00:00:59.814000,11717,255,6,98,False,0,car,3865.4430555555564,0.5555461072175308,3881.5510619295155,-8542.93363110678,3904.5706937769883,car,0 days 01:27:45.121000
2024-07-28 13:36:23.299,0 days 01:27:45.321000,0 days 00:01:00.014000,11763,258,6,98,False,0,car,3879.77638888889,0.5576061110572823,3786.245442787087,-8540.799030687433,3900.4106428376017,car,0 days 01:27:45.321000
2024-07-28 13:36:23.619,0 days 01:27:45.641000,0 days 00:01:00.334000,10617,263,6,99,False,0,car,3903.1541666666676,0.5609659932889387,3550.6915003891277,-8535.001794569513,3877.0225745595853,car,0 days 01:27:45.641000
2024-07-28 13:36:23.899,0 days 01:27:45.921000,0 days 00:01:00.614000,10697,264,7,98,False,0,car,3923.6875000000005,0.5639170685570475,3347.5268981889276,-8542.910723499734,3863.5479321735925,car,0 days 01:27:45.921000
2024-07-28 13:36:24.179,0 days 01:27:46.201000,0 days 00:01:00.894000,10878,271,7,99,False,0,car,3944.7652777777785,0.566946392033023,3145.0819239855987,-8574.265094979033,3849.4995743715695,car,0 days 01:27:46.201000
2024-07-28 13:36:24.340,0 days 01:27:46.362000,0 days 00:01:01.055000,10975,271,7,98,False,0,car,3956.8850000000007,0.5686882530317089,3031.3232095419053,-8608.670168551736,3841.4502114097445,car,0 days 01:27:46.362000
2024-07-28 13:36:24.620,0 days 01:27:46.642000,0 days 00:01:01.335000,11033,275,7,99,False,0,car,3978.27388888889,0.5717622897693223,2828.8253220171987,-8703.593179767131,3827.473961627014,car,0 days 01:27:46.642000
2024-07-28 13:36:24.820,0 days 01:27:46.842000,0 days 00:01:01.535000,11098,276,7,99,False,0,car,3993.607222222223,0.5739660148071958,2679.153286354567,-8795.76361082076,3817.458118284605,car,0 days 01:27:46.842000
2024-07-28 13:36:24.980,0 days 01:27:47.002000,0 days 00:01:01.695000,11098,278,7,99,False,0,car,4005.9627777777787,0.5757417700551055,2576.556266063018,-8872.49160570656,3809.415334993439,car,0 days 01:27:47.002000
2024-07-28 13:36:25.180,0 days 01:27:47.202000,0 days 00:01:01.895000,11274,280,7,99,False,0,car,4021.5183333333343,0.5779774331370062,2456.300401967567,-8977.743274194123,3801.451585915476,car,0 days 01:27:47.202000
2024-07-28 13:36:25.420,0 days 01:27:47.442000,0 days 00:01:02.135000,11365,281,7,99,False,0,car,4040.2516666666675,0.5806698102484952,2336.0558009370566,-9098.300186712373,3792.9654737294986,car,0 days 01:27:47.442000
2024-07-28 13:36:25.620,0 days 01:27:47.642000,0 days 00:01:02.335000,11456,283,7,99,False,0,car,4055.97388888889,0.5829294268634163,2185.682898709437,-9300.020530928321,3783.1450583267624,car,0 days 01:27:47.642000
2024-07-28 13:36:26.060,0 days 01:27:48.082000,0 days 00:01:02.775000,11472,287,7,99,False,0,car,4091.0516666666676,0.5879708471131023,2038.5019824827457,-9543.46039137129,3774.2368622923022,car,0 days 01:27:48.082000
2024-07-28 13:36:26.460,0 days 01:27:48.482000,0 days 00:01:03.175000,11569,289,7,99,False,0,car,4123.1627777777785,0.5925858944750259,1917.2985380184741,-9813.66993717337,3765.7728758539743,car,0 days 01:27:48.482000
2024-07-28 13:36:26.780,0 days 01:27:48.802000,0 days 00:01:03.495000,11596,290,7,98,False,0,car,4148.940555555556,0.5962907075821754,1800.255853658601,-10165.218021086532,3755.8940049114844,car,0 days 01:27:48.802000
2024-07-28 13:36:27.020,0 days 01:27:49.042000,0 days 00:01:03.735000,11650,291,7,99,False,0,car,4168.340555555556,0.5990788988257459,1773.1988825180495,-10254.785915517657,3753.876220234157,car,0 days 01:27:49.042000
2024-07-28 13:36:27.300,0 days 01:27:49.322000,0 days 00:01:04.015000,11678,292,7,99,False,0,car,4191.051666666667,0.6023429669253209,1701.8202637257864,-10478.549670943476,3749.58068591576,car,0 days 01:27:49.322000
2024-07-28 13:36:27.580,0 days 01:27:49.602000,0 days 00:01:04.295000,11727,294,7,99,False,0,car,4213.918333333334,0.6056293916557149,1618.1705646867763,-10737.785395924868,3746.9158002189106,car,0 days 01:27:49.602000
2024-07-28 13:36:27.740,0 days 01:27:49.762000,0 days 00:01:04.455000,11771,294,7,99,False,0,car,4226.985000000001,0.6075073486445115,1582.8679121781834,-10847.751806992674,3745.820912501603,car,0 days 01:27:49.762000
2024-07-28 13:36:28.020,0 days 01:27:50.042000,0 days 00:01:04.735000,11819,296,7,98,False,0,car,4250.0072222222225,0.6108161300057244,1523.9283180586117,-11032.591249013578,3744.945012129735,car,0 days 01:27:50.042000
2024-07-28 13:36:28.260,0 days 01:27:50.282000,0 days 00:01:04.975000,11819,295,7,98,False,0,car,4269.6738888888885,0.6136426469021273,1461.9949192218978,-11224.695372533515,3744.929989470337,car,0 days 01:27:50.282000
2024-07-28 13:36:28.420,0 days 01:27:50.442000,0 days 00:01:05.135000,11846,297,7,98,False,0,car,4282.873888888889,0.6155397667173403,1422.6828588426977,-11345.902402161273,3745.1229158206334,car,0 days 01:27:50.442000
2024-07-28 13:36:28.780,0 days 01:27:50.802000,0 days 00:01:05.495000,11481,293,7,2,False,0,car,4312.173888888889,0.6197507978223205,1295.2070519534836,-11743.433468463863,3748.2407902260493,car,0 days 01:27:50.802000
2024-07-28 13:36:28.980,0 days 01:27:51.002000,0 days 00:01:05.695000,12076,291,7,0,False,0,car,4328.3405555555555,0.6220742905252957,1269.9674662388982,-11822.6301854207,3749.1048681165757,car,0 days 01:27:51.002000
2024-07-28 13:36:29.260,0 days 01:27:51.282000,0 days 00:01:05.975000,12397,280,6,0,True,0,car,4350.118333333334,0.6252042188399567,1215.9413069784678,-11988.907546049231,3752.467009678443,car,0 days 01:27:51.282000
2024-07-28 13:36:29.499,0 days 01:27:51.521000,0 days 00:01:06.214000,11482,246,6,0,True,0,car,4366.450000000001,0.6275514255406223,1159.7269333990866,-12154.809127651544,3753.7005629066857,car,0 days 01:27:51.521000
2024-07-28 13:36:29.699,0 days 01:27:51.721000,0 days 00:01:06.414000,11807,229,6,0,True,0,car,4379.172222222223,0.6293798785611768,1104.5966561627833,-12297.61153166492,3754.7731879206626,car,0 days 01:27:51.721000
2024-07-28 13:36:30.059,0 days 01:27:52.081000,0 days 00:01:06.774000,12263,208,5,0,True,0,car,4399.9722222222235,0.6323692794821183,982.8354676556407,-12537.502329519364,3756.8449146773605,car,0 days 01:27:52.081000
2024-07-28 13:36:30.379,0 days 01:27:52.401000,0 days 00:01:07.094000,11399,192,4,0,True,0,car,4417.03888888889,0.6348221212634036,913.1421475702792,-12640.343343322058,3756.8990219240322,car,0 days 01:27:52.401000
2024-07-28 13:36:30.619,0 days 01:27:52.641000,0 days 00:01:07.334000,10855,186,4,0,True,0,car,4429.438888888891,0.6366042641201188,854.0241937938788,-12703.163043032633,3757.3801045869204,car,0 days 01:27:52.641000
2024-07-28 13:36:30.859,0 days 01:27:52.881000,0 days 00:01:07.574000,10671,180,4,0,True,0,car,4441.438888888891,0.6383289184975851,760.3756442274534,-12793.256438978753,3758.8220188564924,car,0 days 01:27:52.881000
2024-07-28 13:36:31.060,0 days 01:27:53.082000,0 days 00:01:07.775000,10391,176,4,0,False,0,car,4451.2655555555575,0.6397412188044658,683.8933557499521,-12851.559723500179,3759.953754072576,car,0 days 01:27:53.082000
2024-07-28 13:36:31.300,0 days 01:27:53.322000,0 days 00:01:08.015000,10176,169,4,0,False,0,car,4462.532222222224,0.6413604776366424,569.3036614984889,-12911.048662834986,3761.0443766289663,car,0 days 01:27:53.322000
2024-07-28 13:36:31.660,0 days 01:27:53.682000,0 days 00:01:08.375000,9857,164,4,0,False,0,car,4478.932222222224,0.6437175052858461,431.1121717773179,-12946.783498392491,3762.5101990756516,car,0 days 01:27:53.682000
2024-07-28 13:36:31.860,0 days 01:27:53.882000,0 days 00:01:08.575000,9784,161,4,9,False,0,car,4487.876666666668,0.645003011557939,338.5667209916156,-12954.800822689804,3763.1213584969046,car,0 days 01:27:53.882000
2024-07-28 13:36:32.140,0 days 01:27:54.162000,0 days 00:01:08.855000,9779,158,4,36,False,0,car,4500.165555555557,0.6467691853926406,215.29761086109983,-12950.476604680793,3762.9977423125756,car,0 days 01:27:54.162000
2024-07-28 13:36:32.300,0 days 01:27:54.322000,0 days 00:01:09.015000,9945,158,4,49,False,0,car,4507.187777777779,0.6477784275838986,150.73020877278736,-12942.009502131335,3763.3329740790514,car,0 days 01:27:54.322000
2024-07-28 13:36:32.580,0 days 01:27:54.602000,0 days 00:01:09.295000,10218,163,4,67,False,0,car,4519.865555555557,0.6496004929956477,-2.294794631008422,-12886.18529435225,3764.48038905734,car,0 days 01:27:54.602000
2024-07-28 13:36:32.900,0 days 01:27:54.922000,0 days 00:01:09.615000,10589,170,4,77,False,0,car,4534.976666666667,0.6517722799894939,-143.97341357259097,-12813.070148715526,3765.6916667427918,car,0 days 01:27:54.922000
2024-07-28 13:36:33.220,0 days 01:27:55.242000,0 days 00:01:09.935000,10987,177,4,77,False,0,car,4550.710000000001,0.6540334935066164,-262.07553614640085,-12751.940913299688,3766.0309920454733,car,0 days 01:27:55.242000
2024-07-28 13:36:33.500,0 days 01:27:55.522000,0 days 00:01:10.215000,10926,181,4,31,False,0,car,4564.7877777777785,0.6560567685957365,-394.7536911006016,-12700.295355959279,3766.017197710398,car,0 days 01:27:55.522000
2024-07-28 13:36:33.700,0 days 01:27:55.722000,0 days 00:01:10.415000,11111,179,4,20,False,0,car,4574.732222222223,0.6574859960659516,-490.54049304496334,-12675.988465667922,3765.123369995775,car,0 days 01:27:55.722000
2024-07-28 13:36:34.060,0 days 01:27:56.082000,0 days 00:01:10.775000,10973,176,4,11,False,0,car,4592.332222222223,0.6600154891529021,-664.7752707962098,-12666.924714036793,3764.1796816395017,car,0 days 01:27:56.082000
2024-07-28 13:36:34.340,0 days 01:27:56.362000,0 days 00:01:11.055000,10347,172,4,20,False,0,car,4605.710000000001,0.6619381594033367,-797.8291393966234,-12686.064971183201,3763.0465155565034,car,0 days 01:27:56.362000
2024-07-28 13:36:34.580,0 days 01:27:56.602000,0 days 00:01:11.295000,10473,170,4,20,False,0,car,4617.043333333334,0.6635669996487215,-907.7030827780115,-12718.574927321146,3761.6572906088095,car,0 days 01:27:56.602000
2024-07-28 13:36:34.740,0 days 01:27:56.762000,0 days 00:01:11.455000,10472,170,4,40,False,0,car,4624.59888888889,0.6646528931456447,-978.3330764518048,-12748.768027813108,3761.1649673906354,car,0 days 01:27:56.762000
2024-07-28 13:36:35.060,0 days 01:27:57.082000,0 days 00:01:11.775000,10660,172,4,56,False,0,car,4639.887777777779,0.6668502305747128,-1122.9424982311807,-12835.868993308444,3759.361251326807,car,0 days 01:27:57.082000
2024-07-28 13:36:35.260,0 days 01:27:57.282000,0 days 00:01:11.975000,10780,173,4,60,False,0,car,4649.498888888889,0.668231550978887,-1243.5831811430403,-12937.108895598403,3757.7516048039884,car,0 days 01:27:57.282000
2024-07-28 13:36:35.620,0 days 01:27:57.642000,0 days 00:01:12.335000,11327,179,4,72,False,0,car,4667.398888888889,0.6708041604252741,-1352.3190474712108,-13062.205129264466,3757.9839664365486,car,0 days 01:27:57.642000
2024-07-28 13:36:35.820,0 days 01:27:57.842000,0 days 00:01:12.535000,11327,183,4,76,False,0,car,4677.565555555556,0.6722653259395164,-1391.940516770264,-13112.819554610707,3757.474851469612,car,0 days 01:27:57.842000
2024-07-28 13:36:35.980,0 days 01:27:58.002000,0 days 00:01:12.695000,11864,188,4,86,False,0,car,4685.921111111111,0.6734661963949372,-1426.4248636517627,-13160.071689524004,3756.439636336604,car,0 days 01:27:58.002000
2024-07-28 13:36:36.139,0 days 01:27:58.161000,0 days 00:01:12.854000,10884,191,4,95,False,0,car,4694.356944444445,0.674678604468763,-1471.8953057725862,-13225.948301890787,3754.7649324705,car,0 days 01:27:58.161000
2024-07-28 13:36:36.379,0 days 01:27:58.401000,0 days 00:01:13.094000,10818,201,5,98,False,0,car,4707.756944444444,0.6766044685236003,-1542.7539539951736,-13339.390880519153,3752.477821284446,car,0 days 01:27:58.401000
2024-07-28 13:36:36.579,0 days 01:27:58.601000,0 days 00:01:13.294000,10992,208,5,98,False,0,car,4719.3125,0.6782652468130123,-1597.798506377493,-13438.569212050423,3751.224001845195,car,0 days 01:27:58.601000
2024-07-28 13:36:36.819,0 days 01:27:58.841000,0 days 00:01:13.534000,11468,214,5,98,False,0,car,4733.579166666667,0.6803156692395556,-1668.7358096034332,-13575.460172514866,3748.454971709284,car,0 days 01:27:58.841000
2024-07-28 13:36:37.019,0 days 01:27:59.041000,0 days 00:01:13.734000,11874,216,5,98,False,0,car,4745.579166666666,0.6820403236170217,-1718.5827256969694,-13678.14822219739,3745.1272958020854,car,0 days 01:27:59.041000
2024-07-28 13:36:37.219,0 days 01:27:59.241000,0 days 00:01:13.934000,12043,225,5,98,False,0,car,4758.079166666666,0.683836838593549,-1766.1964633062655,-13779.738674962311,3742.183990237094,car,0 days 01:27:59.241000
2024-07-28 13:36:37.580,0 days 01:27:59.602000,0 days 00:01:14.295000,12222,234,5,98,False,0,car,4781.544166666667,0.6872092565074861,-1886.3947132495741,-14033.298949692027,3736.0763785776962,car,0 days 01:27:59.602000
2024-07-28 13:36:37.780,0 days 01:27:59.802000,0 days 00:01:14.495000,12304,237,5,12,False,0,car,4794.7108333333335,0.689101585616095,-1936.0506226597106,-14134.993072704854,3732.7869073625166,car,0 days 01:27:59.802000
2024-07-28 13:36:38.020,0 days 01:28:00.042000,0 days 00:01:14.735000,11503,230,5,0,True,0,car,4810.044166666667,0.6913053106539685,-2042.221420536197,-14326.562017404029,3728.7889251730894,car,0 days 01:28:00.042000
2024-07-28 13:36:38.340,0 days 01:28:00.362000,0 days 00:01:15.055000,10922,206,5,0,True,0,car,4828.355277777778,0.6939370054818058,-2114.0563746921844,-14448.867447210676,3724.1297767659494,car,0 days 01:28:00.362000
2024-07-28 13:36:38.660,0 days 01:28:00.682000,0 days 00:01:15.375000,11462,186,4,0,True,0,car,4844.888611111111,0.6963131959574259,-2206.236862967071,-14595.290301801326,3719.295740072688,car,0 days 01:28:00.682000
2024-07-28 13:36:39.500,0 days 01:28:01.522000,0 days 00:01:16.215000,9552,160,4,0,False,0,car,4882.221944444444,0.7016787873539875,-2480.555863213513,-14838.162272312187,3704.5758614739607,car,0 days 01:28:01.522000
2024-07-28 13:36:39.740,0 days 01:28:01.762000,0 days 00:01:16.455000,9261,158,4,0,False,0,car,4892.755277777776,0.7031926506408744,-2644.1606912060483,-14878.11399394652,3698.9473458874268,car,0 days 01:28:01.762000
2024-07-28 13:36:40.060,0 days 01:28:02.082000,0 days 00:01:16.775000,9767,152,4,25,False,0,car,4906.266388888888,0.7051344837177255,-2743.8556637992824,-14882.331187372407,3695.1208912341876,car,0 days 01:28:02.082000
2024-07-28 13:36:40.220,0 days 01:28:02.242000,0 days 00:01:16.935000,9709,154,4,25,False,0,car,4913.110833333332,0.7061181754737617,-2796.1659787549456,-14874.345838718415,3692.8281697174734,car,0 days 01:28:02.242000
2024-07-28 13:36:40.380,0 days 01:28:02.402000,0 days 00:01:17.095000,9709,157,4,61,False,0,car,4920.0886111111095,0.7071210300562142,-2870.0003061230154,-14864.128983479177,3689.807041874077,car,0 days 01:28:02.402000
2024-07-28 13:36:40.580,0 days 01:28:02.602000,0 days 00:01:17.295000,10182,159,4,81,False,0,car,4928.9219444444425,0.7083905673062935,-2958.110735926686,-14843.206522652945,3686.7235854941696,car,0 days 01:28:02.602000
2024-07-28 13:36:41.100,0 days 01:28:03.122000,0 days 00:01:17.815000,11206,179,4,98,False,0,car,4954.777499999997,0.7121065587288526,-3237.3152640932317,-14715.698567030619,3677.8418579353133,car,0 days 01:28:03.122000
2024-07-28 13:36:41.500,0 days 01:28:03.522000,0 days 00:01:18.215000,10332,194,4,98,False,0,car,4976.333055555553,0.7152045489994864,-3362.8583379413967,-14639.844063454046,3673.1978019914086,car,0 days 01:28:03.522000
2024-07-28 13:36:41.900,0 days 01:28:03.922000,0 days 00:01:18.615000,11076,207,5,98,False,0,car,4999.333055555552,0.7185101365562966,-3558.6229046066387,-14510.737743795315,3667.408820249398,car,0 days 01:28:03.922000
2024-07-28 13:36:42.340,0 days 01:28:04.362000,0 days 00:01:19.055000,11449,219,5,98,False,0,car,5026.0997222222195,0.7223570739593672,-3763.2235918924366,-14358.441921888438,3661.5207726606895,car,0 days 01:28:04.362000
2024-07-28 13:36:42.540,0 days 01:28:04.562000,0 days 00:01:19.255000,11169,225,5,98,False,0,car,5038.599722222219,0.7241535889358944,-3892.098610395415,-14248.010695164392,3658.5952502705345,car,0 days 01:28:04.562000
2024-07-28 13:36:42.819,0 days 01:28:04.841000,0 days 00:01:19.534000,10829,233,6,98,False,0,car,5056.657222222219,0.7267488344709859,-3979.165583435138,-14159.983737651426,3656.1772874482394,car,0 days 01:28:04.841000
2024-07-28 13:36:43.099,0 days 01:28:05.121000,0 days 00:01:19.814000,10995,239,6,98,False,0,car,5075.246111111107,0.7294204518538571,-4151.9751259465875,-13935.599157364439,3654.9792659144805,car,0 days 01:28:05.121000
2024-07-28 13:36:43.339,0 days 01:28:05.361000,0 days 00:01:20.054000,11248,242,6,99,False,0,car,5091.379444444441,0.7317391538502285,-4234.400090187343,-13798.222505493739,3655.12320470124,car,0 days 01:28:05.361000
2024-07-28 13:36:43.779,0 days 01:28:05.801000,0 days 00:01:20.494000,11459,249,6,99,False,0,car,5121.8127777777745,0.7361130689797469,-4312.9583077157395,-13541.876738746256,3658.124463122641,car,0 days 01:28:05.801000
2024-07-28 13:36:44.180,0 days 01:28:06.202000,0 days 00:01:20.895000,11714,254,6,99,False,0,car,5150.105555555552,0.740179340900174,-4338.824271304438,-13311.378556824597,3662.0145187725598,car,0 days 01:28:06.202000
2024-07-28 13:36:44.380,0 days 01:28:06.402000,0 days 00:01:21.095000,10454,256,6,99,False,0,car,5164.327777777775,0.7422233757179117,-4331.34341524702,-13185.518178036862,3665.5151679671217,car,0 days 01:28:06.402000
2024-07-28 13:36:44.620,0 days 01:28:06.642000,0 days 00:01:21.335000,10440,258,6,99,False,0,car,5181.527777777775,0.7446953803256133,-4313.32440059317,-13019.720198742209,3670.2951856771983,car,0 days 01:28:06.642000
2024-07-28 13:36:44.780,0 days 01:28:06.802000,0 days 00:01:21.495000,10479,260,7,99,False,0,car,5193.083333333331,0.7463561586150255,-4289.9756791398595,-12900.378586284947,3673.71573371986,car,0 days 01:28:06.802000
2024-07-28 13:36:45.220,0 days 01:28:07.242000,0 days 00:01:21.935000,10692,265,7,99,False,0,car,5225.47222222222,0.7510111285319829,-4194.041131256469,-12554.953814968141,3685.9308171040975,car,0 days 01:28:07.242000
2024-07-28 13:36:45.460,0 days 01:28:07.482000,0 days 00:01:22.175000,10762,268,7,99,False,0,car,5243.338888888886,0.7535789472717659,-4141.34899358378,-12422.30950559336,3689.812630528139,car,0 days 01:28:07.482000
2024-07-28 13:36:45.860,0 days 01:28:07.882000,0 days 00:01:22.575000,11018,272,7,98,False,0,car,5273.561111111108,0.7579225212594587,-4015.3766128140333,-12149.005330544194,3699.7279255156977,car,0 days 01:28:07.882000
2024-07-28 13:36:46.060,0 days 01:28:08.082000,0 days 00:01:22.775000,11047,273,7,99,False,0,car,5288.727777777775,0.760102292764312,-3902.780776319101,-11952.254950424329,3706.195029661047,car,0 days 01:28:08.082000
2024-07-28 13:36:46.220,0 days 01:28:08.242000,0 days 00:01:22.935000,11144,277,7,99,False,0,car,5301.0388888888865,0.7618716604034161,-3844.5817392400527,-11856.673494510185,3709.8300676156996,car,0 days 01:28:08.242000
2024-07-28 13:36:46.580,0 days 01:28:08.602000,0 days 00:01:23.295000,11297,281,7,99,False,0,car,5329.138888888887,0.7659102260706496,-3721.181095803148,-11677.580391799425,3716.812732492255,car,0 days 01:28:08.602000
2024-07-28 13:36:46.860,0 days 01:28:08.882000,0 days 00:01:23.575000,11361,283,7,98,False,0,car,5351.149999999998,0.7690736893315391,-3589.8635022181134,-11500.901214563673,3723.762748896709,car,0 days 01:28:08.882000
2024-07-28 13:36:47.140,0 days 01:28:09.162000,0 days 00:01:23.855000,11470,286,7,99,False,0,car,5373.394444444442,0.7722706875386571,-3436.910658823169,-11310.365525185347,3731.055977402472,car,0 days 01:28:09.162000
2024-07-28 13:36:47.460,0 days 01:28:09.482000,0 days 00:01:24.175000,11545,289,7,99,False,0,car,5399.08333333333,0.7759627254281958,-3264.17909181133,-11112.50264961484,3739.7958666207646,car,0 days 01:28:09.482000
2024-07-28 13:36:47.700,0 days 01:28:09.722000,0 days 00:01:24.415000,11583,291,7,99,False,0,car,5418.483333333331,0.7787509166717663,-3132.123333499421,-10969.88760623084,3746.08843370684,car,0 days 01:28:09.722000
2024-07-28 13:36:48.100,0 days 01:28:10.122000,0 days 00:01:24.815000,11260,294,7,99,False,0,car,5451.149999999997,0.7834458091437576,-2902.72388753014,-10739.557862205445,3756.3547293075603,car,0 days 01:28:10.122000
2024-07-28 13:36:48.340,0 days 01:28:10.362000,0 days 00:01:25.055000,10502,296,8,98,False,0,car,5470.883333333331,0.786281907453369,-2759.607447178115,-10605.308301850702,3762.225522908223,car,0 days 01:28:10.362000
2024-07-28 13:36:48.540,0 days 01:28:10.562000,0 days 00:01:25.255000,10487,297,8,98,False,0,car,5487.3833333333305,0.7886533072223849,-2639.866061225386,-10499.527359554972,3765.571710853391,car,0 days 01:28:10.562000
2024-07-28 13:36:48.820,0 days 01:28:10.842000,0 days 00:01:25.535000,10580,298,8,99,False,0,car,5510.561111111108,0.7919844452144169,-2426.843204202248,-10327.38898053909,3773.4032105993465,car,0 days 01:28:10.842000
2024-07-28 13:36:49.100,0 days 01:28:11.122000,0 days 00:01:25.815000,10604,300,8,99,False,0,car,5533.894444444441,0.795337939837268,-2197.3838092064802,-10155.74520559046,3781.6826425540385,car,0 days 01:28:11.122000
2024-07-28 13:36:49.300,0 days 01:28:11.322000,0 days 00:01:26.015000,10655,302,8,99,False,0,car,5550.67222222222,0.797749262161318,-2124.6961542724175,-10109.256705893056,3783.110489846098,car,0 days 01:28:11.322000
2024-07-28 13:36:49.579,0 days 01:28:11.601000,0 days 00:01:26.294000,10666,303,8,99,False,0,car,5574.15472222222,0.8011241951962222,-1935.834362825531,-9987.935615595725,3787.882630269724,car,0 days 01:28:11.601000
2024-07-28 13:36:49.779,0 days 01:28:11.801000,0 days 00:01:26.494000,10719,303,8,99,False,0,car,5590.988055555554,0.8035435020312792,-1792.0585761945574,-9904.053923862466,3791.667548367982,car,0 days 01:28:11.801000
2024-07-28 13:36:50.019,0 days 01:28:12.041000,0 days 00:01:26.734000,10743,304,8,99,False,0,car,5611.25472222222,0.8064562516465554,-1616.5806886200094,-9803.816458740577,3796.0597589928625,car,0 days 01:28:12.041000
2024-07-28 13:36:50.299,0 days 01:28:12.321000,0 days 00:01:27.014000,10781,305,8,99,False,0,car,5634.976944444443,0.809865637846454,-1410.9265327584571,-9685.584088427715,3800.431286229797,car,0 days 01:28:12.321000
2024-07-28 13:36:50.539,0 days 01:28:12.561000,0 days 00:01:27.254000,10827,306,8,98,False,0,car,5655.376944444443,0.8127975502881467,-1215.6835080728308,-9571.179102038977,3807.139712820969,car,0 days 01:28:12.561000
2024-07-28 13:36:50.740,0 days 01:28:12.762000,0 days 00:01:27.455000,10841,307,8,98,False,0,car,5672.517777777776,0.8152610513916261,-1013.9952992798267,-9454.046919514063,3810.8684458854214,car,0 days 01:28:12.762000
2024-07-28 13:36:51.100,0 days 01:28:13.122000,0 days 00:01:27.815000,10851,308,8,98,False,0,car,5703.317777777776,0.8196876642937895,-822.0458211859884,-9344.024349594874,3815.1727063181697,car,0 days 01:28:13.122000
2024-07-28 13:36:51.260,0 days 01:28:13.282000,0 days 00:01:27.975000,10891,308,8,98,False,0,car,5717.006666666665,0.8216550478058621,-702.9938099979419,-9275.669637038292,3818.12157952653,car,0 days 01:28:13.282000
2024-07-28 13:36:51.460,0 days 01:28:13.482000,0 days 00:01:28.175000,10914,309,8,98,False,0,car,5734.173333333332,0.8241222617069597,-558.9824264657148,-9189.367571276069,3821.38397973462,car,0 days 01:28:13.482000
2024-07-28 13:36:51.660,0 days 01:28:13.682000,0 days 00:01:28.375000,10930,309,8,98,False,0,car,5751.339999999999,0.8265894756080572,-393.9909915081862,-9081.519165106642,3825.552529445969,car,0 days 01:28:13.682000
2024-07-28 13:36:51.900,0 days 01:28:13.922000,0 days 00:01:28.615000,10961,310,8,99,False,0,car,5772.006666666665,0.8295597137025823,-203.05138133503038,-8946.512284326704,3830.4619608993507,car,0 days 01:28:13.922000
2024-07-28 13:36:52.180,0 days 01:28:14.202000,0 days 00:01:28.895000,10991,311,8,98,False,0,car,5796.195555555554,0.8330361697949379,-56.300716707371144,-8823.743115885289,3833.831021617928,car,0 days 01:28:14.202000
2024-07-28 13:36:52.380,0 days 01:28:14.402000,0 days 00:01:29.095000,10991,311,8,98,False,0,car,5813.473333333332,0.8355193527180491,69.86203085248037,-8707.46757801765,3838.22495041971,car,0 days 01:28:14.402000
2024-07-28 13:36:52.580,0 days 01:28:14.602000,0 days 00:01:29.295000,11035,312,8,98,False,0,car,5830.806666666666,0.838010520152167,193.619593014016,-8582.212703357323,3842.054806929832,car,0 days 01:28:14.602000
2024-07-28 13:36:52.740,0 days 01:28:14.762000,0 days 00:01:29.455000,10998,311,8,98,False,0,car,5844.6288888888885,0.839997066490656,301.651563779132,-8458.941319686759,3845.8789108935052,car,0 days 01:28:14.762000
2024-07-28 13:36:52.980,0 days 01:28:15.002000,0 days 00:01:29.695000,11009,312,8,98,False,0,car,5865.428888888888,0.8429864674115973,436.0500815007118,-8286.46903010854,3851.5323277112966,car,0 days 01:28:15.002000
2024-07-28 13:36:53.260,0 days 01:28:15.282000,0 days 00:01:29.975000,11028,312,8,99,False,0,car,5889.695555555554,0.8464741018193623,555.8049927254038,-8101.09740386605,3856.918708866506,car,0 days 01:28:15.282000
2024-07-28 13:36:53.420,0 days 01:28:15.442000,0 days 00:01:30.135000,11044,313,8,99,False,0,car,5903.606666666667,0.8484734233754623,629.648320197026,-7970.568014334138,3860.305139589701,car,0 days 01:28:15.442000
2024-07-28 13:36:53.820,0 days 01:28:15.842000,0 days 00:01:30.535000,11063,313,8,98,False,0,car,5938.384444444444,0.8534717272657116,812.6418909254203,-7608.517205295335,3872.1523095080156,car,0 days 01:28:15.842000
2024-07-28 13:36:54.060,0 days 01:28:16.082000,0 days 00:01:30.775000,11092,314,8,99,False,0,car,5959.317777777778,0.8564802910130696,874.0530674321426,-7469.603557070026,3876.787200302531,car,0 days 01:28:16.082000
2024-07-28 13:36:54.420,0 days 01:28:16.442000,0 days 00:01:31.135000,11091,315,8,99,False,0,car,5990.817777777778,0.8610075087539184,999.8948488959368,-7178.00456629744,3885.333320949068,car,0 days 01:28:16.442000
2024-07-28 13:36:54.620,0 days 01:28:16.642000,0 days 00:01:31.335000,11094,315,8,99,False,0,car,6008.317777777777,0.8635226297210565,1094.6750180609333,-6942.240458618355,3892.1294327937603,car,0 days 01:28:16.642000
2024-07-28 13:36:54.900,0 days 01:28:16.922000,0 days 00:01:31.615000,11149,315,8,99,False,0,car,6032.817777777777,0.8670437990750501,1167.005312577751,-6762.274279273694,3898.5933107395645,car,0 days 01:28:16.922000
2024-07-28 13:36:55.300,0 days 01:28:17.322000,0 days 00:01:32.015000,11152,315,8,98,False,0,car,6067.817777777778,0.8720740410093267,1275.2499467045127,-6407.947575371461,3906.2047467671023,car,0 days 01:28:17.322000
2024-07-28 13:36:55.540,0 days 01:28:17.562000,0 days 00:01:32.255000,11117,315,8,98,False,0,car,6088.817777777778,0.8750921861698927,1316.4132631565526,-6261.690395201903,3909.299912818742,car,0 days 01:28:17.562000
2024-07-28 13:36:55.780,0 days 01:28:17.802000,0 days 00:01:32.495000,11127,314,8,99,False,0,car,6109.751111111113,0.8781007499172506,1337.9266104568746,-5994.886369933555,3915.6087601427676,car,0 days 01:28:17.802000
2024-07-28 13:36:56.100,0 days 01:28:18.122000,0 days 00:01:32.815000,11119,313,8,98,False,0,car,6137.573333333335,0.8820993930294501,1338.3945218463589,-5735.787076295158,3922.344065969758,car,0 days 01:28:18.122000
2024-07-28 13:36:56.339,0 days 01:28:18.361000,0 days 00:01:33.054000,11061,314,8,99,False,0,car,6158.4194444444465,0.8850954210945273,1315.1095079205484,-5572.3446109888555,3926.90947537213,car,0 days 01:28:18.361000
2024-07-28 13:36:56.739,0 days 01:28:18.761000,0 days 00:01:33.454000,11030,311,8,99,False,0,car,6192.975000000001,0.8900617869407494,1213.3354311885053,-5206.637379570412,3935.761589480937,car,0 days 01:28:18.761000
2024-07-28 13:36:57.019,0 days 01:28:19.041000,0 days 00:01:33.734000,11020,311,8,98,False,0,car,6217.16388888889,0.893538243033105,1107.3752034853808,-4918.545387061254,3941.5956135897995,car,0 days 01:28:19.041000
2024-07-28 13:36:57.300,0 days 01:28:19.322000,0 days 00:01:34.015000,11005,312,8,99,False,0,car,6241.517222222224,0.8970383332780406,1046.781466652521,-4771.212446275955,3943.0605607407642,car,0 days 01:28:19.322000
2024-07-28 13:36:57.580,0 days 01:28:19.602000,0 days 00:01:34.295000,11040,312,8,99,False,0,car,6265.78388888889,0.9005259676858057,952.2598828559865,-4545.42362600564,3945.01677379765,car,0 days 01:28:19.602000
2024-07-28 13:36:57.740,0 days 01:28:19.762000,0 days 00:01:34.455000,11035,312,8,99,False,0,car,6279.650555555557,0.9025189016331,897.4322615735201,-4418.565852645331,3946.502873846048,car,0 days 01:28:19.762000
2024-07-28 13:36:58.020,0 days 01:28:20.042000,0 days 00:01:34.735000,10981,312,8,99,False,0,car,6303.917222222223,0.906006536040865,800.3972174204287,-4196.549479806764,3949.5688657731534,car,0 days 01:28:20.042000
2024-07-28 13:36:58.260,0 days 01:28:20.282000,0 days 00:01:34.975000,10977,311,8,99,False,0,car,6324.650555555556,0.9089863555485983,717.7684803541674,-4005.0839978067834,3952.1944054338833,car,0 days 01:28:20.282000
2024-07-28 13:36:58.580,0 days 01:28:20.602000,0 days 00:01:35.295000,10916,310,8,99,False,0,car,6352.2061111111125,0.9129466730079654,608.8600517975789,-3750.105288852045,3958.264744401305,car,0 days 01:28:20.602000
2024-07-28 13:36:58.780,0 days 01:28:20.802000,0 days 00:01:35.495000,10873,310,8,99,False,0,car,6369.428333333335,0.9154218714200697,526.570517403373,-3549.489252392763,3963.032521761575,car,0 days 01:28:20.802000
2024-07-28 13:36:59.060,0 days 01:28:21.082000,0 days 00:01:35.775000,10882,310,8,99,False,0,car,6393.539444444446,0.9188871491970159,449.5706300129525,-3355.0547289517376,3967.297155115884,car,0 days 01:28:21.082000
2024-07-28 13:36:59.460,0 days 01:28:21.482000,0 days 00:01:36.175000,10910,309,8,99,False,0,car,6427.872777777779,0.9238215769992109,344.5103604586477,-3045.7770356556493,3977.1917734705294,car,0 days 01:28:21.482000
2024-07-28 13:36:59.780,0 days 01:28:21.802000,0 days 00:01:36.495000,10859,308,8,99,False,0,car,6455.250555555558,0.9277563440233562,276.9294949212729,-2761.4824833144335,3986.8909069061547,car,0 days 01:28:21.802000
2024-07-28 13:37:00.060,0 days 01:28:22.082000,0 days 00:01:36.775000,10836,307,8,98,False,0,car,6479.128333333336,0.9311880868540737,207.9363787865726,-2437.38849725239,3998.8453317873264,car,0 days 01:28:22.082000
2024-07-28 13:37:00.460,0 days 01:28:22.482000,0 days 00:01:37.175000,10900,303,8,0,False,0,car,6512.795000000002,0.9360267005241872,161.00325126502574,-2192.3362532775523,4008.7951391149363,car,0 days 01:28:22.482000
2024-07-28 13:37:00.860,0 days 01:28:22.882000,0 days 00:01:37.575000,11494,293,8,0,True,0,car,6545.350555555558,0.9407056239741651,106.61351530978817,-1886.0621366678536,4020.3204108521177,car,0 days 01:28:22.882000
2024-07-28 13:37:01.180,0 days 01:28:23.202000,0 days 00:01:37.895000,10528,267,7,0,True,0,car,6569.08388888889,0.944116607076265,57.49197224823993,-1577.6723378371553,4032.3454253980262,car,0 days 01:28:23.202000
2024-07-28 13:37:01.420,0 days 01:28:23.442000,0 days 00:01:38.135000,9436,241,7,0,True,0,car,6585.150555555558,0.9464257276594282,32.43598717885543,-1415.974222792444,4038.6044792087137,car,0 days 01:28:23.442000
2024-07-28 13:37:01.620,0 days 01:28:23.642000,0 days 00:01:38.335000,9753,218,7,0,True,0,car,6597.261666666668,0.9481663510589079,18.469386866876512,-1322.1148488817398,4042.2551774177196,car,0 days 01:28:23.642000
2024-07-28 13:37:01.780,0 days 01:28:23.802000,0 days 00:01:38.495000,10013,198,6,0,True,0,car,6606.061666666668,0.9494310976023832,11.078720876968033,-1267.9769751573938,4044.323447906326,car,0 days 01:28:23.802000
2024-07-28 13:37:02.100,0 days 01:28:24.122000,0 days 00:01:38.815000,11096,168,6,0,True,0,car,6620.995000000002,0.9515773341610079,-4.743178949239001,-1125.0463666998796,4048.6429958748613,car,0 days 01:28:24.122000
2024-07-28 13:37:02.260,0 days 01:28:24.282000,0 days 00:01:38.975000,10786,168,6,0,True,0,car,6628.461666666668,0.9526504524403201,-10.90048768930556,-1054.6697610334259,4050.517714183386,car,0 days 01:28:24.282000
2024-07-28 13:37:02.740,0 days 01:28:24.762000,0 days 00:01:39.455000,10397,124,2,0,True,0,car,6644.995000000002,0.9550266429159403,-7.532031022849394,-875.2025109542694,4055.6294040118873,car,0 days 01:28:24.762000
2024-07-28 13:37:02.939,0 days 01:28:24.961000,0 days 00:01:39.654000,9562,119,2,0,True,0,car,6651.573055555557,0.9559720489416991,1.0649123694644034,-794.2368823390005,4057.732737370087,car,0 days 01:28:24.961000
2024-07-28 13:37:03.299,0 days 01:28:25.321000,0 days 00:01:40.014000,8689,101,2,0,True,0,car,6661.673055555558,0.9574236330427333,33.49947036866584,-685.3301125480045,4060.471118222001,car,0 days 01:28:25.321000
2024-07-28 13:37:03.539,0 days 01:28:25.561000,0 days 00:01:40.254000,8230,98,2,0,True,0,car,6668.2063888888915,0.9583626115371315,52.82449537797953,-646.8378898924299,4063.667306837186,car,0 days 01:28:25.561000
2024-07-28 13:37:03.739,0 days 01:28:25.761000,0 days 00:01:40.454000,7844,92,2,0,True,0,car,6673.317500000002,0.959097186549756,75.39500463834544,-620.4542363486498,4066.323410940079,car,0 days 01:28:25.761000
2024-07-28 13:37:04.100,0 days 01:28:26.122000,0 days 00:01:40.815000,7807,83,2,0,False,0,car,6681.6405555555575,0.9602933860662379,146.21368712206197,-570.0933592673027,4069.640012792015,car,0 days 01:28:26.122000
2024-07-28 13:37:04.340,0 days 01:28:26.362000,0 days 00:01:41.055000,7220,81,2,0,False,0,car,6687.040555555558,0.9610694805360979,199.94813136923906,-556.2948075620226,4070.9336414277245,car,0 days 01:28:26.362000
2024-07-28 13:37:04.500,0 days 01:28:26.522000,0 days 00:01:41.215000,7116,80,2,1,False,0,car,6690.596111111114,0.9615804892405323,236.7131854558921,-552.6295051562804,4072.5565318337503,car,0 days 01:28:26.522000
2024-07-28 13:37:04.820,0 days 01:28:26.842000,0 days 00:01:41.535000,7602,77,2,16,False,0,car,6697.440555555558,0.9625641809965685,307.4981246071512,-550.9378054558201,4074.3103378340843,car,0 days 01:28:26.842000
2024-07-28 13:37:04.980,0 days 01:28:27.002000,0 days 00:01:41.695000,7689,79,2,28,False,0,car,6700.951666666669,0.9630688020921975,346.2761628638551,-547.5905578771652,4075.2119526082756,car,0 days 01:28:27.002000
2024-07-28 13:37:05.460,0 days 01:28:27.482000,0 days 00:01:42.175000,7082,82,2,0,False,0,car,6711.885000000002,0.9646401538583335,452.08532317192584,-522.0132744454573,4078.111888919689,car,0 days 01:28:27.482000
2024-07-28 13:37:05.700,0 days 01:28:27.722000,0 days 00:01:42.415000,6823,78,2,0,False,0,car,6717.085000000002,0.9653875040885688,494.84910126235235,-480.12660852329105,4081.6080117850397,car,0 days 01:28:27.722000
2024-07-28 13:37:06.060,0 days 01:28:28.082000,0 days 00:01:42.775000,6559,74,2,0,False,0,car,6724.4850000000015,0.9664510409546729,537.1574811973665,-423.6457304516903,4084.6565898944787,car,0 days 01:28:28.082000
2024-07-28 13:37:06.380,0 days 01:28:28.402000,0 days 00:01:43.095000,6840,70,2,11,False,0,car,6730.707222222223,0.9673453061874331,549.3236323434867,-368.75449631333896,4087.1505121491887,car,0 days 01:28:28.402000
2024-07-28 13:37:06.540,0 days 01:28:28.562000,0 days 00:01:43.255000,6472,71,2,19,False,0,car,6733.862777777778,0.9677988264126186,551.0176341911631,-336.7479794473046,4089.6020954995324,car,0 days 01:28:28.562000
2024-07-28 13:37:06.740,0 days 01:28:28.762000,0 days 00:01:43.455000,6684,72,2,27,False,0,car,6737.862777777778,0.9683737112051074,549.2336005394848,-296.0462435348423,4091.9023335302345,car,0 days 01:28:28.762000
2024-07-28 13:37:06.980,0 days 01:28:29.002000,0 days 00:01:43.695000,7382,75,2,34,False,0,car,6742.862777777778,0.9690923171957183,537.5160636207639,-232.94815480722943,4094.694283346493,car,0 days 01:28:29.002000
2024-07-28 13:37:07.260,0 days 01:28:29.282000,0 days 00:01:43.975000,7785,79,2,43,False,0,car,6749.0072222222225,0.969975404113069,522.3974660639285,-178.82657160027856,4097.123276135953,car,0 days 01:28:29.282000
2024-07-28 13:37:07.460,0 days 01:28:29.482000,0 days 00:01:44.175000,8205,84,2,46,False,0,car,6753.673888888889,0.9706461030376393,508.6393683475965,-144.2657828937668,4098.291503683033,car,0 days 01:28:29.482000
2024-07-28 13:37:07.620,0 days 01:28:29.642000,0 days 00:01:44.335000,8467,89,2,48,False,0,car,6757.629444444445,0.9712146002213226,492.59767954410535,-106.99837246017212,4099.466661650689,car,0 days 01:28:29.642000
2024-07-28 13:37:07.820,0 days 01:28:29.842000,0 days 00:01:44.535000,8887,95,2,55,False,0,car,6762.907222222223,0.9719731287669675,469.53151350464003,-60.61321656208846,4101.449949635703,car,0 days 01:28:29.842000
2024-07-28 13:37:08.100,0 days 01:28:30.122000,0 days 00:01:44.815000,9691,105,2,63,False,0,car,6771.07388888889,0.9731468518849654,430.4719094766452,7.210040190688922,4103.364864070401,car,0 days 01:28:30.122000
2024-07-28 13:37:08.260,0 days 01:28:30.282000,0 days 00:01:44.975000,10170,110,2,68,False,0,car,6775.962777777779,0.9738494888535627,404.6781179454711,47.18636862447023,4104.690654258075,car,0 days 01:28:30.282000
2024-07-28 13:37:08.580,0 days 01:28:30.602000,0 days 00:01:45.295000,11570,126,2,75,False,0,car,6787.1627777777785,0.9754591662725312,328.5264179205464,165.0298683146531,4108.837996899985,car,0 days 01:28:30.602000
2024-07-28 13:37:08.900,0 days 01:28:30.922000,0 days 00:01:45.615000,10280,134,3,82,False,0,car,6799.073888888889,0.9771710454323865,263.429783845591,259.7293662887884,4111.701709669995,car,0 days 01:28:30.922000
2024-07-28 13:37:09.180,0 days 01:28:31.202000,0 days 00:01:45.895000,10945,151,3,91,False,0,car,6810.818333333334,0.9788589710592215,191.2905939372844,363.88599476847986,4115.238677422435,car,0 days 01:28:31.202000
2024-07-28 13:37:09.420,0 days 01:28:31.442000,0 days 00:01:46.135000,10034,160,3,98,False,0,car,6821.485000000001,0.9803919971725249,134.81295883512286,446.3262318099898,4117.483471850932,car,0 days 01:28:31.442000
2024-07-28 13:37:09.659,0 days 01:28:31.681000,0 days 00:01:46.374000,10717,169,4,98,False,0,car,6832.704722222223,0.9820045090929008,91.29986318619089,511.36398850542383,4118.437368336338,car,0 days 01:28:31.681000
2024-07-28 13:37:10.019,0 days 01:28:32.041000,0 days 00:01:46.734000,11393,181,4,98,False,0,car,6850.804722222223,0.9846058627789124,-2.1054571569029967,653.1187328763962,4122.867889327032,car,0 days 01:28:32.041000
2024-07-28 13:37:10.420,0 days 01:28:32.442000,0 days 00:01:47.135000,10560,200,4,98,False,0,car,6873.082500000001,0.9878076516926345,-167.04283415058848,902.2471269330472,4128.31028378608,car,0 days 01:28:32.442000
2024-07-28 13:37:10.860,0 days 01:28:32.882000,0 days 00:01:47.575000,11347,212,5,98,False,0,car,6898.993611111112,0.9915316276262005,-276.4947586918727,1068.425049918126,4131.135168245849,car,0 days 01:28:32.882000
2024-07-28 13:37:11.220,0 days 01:28:33.242000,0 days 00:01:47.935000,11481,224,5,98,False,0,car,6921.393611111112,0.9947509824641374,-404.35245666417103,1260.5069228147038,4136.462941843217,car,0 days 01:28:33.242000
2024-07-28 13:37:11.420,0 days 01:28:33.442000,0 days 00:01:48.135000,11184,229,5,98,False,0,car,6934.115833333334,0.996579435484692,-473.54658329353003,1364.7485457908515,4139.271272830612,car,0 days 01:28:33.442000
