Date_x,SessionTime_x,Time,RPM_x,Speed_x,nGear_x,Throttle_x,Brake_x,DRS_x,Source_x,Distance,RelativeDistance,X,Y,Z,Source_y,SessionTime_y
2024-04-07 06:38:05.263,0 days 02:37:03.629000,0 days 00:00:00.122000,11052,276,7,99,False,12,car,9.572777777777778,0.0016503546763624892,1766,-919,740,car,0 days 02:37:03.629000
2024-04-07 06:38:05.463,0 days 02:37:03.829000,0 days 00:00:00.322000,11146,279,7,99,False,12,car,25.07277777777778,0.004322567285643056,1866,-1037,735,car,0 days 02:37:03.829000
2024-04-07 06:38:05.663,0 days 02:37:04.029000,0 days 00:00:00.522000,11306,282,7,99,False,12,car,40.739444444444445,0.007023513363840618,1965,-1154,731,car,0 days 02:37:04.029000
2024-04-07 06:38:05.903,0 days 02:37:04.269000,0 days 00:00:00.762000,11333,285,7,99,False,12,car,59.739444444444445,0.010299128820378086,2111,-1326,725,car,0 days 02:37:04.269000
2024-04-07 06:38:06.103,0 days 02:37:04.469000,0 days 00:00:00.962000,11487,286,7,99,False,12,car,75.62833333333333,0.013038386190464974,2216,-1449,720,car,0 days 02:37:04.469000
2024-04-07 06:38:06.383,0 days 02:37:04.749000,0 days 00:00:01.242000,11578,289,7,99,False,12,car,98.1061111111111,0.016913573365070413,2340,-1592,715,car,0 days 02:37:04.749000
2024-04-07 06:38:06.623,0 days 02:37:04.989000,0 days 00:00:01.482000,11072,293,7,99,False,12,car,117.63944444444444,0.020281135922142264,2465,-1740,709,car,0 days 02:37:04.989000
2024-04-07 06:38:06.983,0 days 02:37:05.349000,0 days 00:00:01.842000,10559,297,8,99,False,12,car,147.33944444444444,0.025401440083150834,2657,-1961,701,car,0 days 02:37:05.349000
2024-04-07 06:38:07.302,0 days 02:37:05.668000,0 days 00:00:02.161000,10606,301,8,99,False,12,car,174.0113888888889,0.029999705003052463,2876,-2217,691,car,0 days 02:37:05.668000
2024-04-07 06:38:07.622,0 days 02:37:05.988000,0 days 00:00:02.481000,10787,303,8,99,False,12,car,200.9447222222222,0.0346430335800389,3093,-2472,682,car,0 days 02:37:05.988000
2024-04-07 06:38:07.782,0 days 02:37:06.148000,0 days 00:00:02.641000,10792,305,8,99,False,12,car,214.50027777777777,0.036980022385287865,3168,-2560,679,car,0 days 02:37:06.148000
2024-04-07 06:38:07.942,0 days 02:37:06.308000,0 days 00:00:02.801000,10812,306,8,99,False,12,car,228.1002777777778,0.03932467344891469,3259,-2666,675,car,0 days 02:37:06.308000
2024-04-07 06:38:08.182,0 days 02:37:06.548000,0 days 00:00:03.041000,10893,308,8,99,False,12,car,248.6336111111111,0.04286463681948851,3389,-2817,669,car,0 days 02:37:06.548000
2024-04-07 06:38:08.422,0 days 02:37:06.788000,0 days 00:00:03.281000,10894,309,8,99,False,12,car,269.2336111111111,0.04641609357762913,3450,-2888,668,car,0 days 02:37:06.788000
2024-04-07 06:38:08.622,0 days 02:37:06.988000,0 days 00:00:03.481000,10918,310,8,99,False,12,car,286.4558333333333,0.049385218699051985,3587,-3049,661,car,0 days 02:37:06.988000
2024-04-07 06:38:08.942,0 days 02:37:07.308000,0 days 00:00:03.801000,11040,313,8,99,False,12,car,314.27805555555557,0.05418179244359574,3808,-3310,651,car,0 days 02:37:07.308000
2024-04-07 06:38:09.302,0 days 02:37:07.668000,0 days 00:00:04.161000,11095,314,8,99,False,12,car,345.6780555555555,0.05959517798755765,3938,-3461,646,car,0 days 02:37:07.668000
2024-04-07 06:38:09.702,0 days 02:37:08.068000,0 days 00:00:04.561000,11159,317,8,99,False,12,car,380.9002777777778,0.06566751775201601,4149,-3712,637,car,0 days 02:37:08.068000
2024-04-07 06:38:09.902,0 days 02:37:08.268000,0 days 00:00:04.761000,11168,317,8,99,False,12,car,398.5113888888889,0.06870368763424518,4278,-3862,632,car,0 days 02:37:08.268000
2024-04-07 06:38:10.302,0 days 02:37:08.668000,0 days 00:00:05.161000,11253,319,8,99,False,12,car,433.9558333333333,0.07481433869059285,4511,-4137,622,car,0 days 02:37:08.668000
2024-04-07 06:38:10.462,0 days 02:37:08.828000,0 days 00:00:05.321000,11269,320,8,99,False,12,car,448.17805555555555,0.0772662613715098,4569,-4205,620,car,0 days 02:37:08.828000
2024-04-07 06:38:10.863,0 days 02:37:09.229000,0 days 00:00:05.722000,11345,322,8,99,False,12,car,484.0452777777778,0.08344979966067692,4848,-4534,607,car,0 days 02:37:09.229000
2024-04-07 06:38:11.063,0 days 02:37:09.429000,0 days 00:00:05.922000,11270,321,8,99,False,12,car,501.87861111111107,0.08652428083479541,4968,-4675,602,car,0 days 02:37:09.429000
2024-04-07 06:38:11.343,0 days 02:37:09.709000,0 days 00:00:06.202000,11292,321,8,99,False,12,car,526.8452777777777,0.09082855447856131,5098,-4828,596,car,0 days 02:37:09.709000
2024-04-07 06:38:11.503,0 days 02:37:09.869000,0 days 00:00:06.362000,11353,321,8,99,False,12,car,541.1119444444444,0.0932881394178561,5198,-4945,592,car,0 days 02:37:09.869000
2024-04-07 06:38:11.743,0 days 02:37:10.109000,0 days 00:00:06.602000,11253,320,8,99,False,12,car,562.4452777777777,0.09696602343923151,5388,-5167,585,car,0 days 02:37:10.109000
2024-04-07 06:38:12.143,0 days 02:37:10.509000,0 days 00:00:07.002000,11098,319,8,4,False,8,car,597.8897222222222,0.1030766744955792,5586,-5405,577,car,0 days 02:37:10.509000
2024-04-07 06:38:12.423,0 days 02:37:10.789000,0 days 00:00:07.282000,10756,310,8,0,False,8,car,622.0008333333333,0.10723344966557118,5805,-5674,566,car,0 days 02:37:10.789000
2024-04-07 06:38:12.743,0 days 02:37:11.109000,0 days 00:00:07.602000,10425,298,8,0,True,8,car,648.4897222222222,0.11180015565877899,5897,-5800,562,car,0 days 02:37:11.109000
2024-04-07 06:38:12.943,0 days 02:37:11.309000,0 days 00:00:07.802000,9944,287,8,0,True,8,car,664.4341666666666,0.11454899085183819,5967,-5921,559,car,0 days 02:37:11.309000
2024-04-07 06:38:13.223,0 days 02:37:11.589000,0 days 00:00:08.082000,10448,266,8,0,True,8,car,685.1230555555555,0.11811577212673456,6046,-6218,548,car,0 days 02:37:11.589000
2024-04-07 06:38:13.423,0 days 02:37:11.789000,0 days 00:00:08.282000,10682,252,7,0,True,8,car,699.1230555555555,0.12052938351576216,6053,-6296,547,car,0 days 02:37:11.789000
2024-04-07 06:38:13.663,0 days 02:37:12.029000,0 days 00:00:08.522000,10798,232,6,0,True,8,car,714.5897222222222,0.12319584943125934,6033,-6462,544,car,0 days 02:37:12.029000
2024-04-07 06:38:13.942,0 days 02:37:12.308000,0 days 00:00:08.801000,11134,219,5,0,True,0,car,731.5622222222222,0.12612192223842156,6000,-6659,542,car,0 days 02:37:12.308000
2024-04-07 06:38:14.222,0 days 02:37:12.588000,0 days 00:00:09.081000,11890,200,5,0,True,0,car,747.1177777777777,0.12880371267067445,5968,-6763,541,car,0 days 02:37:12.588000
2024-04-07 06:38:14.422,0 days 02:37:12.788000,0 days 00:00:09.281000,11263,190,4,0,True,0,car,757.6733333333334,0.1306234990354175,5939,-6859,542,car,0 days 02:37:12.788000
2024-04-07 06:38:14.742,0 days 02:37:13.108000,0 days 00:00:09.601000,10543,178,4,0,True,0,car,773.4955555555556,0.1333512630179376,5891,-6979,542,car,0 days 02:37:13.108000
2024-04-07 06:38:14.902,0 days 02:37:13.268000,0 days 00:00:09.761000,10157,172,4,0,True,0,car,781.14,0.13466917145893043,5857,-7042,542,car,0 days 02:37:13.268000
2024-04-07 06:38:15.142,0 days 02:37:13.508000,0 days 00:00:10.001000,9810,166,4,0,True,0,car,792.2066666666667,0.13657707379501893,5759,-7149,544,car,0 days 02:37:13.508000
2024-04-07 06:38:15.382,0 days 02:37:13.748000,0 days 00:00:10.241000,9434,158,4,0,False,0,car,802.74,0.13839302903057304,5674,-7218,545,car,0 days 02:37:13.748000
2024-04-07 06:38:15.582,0 days 02:37:13.948000,0 days 00:00:10.441000,9129,155,4,0,False,0,car,811.3511111111112,0.1398775915912845,5626,-7240,547,car,0 days 02:37:13.948000
2024-04-07 06:38:15.902,0 days 02:37:14.268000,0 days 00:00:10.761000,8877,148,4,0,False,0,car,824.5066666666667,0.14214562007113263,5497,-7286,548,car,0 days 02:37:14.268000
2024-04-07 06:38:16.142,0 days 02:37:14.508000,0 days 00:00:11.001000,8565,146,4,5,False,0,car,834.24,0.14382365465588515,5402,-7302,550,car,0 days 02:37:14.508000
2024-04-07 06:38:16.382,0 days 02:37:14.748000,0 days 00:00:11.241000,8788,140,4,30,False,0,car,843.5733333333334,0.1454327289152369,5302,-7305,552,car,0 days 02:37:14.748000
2024-04-07 06:38:16.582,0 days 02:37:14.948000,0 days 00:00:11.441000,8807,141,4,49,False,0,car,851.4066666666668,0.1467832019543357,5226,-7299,555,car,0 days 02:37:14.948000
2024-04-07 06:38:16.902,0 days 02:37:15.268000,0 days 00:00:11.761000,9089,145,4,60,False,0,car,864.2955555555556,0.14900525688391664,5104,-7271,559,car,0 days 02:37:15.268000
2024-04-07 06:38:17.222,0 days 02:37:15.588000,0 days 00:00:12.081000,9354,148,4,75,False,0,car,877.4511111111111,0.1512732853637648,4983,-7217,564,car,0 days 02:37:15.588000
2024-04-07 06:38:17.583,0 days 02:37:15.949000,0 days 00:00:12.442000,10080,161,4,83,False,0,car,893.5958333333334,0.1540566486086393,4863,-7125,568,car,0 days 02:37:15.949000
2024-04-07 06:38:17.863,0 days 02:37:16.229000,0 days 00:00:12.722000,10542,170,4,92,False,0,car,906.8180555555556,0.15633617047605425,4777,-7028,570,car,0 days 02:37:16.229000
2024-04-07 06:38:18.183,0 days 02:37:16.549000,0 days 00:00:13.042000,11396,180,4,99,False,0,car,922.8180555555556,0.1590945834920858,4689,-6899,572,car,0 days 02:37:16.549000
2024-04-07 06:38:18.423,0 days 02:37:16.789000,0 days 00:00:13.282000,10436,188,4,99,False,0,car,935.3513888888889,0.16125534035464387,4623,-6796,574,car,0 days 02:37:16.789000
2024-04-07 06:38:18.583,0 days 02:37:16.949000,0 days 00:00:13.442000,10609,194,5,99,False,0,car,943.9736111111112,0.16274181847994976,4578,-6722,575,car,0 days 02:37:16.949000
2024-04-07 06:38:19.023,0 days 02:37:17.389000,0 days 00:00:13.882000,11072,207,5,99,False,0,car,969.2736111111111,0.16710355906154964,4429,-6459,580,car,0 days 02:37:17.389000
2024-04-07 06:38:19.423,0 days 02:37:17.789000,0 days 00:00:14.282000,11472,218,5,99,False,0,car,993.4958333333334,0.1712794898774863,4346,-6312,583,car,0 days 02:37:17.789000
2024-04-07 06:38:19.823,0 days 02:37:18.189000,0 days 00:00:14.682000,11991,228,5,99,False,0,car,1018.8291666666668,0.17564697715286962,4213,-6092,587,car,0 days 02:37:18.189000
2024-04-07 06:38:20.023,0 days 02:37:18.389000,0 days 00:00:14.882000,12250,231,5,99,False,0,car,1031.6625000000001,0.17785945425947824,4145,-5995,590,car,0 days 02:37:18.389000
2024-04-07 06:38:20.223,0 days 02:37:18.589000,0 days 00:00:15.082000,12250,235,5,99,False,0,car,1044.7180555555558,0.18011024265797623,4030,-5851,592,car,0 days 02:37:18.589000
2024-04-07 06:38:20.423,0 days 02:37:18.789000,0 days 00:00:15.282000,12250,238,5,99,False,0,car,1057.940277777778,0.18238976452539118,3944,-5750,594,car,0 days 02:37:18.789000
2024-04-07 06:38:20.742,0 days 02:37:19.108000,0 days 00:00:15.601000,11910,237,5,25,False,0,car,1078.9411111111112,0.18601032527627717,3824,-5643,596,car,0 days 02:37:19.108000
2024-04-07 06:38:21.022,0 days 02:37:19.388000,0 days 00:00:15.881000,11946,230,5,12,False,0,car,1096.8300000000002,0.18909438427336803,3635,-5527,600,car,0 days 02:37:19.388000
2024-04-07 06:38:21.382,0 days 02:37:19.748000,0 days 00:00:16.241000,11564,219,5,29,False,0,car,1118.73,0.19286996208906118,3448,-5462,606,car,0 days 02:37:19.748000
2024-04-07 06:38:21.782,0 days 02:37:20.148000,0 days 00:00:16.641000,11340,217,5,52,False,0,car,1142.841111111111,0.19702673725905318,3217,-5436,613,car,0 days 02:37:20.148000
2024-04-07 06:38:22.062,0 days 02:37:20.428000,0 days 00:00:16.921000,11107,216,5,0,False,0,car,1159.641111111111,0.1999230709258863,3045,-5422,618,car,0 days 02:37:20.428000
2024-04-07 06:38:22.382,0 days 02:37:20.748000,0 days 00:00:17.241000,10854,209,5,0,False,0,car,1178.2188888888888,0.20312589492783403,2867,-5387,627,car,0 days 02:37:20.748000
2024-04-07 06:38:22.742,0 days 02:37:21.108000,0 days 00:00:17.601000,10433,203,5,0,False,0,car,1198.5188888888888,0.20662563144192406,2637,-5271,639,car,0 days 02:37:21.108000
2024-04-07 06:38:23.022,0 days 02:37:21.388000,0 days 00:00:17.881000,10080,195,5,7,False,0,car,1213.6855555555555,0.20924037711337065,2566,-5204,644,car,0 days 02:37:21.388000
2024-04-07 06:38:23.222,0 days 02:37:21.588000,0 days 00:00:18.081000,10082,190,5,32,False,0,car,1224.241111111111,0.21106016347811365,2487,-5120,651,car,0 days 02:37:21.588000
2024-04-07 06:38:23.462,0 days 02:37:21.828000,0 days 00:00:18.321000,10149,190,5,60,False,0,car,1236.9077777777777,0.21324390711580532,2420,-5021,656,car,0 days 02:37:21.828000
2024-04-07 06:38:23.662,0 days 02:37:22.028000,0 days 00:00:18.521000,10280,192,5,68,False,0,car,1247.5744444444442,0.215082849126493,2373,-4907,660,car,0 days 02:37:22.028000
2024-04-07 06:38:23.822,0 days 02:37:22.188000,0 days 00:00:18.681000,10325,193,5,70,False,0,car,1256.152222222222,0.21656166499342103,2331,-4774,666,car,0 days 02:37:22.188000
2024-04-07 06:38:24.143,0 days 02:37:22.509000,0 days 00:00:19.002000,10551,198,5,83,False,0,car,1273.807222222222,0.21960540135579834,2302,-4673,670,car,0 days 02:37:22.509000
2024-04-07 06:38:24.343,0 days 02:37:22.709000,0 days 00:00:19.202000,10705,201,5,90,False,0,car,1284.9738888888887,0.22153054377323705,2270,-4562,676,car,0 days 02:37:22.709000
2024-04-07 06:38:24.623,0 days 02:37:22.989000,0 days 00:00:19.482000,11044,209,5,90,False,0,car,1301.2294444444442,0.2243330147749413,2227,-4405,683,car,0 days 02:37:22.989000
2024-04-07 06:38:24.903,0 days 02:37:23.269000,0 days 00:00:19.762000,10925,210,5,24,False,0,car,1317.5627777777777,0.22714889472880687,2161,-4213,694,car,0 days 02:37:23.269000
2024-04-07 06:38:25.183,0 days 02:37:23.549000,0 days 00:00:20.042000,10529,205,5,0,False,0,car,1333.5072222222223,0.2298977299218661,2061,-4040,703,car,0 days 02:37:23.549000
2024-04-07 06:38:25.343,0 days 02:37:23.709000,0 days 00:00:20.202000,10442,202,5,0,False,0,car,1342.4850000000001,0.23144550611419495,2026,-4003,705,car,0 days 02:37:23.709000
2024-04-07 06:38:25.663,0 days 02:37:24.029000,0 days 00:00:20.522000,10075,193,5,8,False,0,car,1359.6405555555555,0.23440313784805097,1903,-3893,713,car,0 days 02:37:24.029000
2024-04-07 06:38:25.983,0 days 02:37:24.349000,0 days 00:00:20.842000,9967,189,5,37,False,0,car,1376.4405555555554,0.2372994715148841,1761,-3804,720,car,0 days 02:37:24.349000
2024-04-07 06:38:26.183,0 days 02:37:24.549000,0 days 00:00:21.042000,10025,188,5,50,False,0,car,1386.885,0.2391001022336825,1657,-3761,726,car,0 days 02:37:24.549000
2024-04-07 06:38:26.543,0 days 02:37:24.909000,0 days 00:00:21.402000,10291,189,5,67,False,0,car,1405.7849999999999,0.24235847760886972,1466,-3717,735,car,0 days 02:37:24.909000
2024-04-07 06:38:26.903,0 days 02:37:25.269000,0 days 00:00:21.762000,10432,195,5,74,False,0,car,1425.2849999999999,0.24572029347215818,1286,-3704,743,car,0 days 02:37:25.269000
2024-04-07 06:38:27.143,0 days 02:37:25.509000,0 days 00:00:22.002000,10479,197,5,80,False,0,car,1438.418333333333,0.2479844908228174,1134,-3696,748,car,0 days 02:37:25.509000
2024-04-07 06:38:27.542,0 days 02:37:25.908000,0 days 00:00:22.401000,11081,201,5,0,True,0,car,1460.6958333333332,0.2518251499456076,925,-3673,755,car,0 days 02:37:25.908000
2024-04-07 06:38:27.862,0 days 02:37:26.228000,0 days 00:00:22.721000,11201,188,4,0,True,0,car,1477.4069444444444,0.254706159095685,770,-3634,757,car,0 days 02:37:26.228000
2024-04-07 06:38:28.142,0 days 02:37:26.508000,0 days 00:00:23.001000,10989,182,4,0,False,0,car,1491.5625,0.25714658838903515,639,-3578,759,car,0 days 02:37:26.508000
2024-04-07 06:38:28.582,0 days 02:37:26.948000,0 days 00:00:23.441000,10281,173,4,0,False,0,car,1512.7069444444444,0.26079190781230466,458,-3458,759,car,0 days 02:37:26.948000
2024-04-07 06:38:28.742,0 days 02:37:27.108000,0 days 00:00:23.601000,10211,170,4,0,False,0,car,1520.2625,0.26209449173654176,401,-3408,758,car,0 days 02:37:27.108000
2024-04-07 06:38:28.902,0 days 02:37:27.268000,0 days 00:00:23.761000,9921,168,4,0,False,0,car,1527.7291666666667,0.2633817511440232,348,-3356,757,car,0 days 02:37:27.268000
2024-04-07 06:38:29.182,0 days 02:37:27.548000,0 days 00:00:24.041000,9652,160,4,0,False,0,car,1540.1736111111113,0.2655271834898255,264,-3256,755,car,0 days 02:37:27.548000
2024-04-07 06:38:29.422,0 days 02:37:27.788000,0 days 00:00:24.281000,9327,156,4,0,False,0,car,1550.5736111111112,0.267320151950246,194,-3139,753,car,0 days 02:37:27.788000
2024-04-07 06:38:29.742,0 days 02:37:28.108000,0 days 00:00:24.601000,9142,152,4,5,False,0,car,1564.0847222222224,0.26964947849711707,156,-3048,751,car,0 days 02:37:28.108000
2024-04-07 06:38:29.942,0 days 02:37:28.308000,0 days 00:00:24.801000,9260,151,4,29,False,0,car,1572.4736111111113,0.2710957297659392,135,-2971,749,car,0 days 02:37:28.308000
2024-04-07 06:38:30.142,0 days 02:37:28.508000,0 days 00:00:25.001000,9378,151,4,44,False,0,car,1580.8625000000002,0.2725419810347613,127,-2851,746,car,0 days 02:37:28.508000
2024-04-07 06:38:30.382,0 days 02:37:28.748000,0 days 00:00:25.241000,9717,154,4,54,False,0,car,1591.1291666666668,0.2743119627200482,136,-2723,743,car,0 days 02:37:28.748000
2024-04-07 06:38:30.743,0 days 02:37:29.109000,0 days 00:00:25.602000,9968,159,4,68,False,0,car,1607.0733333333335,0.27706075002399255,177,-2602,740,car,0 days 02:37:29.109000
2024-04-07 06:38:31.103,0 days 02:37:29.469000,0 days 00:00:25.962000,10545,169,4,80,False,0,car,1623.9733333333334,0.27997432377217585,228,-2473,739,car,0 days 02:37:29.469000
2024-04-07 06:38:31.343,0 days 02:37:29.709000,0 days 00:00:26.202000,10832,175,4,84,False,0,car,1635.64,0.28198566659636554,275,-2357,739,car,0 days 02:37:29.709000
2024-04-07 06:38:31.583,0 days 02:37:29.949000,0 days 00:00:26.442000,11567,186,4,99,False,0,car,1648.04,0.28412343668379,365,-2131,742,car,0 days 02:37:29.949000
2024-04-07 06:38:32.503,0 days 02:37:30.869000,0 days 00:00:27.362000,10302,195,5,57,False,0,car,1697.8733333333332,0.2927147438899716,473,-1764,761,car,0 days 02:37:30.869000
2024-04-07 06:38:32.663,0 days 02:37:31.029000,0 days 00:00:27.522000,10304,195,5,59,False,0,car,1706.54,0.2942088842736554,459,-1642,771,car,0 days 02:37:31.029000
2024-04-07 06:38:32.983,0 days 02:37:31.349000,0 days 00:00:27.842000,10467,196,5,67,False,0,car,1723.9622222222222,0.2972124895577786,418,-1472,784,car,0 days 02:37:31.349000
2024-04-07 06:38:33.343,0 days 02:37:31.709000,0 days 00:00:28.202000,10686,199,5,71,False,0,car,1743.8622222222223,0.3006432657464679,329,-1323,797,car,0 days 02:37:31.709000
2024-04-07 06:38:33.583,0 days 02:37:31.949000,0 days 00:00:28.442000,10820,202,5,72,False,0,car,1757.3288888888887,0.30296493003496106,241,-1218,806,car,0 days 02:37:31.949000
2024-04-07 06:38:34.022,0 days 02:37:32.388000,0 days 00:00:28.881000,10989,207,5,86,False,0,car,1782.5713888888888,0.3073167575697846,24,-1055,824,car,0 days 02:37:32.388000
2024-04-07 06:38:34.342,0 days 02:37:32.708000,0 days 00:00:29.201000,11324,213,5,96,False,0,car,1801.5047222222222,0.31058087963875525,-124,-987,835,car,0 days 02:37:32.708000
2024-04-07 06:38:34.502,0 days 02:37:32.868000,0 days 00:00:29.361000,11585,218,5,99,False,0,car,1811.193611111111,0.31225125196512993,-212,-947,842,car,0 days 02:37:32.868000
2024-04-07 06:38:34.782,0 days 02:37:33.148000,0 days 00:00:29.641000,11527,225,5,99,False,0,car,1828.6936111111108,0.3152682662014144,-372,-876,853,car,0 days 02:37:33.148000
2024-04-07 06:38:34.982,0 days 02:37:33.348000,0 days 00:00:29.841000,10515,228,6,99,False,0,car,1841.3602777777776,0.31745200983910604,-497,-827,860,car,0 days 02:37:33.348000
2024-04-07 06:38:35.182,0 days 02:37:33.548000,0 days 00:00:30.041000,10739,232,6,99,False,0,car,1854.2491666666665,0.31967406476868704,-610,-791,865,car,0 days 02:37:33.548000
2024-04-07 06:38:35.342,0 days 02:37:33.708000,0 days 00:00:30.201000,10794,235,6,99,False,0,car,1864.6936111111108,0.3214746954874854,-707,-768,869,car,0 days 02:37:33.708000
2024-04-07 06:38:35.582,0 days 02:37:33.948000,0 days 00:00:30.441000,11046,240,6,99,False,0,car,1880.6936111111108,0.32423310850351694,-866,-736,874,car,0 days 02:37:33.948000
2024-04-07 06:38:35.902,0 days 02:37:34.268000,0 days 00:00:30.761000,11260,246,6,99,False,0,car,1902.5602777777776,0.32800293962542676,-1082,-707,878,car,0 days 02:37:34.268000
2024-04-07 06:38:36.222,0 days 02:37:34.588000,0 days 00:00:31.081000,11474,250,6,99,False,0,car,1924.7824999999998,0.33183406881435945,-1302,-698,881,car,0 days 02:37:34.588000
2024-04-07 06:38:36.382,0 days 02:37:34.748000,0 days 00:00:31.241000,11564,253,6,99,False,0,car,1936.0269444444443,0.3337726201839594,-1415,-702,881,car,0 days 02:37:34.748000
2024-04-07 06:38:36.702,0 days 02:37:35.068000,0 days 00:00:31.561000,11306,257,6,99,False,0,car,1958.8713888888888,0.33771102099018224,-1650,-722,879,car,0 days 02:37:35.068000
2024-04-07 06:38:36.982,0 days 02:37:35.348000,0 days 00:00:31.841000,10477,261,7,99,False,0,car,1979.171388888889,0.3412107575042723,-1942,-796,876,car,0 days 02:37:35.348000
2024-04-07 06:38:37.343,0 days 02:37:35.709000,0 days 00:00:32.202000,10604,265,7,99,False,0,car,2005.745,0.34579206967751286,-2126,-872,874,car,0 days 02:37:35.709000
2024-04-07 06:38:37.583,0 days 02:37:35.949000,0 days 00:00:32.442000,10747,267,7,99,False,0,car,2023.545,0.34886080415784804,-2252,-933,872,car,0 days 02:37:35.949000
2024-04-07 06:38:37.903,0 days 02:37:36.269000,0 days 00:00:32.762000,10856,272,7,99,False,0,car,2047.7227777777778,0.3530290727154068,-2442,-1034,869,car,0 days 02:37:36.269000
2024-04-07 06:38:38.183,0 days 02:37:36.549000,0 days 00:00:33.042000,10970,274,7,99,False,0,car,2069.033888888889,0.3567031256075933,-2701,-1232,866,car,0 days 02:37:36.549000
2024-04-07 06:38:38.583,0 days 02:37:36.949000,0 days 00:00:33.442000,11088,278,7,99,False,0,car,2099.922777777778,0.36202839518020974,-2854,-1386,862,car,0 days 02:37:36.949000
2024-04-07 06:38:38.943,0 days 02:37:37.309000,0 days 00:00:33.802000,11206,280,7,99,False,0,car,2127.922777777778,0.36685561795826493,-3027,-1610,859,car,0 days 02:37:37.309000
2024-04-07 06:38:39.103,0 days 02:37:37.469000,0 days 00:00:33.962000,11206,282,7,99,False,0,car,2140.4561111111116,0.36901637482082306,-3099,-1708,857,car,0 days 02:37:37.469000
2024-04-07 06:38:39.343,0 days 02:37:37.709000,0 days 00:00:34.202000,11292,284,7,99,False,0,car,2159.3894444444445,0.3722804968897937,-3272,-1937,854,car,0 days 02:37:37.709000
2024-04-07 06:38:39.623,0 days 02:37:37.989000,0 days 00:00:34.482000,11411,285,7,99,False,0,car,2181.5561111111115,0.3761020482557541,-3439,-2152,850,car,0 days 02:37:37.989000
2024-04-07 06:38:39.783,0 days 02:37:38.149000,0 days 00:00:34.642000,11536,285,7,1,True,0,car,2194.2227777777784,0.3782857918934458,-3498,-2227,849,car,0 days 02:37:38.149000
2024-04-07 06:38:40.103,0 days 02:37:38.469000,0 days 00:00:34.962000,12065,269,7,0,True,0,car,2218.1338888888895,0.3824080869007374,-3594,-2341,847,car,0 days 02:37:38.469000
2024-04-07 06:38:40.423,0 days 02:37:38.789000,0 days 00:00:35.282000,11363,254,6,0,False,0,car,2240.7116666666666,0.3863005141566929,-3733,-2506,845,car,0 days 02:37:38.789000
2024-04-07 06:38:40.663,0 days 02:37:39.029000,0 days 00:00:35.522000,11090,246,6,0,False,0,car,2257.1116666666667,0.38912788749812527,-3848,-2625,842,car,0 days 02:37:39.029000
2024-04-07 06:38:40.982,0 days 02:37:39.348000,0 days 00:00:35.841000,10982,237,6,16,False,0,car,2278.1125,0.3927484482490113,-4029,-2715,837,car,0 days 02:37:39.348000
2024-04-07 06:38:41.302,0 days 02:37:39.668000,0 days 00:00:36.161000,10605,233,6,65,False,0,car,2298.8236111111114,0.39631906065309663,-4245,-2757,834,car,0 days 02:37:39.668000
2024-04-07 06:38:41.582,0 days 02:37:39.948000,0 days 00:00:36.441000,10806,236,6,86,False,0,car,2317.1791666666672,0.3994835733631551,-4425,-2787,828,car,0 days 02:37:39.948000
2024-04-07 06:38:41.862,0 days 02:37:40.228000,0 days 00:00:36.721000,10675,236,6,0,True,0,car,2335.5347222222226,0.40264808607321345,-4602,-2816,824,car,0 days 02:37:40.228000
2024-04-07 06:38:42.022,0 days 02:37:40.388000,0 days 00:00:36.881000,10396,230,6,0,True,0,car,2345.7569444444453,0.4044104055001226,-4702,-2832,822,car,0 days 02:37:40.388000
2024-04-07 06:38:42.182,0 days 02:37:40.548000,0 days 00:00:37.041000,10940,216,6,0,True,0,car,2355.356944444445,0.4060654533097415,-4800,-2848,820,car,0 days 02:37:40.548000
2024-04-07 06:38:42.542,0 days 02:37:40.908000,0 days 00:00:37.401000,10978,187,6,0,True,0,car,2374.0569444444454,0.4092893485222284,-4999,-2869,814,car,0 days 02:37:40.908000
2024-04-07 06:38:42.862,0 days 02:37:41.228000,0 days 00:00:37.721000,11142,158,3,0,True,0,car,2388.1013888888897,0.4117106221696339,-5151,-2869,808,car,0 days 02:37:41.228000
2024-04-07 06:38:43.342,0 days 02:37:41.708000,0 days 00:00:38.201000,9832,142,3,0,True,0,car,2407.034722222223,0.41497474423860453,-5348,-2840,801,car,0 days 02:37:41.708000
2024-04-07 06:38:43.542,0 days 02:37:41.908000,0 days 00:00:38.401000,9589,138,3,0,False,0,car,2414.70138888889,0.41629648380878637,-5416,-2816,799,car,0 days 02:37:41.908000
2024-04-07 06:38:43.863,0 days 02:37:42.229000,0 days 00:00:38.722000,9236,130,3,0,False,0,car,2426.2930555555567,0.4182948965719634,-5523,-2728,800,car,0 days 02:37:42.229000
2024-04-07 06:38:44.183,0 days 02:37:42.549000,0 days 00:00:39.042000,9157,125,3,19,False,0,car,2437.404166666668,0.4202104611664298,-5578,-2653,801,car,0 days 02:37:42.549000
2024-04-07 06:38:44.383,0 days 02:37:42.749000,0 days 00:00:39.242000,9330,125,3,38,False,0,car,2444.3486111111124,0.42140768903797127,-5605,-2595,802,car,0 days 02:37:42.749000
2024-04-07 06:38:44.783,0 days 02:37:43.149000,0 days 00:00:39.642000,9996,132,3,61,False,0,car,2459.0152777777794,0.4239362343026669,-5656,-2421,802,car,0 days 02:37:43.149000
2024-04-07 06:38:45.063,0 days 02:37:43.429000,0 days 00:00:39.922000,10650,142,3,74,False,0,car,2470.0597222222236,0.4258403055095664,-5673,-2300,801,car,0 days 02:37:43.429000
2024-04-07 06:38:45.343,0 days 02:37:43.709000,0 days 00:00:40.202000,11374,149,3,82,False,0,car,2481.6486111111126,0.4278382393815949,-5680,-2232,802,car,0 days 02:37:43.709000
2024-04-07 06:38:45.543,0 days 02:37:43.909000,0 days 00:00:40.402000,10314,153,3,98,False,0,car,2490.1486111111126,0.42930364629636164,-5688,-2157,801,car,0 days 02:37:43.909000
2024-04-07 06:38:45.783,0 days 02:37:44.149000,0 days 00:00:40.642000,10473,170,4,99,False,0,car,2501.481944444446,0.43125752218271735,-5723,-1980,801,car,0 days 02:37:44.149000
2024-04-07 06:38:46.063,0 days 02:37:44.429000,0 days 00:00:40.922000,11452,183,4,99,False,0,car,2515.715277777779,0.43371136042822866,-5759,-1815,801,car,0 days 02:37:44.429000
2024-04-07 06:38:46.343,0 days 02:37:44.709000,0 days 00:00:41.202000,10081,191,4,99,False,0,car,2530.570833333335,0.4362724702910303,-5783,-1709,801,car,0 days 02:37:44.709000
2024-04-07 06:38:46.703,0 days 02:37:45.069000,0 days 00:00:41.562000,10742,204,5,99,False,0,car,2550.970833333335,0.4397894468864705,-5811,-1581,800,car,0 days 02:37:45.069000
2024-04-07 06:38:46.903,0 days 02:37:45.269000,0 days 00:00:41.762000,11132,211,5,99,False,0,car,2562.6930555555573,0.4418103675336325,-5835,-1466,801,car,0 days 02:37:45.269000
2024-04-07 06:38:47.183,0 days 02:37:45.549000,0 days 00:00:42.042000,11635,220,5,99,False,0,car,2579.8041666666686,0.4447603370091107,-5871,-1298,802,car,0 days 02:37:45.549000
2024-04-07 06:38:47.383,0 days 02:37:45.749000,0 days 00:00:42.242000,10655,225,5,99,False,0,car,2592.304166666668,0.4469153471778853,-5896,-1179,803,car,0 days 02:37:45.749000
2024-04-07 06:38:47.582,0 days 02:37:45.948000,0 days 00:00:42.441000,10520,230,6,99,False,0,car,2605.0180555555576,0.4491072319651035,-5922,-1057,805,car,0 days 02:37:45.948000
2024-04-07 06:38:47.942,0 days 02:37:46.308000,0 days 00:00:42.801000,10866,237,6,99,False,0,car,2628.7180555555574,0.45319313124510024,-5975,-822,811,car,0 days 02:37:46.308000
2024-04-07 06:38:48.222,0 days 02:37:46.588000,0 days 00:00:43.081000,11120,243,6,99,False,0,car,2647.6180555555575,0.4564515066202875,-6009,-651,816,car,0 days 02:37:46.588000
2024-04-07 06:38:48.502,0 days 02:37:46.868000,0 days 00:00:43.361000,11342,248,6,99,False,0,car,2666.906944444446,0.459776926756281,-6064,-380,829,car,0 days 02:37:46.868000
2024-04-07 06:38:48.742,0 days 02:37:47.108000,0 days 00:00:43.601000,11515,252,6,99,False,0,car,2683.706944444446,0.4626732604231142,-6090,-243,835,car,0 days 02:37:47.108000
2024-04-07 06:38:48.902,0 days 02:37:47.268000,0 days 00:00:43.761000,11635,254,6,99,False,0,car,2694.995833333335,0.46461947405109205,-6102,-170,839,car,0 days 02:37:47.268000
2024-04-07 06:38:49.142,0 days 02:37:47.508000,0 days 00:00:44.001000,11677,256,6,98,False,0,car,2712.0625000000014,0.46756178126819226,-6126,-15,847,car,0 days 02:37:47.508000
2024-04-07 06:38:49.422,0 days 02:37:47.788000,0 days 00:00:44.281000,11406,254,6,0,False,0,car,2731.818055555557,0.47096765511715344,-6142,181,856,car,0 days 02:37:47.788000
2024-04-07 06:38:49.742,0 days 02:37:48.108000,0 days 00:00:44.601000,10976,245,6,0,True,0,car,2753.5958333333347,0.4747221617223075,-6126,396,866,car,0 days 02:37:48.108000
2024-04-07 06:38:49.902,0 days 02:37:48.268000,0 days 00:00:44.761000,10628,238,6,0,True,0,car,2764.1736111111127,0.47654577921623953,-6100,513,872,car,0 days 02:37:48.268000
2024-04-07 06:38:50.102,0 days 02:37:48.468000,0 days 00:00:44.961000,10082,225,6,0,True,0,car,2776.673611111112,0.4787007893850141,-6065,631,879,car,0 days 02:37:48.468000
2024-04-07 06:38:50.343,0 days 02:37:48.709000,0 days 00:00:45.202000,10377,210,6,0,True,0,car,2790.7319444444456,0.4811244574881627,-6007,777,887,car,0 days 02:37:48.709000
2024-04-07 06:38:50.663,0 days 02:37:49.029000,0 days 00:00:45.522000,10789,186,5,0,True,0,car,2807.265277777779,0.4839748176047286,-5921,964,897,car,0 days 02:37:49.029000
2024-04-07 06:38:50.823,0 days 02:37:49.189000,0 days 00:00:45.682000,10466,172,4,0,True,0,car,2814.9097222222235,0.4852927260457215,-5899,1009,899,car,0 days 02:37:49.189000
2024-04-07 06:38:51.023,0 days 02:37:49.389000,0 days 00:00:45.882000,11106,158,4,0,True,0,car,2823.687500000001,0.48680602207534984,-5865,1081,903,car,0 days 02:37:49.389000
2024-04-07 06:38:51.183,0 days 02:37:49.549000,0 days 00:00:46.042000,10251,143,3,0,True,0,car,2830.0430555555567,0.48790172502338464,-5835,1144,906,car,0 days 02:37:49.549000
2024-04-07 06:38:51.423,0 days 02:37:49.789000,0 days 00:00:46.282000,9005,130,3,0,True,0,car,2838.7097222222233,0.48939586540706836,-5801,1232,910,car,0 days 02:37:49.789000
2024-04-07 06:38:51.863,0 days 02:37:50.229000,0 days 00:00:46.722000,9098,105,2,0,True,0,car,2851.5430555555567,0.491608342513677,-5769,1395,913,car,0 days 02:37:50.229000
2024-04-07 06:38:52.103,0 days 02:37:50.469000,0 days 00:00:46.962000,8451,99,2,0,True,0,car,2858.1430555555567,0.49274618788279,-5774,1448,915,car,0 days 02:37:50.469000
2024-04-07 06:38:52.423,0 days 02:37:50.789000,0 days 00:00:47.282000,7725,91,2,0,True,0,car,2866.231944444445,0.49414071890756145,-5805,1522,917,car,0 days 02:37:50.789000
2024-04-07 06:38:52.663,0 days 02:37:51.029000,0 days 00:00:47.522000,7165,84,2,0,True,0,car,2871.831944444445,0.4951061634631725,-5853,1586,918,car,0 days 02:37:51.029000
2024-04-07 06:38:53.063,0 days 02:37:51.429000,0 days 00:00:47.922000,6461,77,2,0,True,0,car,2880.3875000000007,0.4965811482009116,-5908,1615,919,car,0 days 02:37:51.429000
2024-04-07 06:38:53.303,0 days 02:37:51.669000,0 days 00:00:48.162000,6112,74,2,0,False,0,car,2885.320833333334,0.49743165888085467,-5956,1629,920,car,0 days 02:37:51.669000
2024-04-07 06:38:53.543,0 days 02:37:51.909000,0 days 00:00:48.402000,5941,72,2,0,False,0,car,2890.1208333333343,0.49825918278566417,-6002,1631,920,car,0 days 02:37:51.909000
2024-04-07 06:38:53.823,0 days 02:37:52.189000,0 days 00:00:48.682000,5638,68,2,8,False,0,car,2895.409722222223,0.4991709915326301,-6055,1623,922,car,0 days 02:37:52.189000
2024-04-07 06:38:54.063,0 days 02:37:52.429000,0 days 00:00:48.922000,6011,66,2,20,False,0,car,2899.809722222223,0.49992955511203885,-6096,1607,923,car,0 days 02:37:52.429000
2024-04-07 06:38:54.542,0 days 02:37:52.908000,0 days 00:00:49.401000,6522,71,2,32,False,0,car,2909.2566666666676,0.501558216019369,-6171,1556,925,car,0 days 02:37:52.908000
2024-04-07 06:38:54.702,0 days 02:37:53.068000,0 days 00:00:49.561000,6968,74,2,38,False,0,car,2912.5455555555563,0.5021252231393311,-6194,1533,926,car,0 days 02:37:53.068000
2024-04-07 06:38:54.942,0 days 02:37:53.308000,0 days 00:00:49.801000,7243,78,2,43,False,0,car,2917.745555555556,0.5030217073695412,-6226,1494,926,car,0 days 02:37:53.308000
2024-04-07 06:38:55.142,0 days 02:37:53.508000,0 days 00:00:50.001000,7533,82,2,45,False,0,car,2922.301111111112,0.5038070888532724,-6253,1455,927,car,0 days 02:37:53.508000
2024-04-07 06:38:55.382,0 days 02:37:53.748000,0 days 00:00:50.241000,8337,90,2,53,False,0,car,2928.301111111112,0.5048414937342843,-6279,1409,926,car,0 days 02:37:53.748000
2024-04-07 06:38:55.782,0 days 02:37:54.148000,0 days 00:00:50.641000,9519,103,2,60,False,0,car,2939.745555555556,0.5068145252665847,-6339,1295,925,car,0 days 02:37:54.148000
2024-04-07 06:38:56.062,0 days 02:37:54.428000,0 days 00:00:50.921000,10516,114,2,69,False,0,car,2948.612222222223,0.5083431458129688,-6368,1240,925,car,0 days 02:37:54.428000
2024-04-07 06:38:56.342,0 days 02:37:54.708000,0 days 00:00:51.201000,11340,121,2,73,False,0,car,2958.023333333334,0.5099656290244817,-6412,1159,926,car,0 days 02:37:54.708000
2024-04-07 06:38:56.502,0 days 02:37:54.868000,0 days 00:00:51.361000,11393,131,2,81,False,0,car,2963.845555555556,0.5109693848719822,-6437,1112,927,car,0 days 02:37:54.868000
2024-04-07 06:38:56.782,0 days 02:37:55.148000,0 days 00:00:51.641000,10907,146,3,94,False,0,car,2975.2011111111115,0.5129270918875267,-6489,1022,926,car,0 days 02:37:55.148000
2024-04-07 06:38:57.183,0 days 02:37:55.549000,0 days 00:00:52.042000,10295,164,3,99,False,0,car,2993.4688888888895,0.5160764716372889,-6597,841,928,car,0 days 02:37:55.549000
2024-04-07 06:38:57.503,0 days 02:37:55.869000,0 days 00:00:52.362000,10986,177,4,99,False,0,car,3009.2022222222226,0.5187889111030533,-6660,745,928,car,0 days 02:37:55.869000
2024-04-07 06:38:57.903,0 days 02:37:56.269000,0 days 00:00:52.762000,10297,189,4,99,False,0,car,3030.2022222222226,0.5224093281865946,-6783,559,930,car,0 days 02:37:56.269000
2024-04-07 06:38:58.103,0 days 02:37:56.469000,0 days 00:00:52.962000,10622,199,5,99,False,0,car,3041.2577777777783,0.5243153149580887,-6870,428,930,car,0 days 02:37:56.469000
2024-04-07 06:38:58.343,0 days 02:37:56.709000,0 days 00:00:53.202000,10911,205,5,99,False,0,car,3054.924444444445,0.5266714594092823,-6928,342,930,car,0 days 02:37:56.709000
2024-04-07 06:38:58.623,0 days 02:37:56.989000,0 days 00:00:53.482000,11320,214,5,99,False,0,car,3071.5688888888894,0.5295409751717929,-7003,245,931,car,0 days 02:37:56.989000
2024-04-07 06:38:58.943,0 days 02:37:57.309000,0 days 00:00:53.802000,10853,221,5,99,False,0,car,3091.213333333334,0.5329276933748095,-7136,92,933,car,0 days 02:37:57.309000
2024-04-07 06:38:59.143,0 days 02:37:57.509000,0 days 00:00:54.002000,10485,226,5,99,False,0,car,3103.7688888888897,0.5350922813665564,-7226,6,934,car,0 days 02:37:57.509000
2024-04-07 06:38:59.423,0 days 02:37:57.789000,0 days 00:00:54.282000,10680,233,6,99,False,0,car,3121.8911111111115,0.538216567220131,-7363,-106,935,car,0 days 02:37:57.789000
2024-04-07 06:38:59.783,0 days 02:37:58.149000,0 days 00:00:54.642000,10995,241,6,99,False,0,car,3145.991111111112,0.5423714268255286,-7554,-236,937,car,0 days 02:37:58.149000
2024-04-07 06:39:00.023,0 days 02:37:58.389000,0 days 00:00:54.882000,11109,244,6,99,False,0,car,3162.2577777777783,0.5451758133918273,-7749,-321,940,car,0 days 02:37:58.389000
2024-04-07 06:39:00.183,0 days 02:37:58.549000,0 days 00:00:55.042000,11355,247,6,99,False,0,car,3173.2355555555564,0.5470683912111601,-7853,-355,941,car,0 days 02:37:58.549000
2024-04-07 06:39:00.503,0 days 02:37:58.869000,0 days 00:00:55.362000,11526,251,6,99,False,0,car,3195.5466666666675,0.5509148449168485,-8006,-383,941,car,0 days 02:37:58.869000
2024-04-07 06:39:00.663,0 days 02:37:59.029000,0 days 00:00:55.522000,11700,253,6,99,False,0,car,3206.7911111111116,0.5528533962864485,-8115,-398,940,car,0 days 02:37:59.029000
2024-04-07 06:39:01.022,0 days 02:37:59.388000,0 days 00:00:55.881000,10420,259,7,99,False,0,car,3232.6191666666673,0.5573061740754004,-8486,-429,935,car,0 days 02:37:59.388000
2024-04-07 06:39:01.342,0 days 02:37:59.708000,0 days 00:00:56.201000,10589,263,7,99,False,0,car,3255.996944444445,0.5613365219821576,-8537,-426,933,car,0 days 02:37:59.708000
2024-04-07 06:39:01.942,0 days 02:38:00.308000,0 days 00:00:56.801000,10922,271,7,99,False,0,car,3301.163611111112,0.5691232920586634,-8989,-391,917,car,0 days 02:38:00.308000
2024-04-07 06:39:02.262,0 days 02:38:00.628000,0 days 00:00:57.121000,10982,276,7,99,False,0,car,3325.6969444444453,0.573352858683245,-9256,-336,904,car,0 days 02:38:00.628000
2024-04-07 06:39:02.622,0 days 02:38:00.988000,0 days 00:00:57.481000,11167,280,7,99,False,0,car,3353.6969444444453,0.5781800814613003,-9507,-265,892,car,0 days 02:38:00.988000
2024-04-07 06:39:02.862,0 days 02:38:01.228000,0 days 00:00:57.721000,11290,283,7,99,False,0,car,3372.5636111111116,0.5814327101427041,-9796,-163,887,car,0 days 02:38:01.228000
2024-04-07 06:39:03.062,0 days 02:38:01.428000,0 days 00:00:57.921000,11290,285,7,99,False,0,car,3388.396944444445,0.5841623896898187,-9898,-126,885,car,0 days 02:38:01.428000
2024-04-07 06:39:03.342,0 days 02:38:01.708000,0 days 00:00:58.201000,11384,286,7,99,False,0,car,3410.6413888888897,0.5879973500079404,-10048,-63,886,car,0 days 02:38:01.708000
2024-04-07 06:39:03.623,0 days 02:38:01.989000,0 days 00:00:58.482000,11484,287,7,99,False,0,car,3433.043333333334,0.5918594634541885,-10295,43,889,car,0 days 02:38:01.989000
2024-04-07 06:39:03.943,0 days 02:38:02.309000,0 days 00:00:58.802000,11558,289,7,99,False,0,car,3458.732222222223,0.5962882487965947,-10462,142,894,car,0 days 02:38:02.309000
2024-04-07 06:39:04.383,0 days 02:38:02.749000,0 days 00:00:59.242000,11367,292,7,99,False,0,car,3494.4211111111117,0.6024410422740206,-10731,330,906,car,0 days 02:38:02.749000
2024-04-07 06:39:04.783,0 days 02:38:03.149000,0 days 00:00:59.642000,10326,292,8,99,False,0,car,3526.8655555555565,0.6080344908898625,-11036,619,919,car,0 days 02:38:03.149000
2024-04-07 06:39:05.023,0 days 02:38:03.389000,0 days 00:00:59.882000,10343,293,8,99,False,0,car,3546.3988888888894,0.6114020534469342,-11187,810,925,car,0 days 02:38:03.389000
2024-04-07 06:39:05.343,0 days 02:38:03.709000,0 days 00:01:00.202000,10376,293,8,99,False,0,car,3572.4433333333336,0.6158921368563633,-11277,934,928,car,0 days 02:38:03.709000
2024-04-07 06:39:05.543,0 days 02:38:03.909000,0 days 00:01:00.402000,10418,293,8,99,False,0,car,3588.7211111111114,0.6186984389872566,-11343,1058,930,car,0 days 02:38:03.909000
2024-04-07 06:39:05.983,0 days 02:38:04.349000,0 days 00:01:00.842000,10313,293,8,99,False,0,car,3624.5322222222226,0.6248723036752216,-11509,1403,936,car,0 days 02:38:04.349000
2024-04-07 06:39:06.143,0 days 02:38:04.509000,0 days 00:01:01.002000,10334,293,8,99,False,0,car,3637.554444444445,0.6271173453799362,-11550,1500,938,car,0 days 02:38:04.509000
2024-04-07 06:39:06.303,0 days 02:38:04.669000,0 days 00:01:01.162000,10304,293,8,99,False,0,car,3650.576666666667,0.6293623870846508,-11615,1652,939,car,0 days 02:38:04.669000
2024-04-07 06:39:06.583,0 days 02:38:04.949000,0 days 00:01:01.442000,10305,293,8,99,False,0,car,3673.3655555555556,0.6332912100679012,-11733,1923,941,car,0 days 02:38:04.949000
2024-04-07 06:39:06.943,0 days 02:38:05.309000,0 days 00:01:01.802000,9695,279,8,0,True,0,car,3701.2655555555557,0.6381011927646063,-11843,2166,943,car,0 days 02:38:05.309000
2024-04-07 06:39:07.103,0 days 02:38:05.469000,0 days 00:01:01.962000,10399,265,8,0,True,0,car,3713.0433333333335,0.6401316912347407,-11876,2227,943,car,0 days 02:38:05.469000
2024-04-07 06:39:07.463,0 days 02:38:05.829000,0 days 00:01:02.322000,11237,242,6,0,True,0,car,3737.2433333333333,0.6443037909214883,-11989,2438,944,car,0 days 02:38:05.829000
2024-04-07 06:39:07.702,0 days 02:38:06.068000,0 days 00:01:02.561000,11026,233,6,0,True,0,car,3752.7119444444443,0.6469705920607894,-12073,2567,943,car,0 days 02:38:06.068000
2024-04-07 06:39:08.022,0 days 02:38:06.388000,0 days 00:01:02.881000,11504,223,5,0,False,0,car,3772.5341666666664,0.6503879592973174,-12261,2728,942,car,0 days 02:38:06.388000
2024-04-07 06:39:08.262,0 days 02:38:06.628000,0 days 00:01:03.121000,11193,216,5,2,False,0,car,3786.9341666666664,0.6528705310117459,-12359,2780,942,car,0 days 02:38:06.628000
2024-04-07 06:39:08.582,0 days 02:38:06.948000,0 days 00:01:03.441000,10852,206,5,29,False,0,car,3805.2452777777776,0.6560273814634264,-12527,2822,943,car,0 days 02:38:06.948000
2024-04-07 06:39:08.822,0 days 02:38:07.188000,0 days 00:01:03.681000,10776,205,5,44,False,0,car,3818.911944444444,0.65838352591462,-12667,2833,943,car,0 days 02:38:07.188000
2024-04-07 06:39:08.982,0 days 02:38:07.348000,0 days 00:01:03.841000,10722,204,5,46,False,0,car,3827.978611111111,0.6599466266237046,-12758,2833,944,car,0 days 02:38:07.348000
2024-04-07 06:39:09.262,0 days 02:38:07.628000,0 days 00:01:04.121000,10742,205,5,55,False,0,car,3843.923055555555,0.6626954618167638,-12917,2822,943,car,0 days 02:38:07.628000
2024-04-07 06:39:09.422,0 days 02:38:07.788000,0 days 00:01:04.281000,10580,204,5,16,False,0,car,3852.989722222222,0.6642585625258484,-13004,2810,944,car,0 days 02:38:07.788000
2024-04-07 06:39:09.702,0 days 02:38:08.068000,0 days 00:01:04.561000,11242,200,5,0,True,0,car,3868.5452777777778,0.6669403529581013,-13151,2777,944,car,0 days 02:38:08.068000
2024-04-07 06:39:09.902,0 days 02:38:08.268000,0 days 00:01:04.761000,11233,189,4,0,True,0,car,3879.0452777777773,0.6687505614998719,-13208,2761,945,car,0 days 02:38:08.268000
2024-04-07 06:39:10.183,0 days 02:38:08.549000,0 days 00:01:05.042000,10659,180,4,0,True,0,car,3893.0952777777775,0.6711727929295747,-13394,2679,944,car,0 days 02:38:08.549000
2024-04-07 06:39:10.463,0 days 02:38:08.829000,0 days 00:01:05.322000,10274,173,4,0,False,0,car,3906.5508333333332,0.6734925416534734,-13490,2622,944,car,0 days 02:38:08.829000
2024-04-07 06:39:10.903,0 days 02:38:09.269000,0 days 00:01:05.762000,9853,165,4,0,False,0,car,3926.7174999999997,0.6769692913924298,-13611,2484,942,car,0 days 02:38:09.269000
2024-04-07 06:39:11.223,0 days 02:38:09.589000,0 days 00:01:06.082000,9369,159,4,0,False,0,car,3940.850833333333,0.679405889556591,-13683,2327,942,car,0 days 02:38:09.589000
2024-04-07 06:39:11.583,0 days 02:38:09.949000,0 days 00:01:06.442000,9262,152,4,8,False,0,car,3956.050833333333,0.682026381921821,-13702,2206,940,car,0 days 02:38:09.949000
2024-04-07 06:39:11.743,0 days 02:38:10.109000,0 days 00:01:06.602000,9157,150,4,37,False,0,car,3962.7174999999997,0.6831757206785009,-13704,2125,939,car,0 days 02:38:10.109000
2024-04-07 06:39:12.063,0 days 02:38:10.429000,0 days 00:01:06.922000,9381,152,4,55,False,0,car,3976.2286111111107,0.6855050472253719,-13688,2002,935,car,0 days 02:38:10.429000
2024-04-07 06:39:12.343,0 days 02:38:10.709000,0 days 00:01:07.202000,9750,155,4,64,False,0,car,3988.2841666666664,0.6875834348103679,-13656,1894,931,car,0 days 02:38:10.709000
2024-04-07 06:39:12.583,0 days 02:38:10.949000,0 days 00:01:07.442000,10085,161,4,69,False,0,car,3999.0174999999995,0.6894338702086223,-13616,1798,926,car,0 days 02:38:10.949000
2024-04-07 06:39:12.783,0 days 02:38:11.149000,0 days 00:01:07.642000,10385,166,4,77,False,0,car,4008.2397222222216,0.6910237888220294,-13571,1713,921,car,0 days 02:38:11.149000
2024-04-07 06:39:12.943,0 days 02:38:11.309000,0 days 00:01:07.802000,10385,168,4,77,False,0,car,4015.706388888889,0.692311048229511,-13510,1621,914,car,0 days 02:38:11.309000
2024-04-07 06:39:13.143,0 days 02:38:11.509000,0 days 00:01:08.002000,10984,174,4,89,False,0,car,4025.373055555555,0.6939775894266965,-13447,1537,907,car,0 days 02:38:11.509000
2024-04-07 06:39:13.383,0 days 02:38:11.749000,0 days 00:01:08.242000,11540,185,4,99,False,0,car,4037.706388888889,0.6961038661265543,-13387,1476,900,car,0 days 02:38:11.749000
2024-04-07 06:39:13.663,0 days 02:38:12.029000,0 days 00:01:08.522000,10410,195,4,99,False,0,car,4052.8730555555553,0.6987186117980009,-13292,1383,890,car,0 days 02:38:12.029000
2024-04-07 06:39:13.863,0 days 02:38:12.229000,0 days 00:01:08.722000,10958,202,5,99,False,0,car,4064.095277777777,0.7006533320384117,-13215,1312,882,car,0 days 02:38:12.229000
2024-04-07 06:39:14.183,0 days 02:38:12.549000,0 days 00:01:09.042000,11149,211,5,99,False,0,car,4082.850833333333,0.703886805073871,-13036,1170,863,car,0 days 02:38:12.549000
2024-04-07 06:39:14.382,0 days 02:38:12.748000,0 days 00:01:09.241000,11521,217,5,99,False,0,car,4094.8461111111105,0.7059548007209421,-12952,1105,855,car,0 days 02:38:12.748000
2024-04-07 06:39:14.822,0 days 02:38:13.188000,0 days 00:01:09.681000,10328,229,6,99,False,0,car,4122.834999999999,0.7107801079344027,-12753,959,838,car,0 days 02:38:13.188000
2024-04-07 06:39:15.222,0 days 02:38:13.588000,0 days 00:01:10.081000,10934,239,6,99,False,0,car,4149.390555555555,0.7153583073151774,-12536,805,823,car,0 days 02:38:13.588000
2024-04-07 06:39:15.502,0 days 02:38:13.868000,0 days 00:01:10.361000,11163,245,6,99,False,0,car,4168.44611111111,0.7186435005946872,-12384,703,816,car,0 days 02:38:13.868000
2024-04-07 06:39:15.662,0 days 02:38:14.028000,0 days 00:01:10.521000,11303,249,6,99,False,0,car,4179.512777777777,0.7205514029307757,-12291,642,812,car,0 days 02:38:14.028000
2024-04-07 06:39:16.062,0 days 02:38:14.428000,0 days 00:01:10.921000,11670,256,6,99,False,0,car,4207.957222222222,0.7254552482926097,-12011,468,808,car,0 days 02:38:14.428000
2024-04-07 06:39:16.542,0 days 02:38:14.908000,0 days 00:01:11.401000,10484,262,6,99,False,0,car,4242.890555555555,0.7314777833776117,-11760,319,808,car,0 days 02:38:14.908000
2024-04-07 06:39:16.783,0 days 02:38:15.149000,0 days 00:01:11.642000,10645,266,7,99,False,0,car,4260.6977777777765,0.7345477629749332,-11606,232,809,car,0 days 02:38:15.149000
2024-04-07 06:39:17.063,0 days 02:38:15.429000,0 days 00:01:11.922000,10792,271,7,99,False,0,car,4281.775555555554,0.7381815890106358,-11420,133,812,car,0 days 02:38:15.429000
2024-04-07 06:39:17.343,0 days 02:38:15.709000,0 days 00:01:12.202000,10904,271,7,99,False,0,car,4302.853333333332,0.7418154150463384,-11196,14,817,car,0 days 02:38:15.709000
2024-04-07 06:39:17.583,0 days 02:38:15.949000,0 days 00:01:12.442000,11061,276,7,99,False,0,car,4321.253333333331,0.7449875900147747,-11069,-48,820,car,0 days 02:38:15.949000
2024-04-07 06:39:17.943,0 days 02:38:16.309000,0 days 00:01:12.802000,11144,279,7,99,False,0,car,4349.153333333333,0.74979757271148,-10800,-177,828,car,0 days 02:38:16.309000
2024-04-07 06:39:18.263,0 days 02:38:16.629000,0 days 00:01:13.122000,11287,282,7,99,False,0,car,4374.219999999998,0.7541190864365959,-10517,-305,836,car,0 days 02:38:16.629000
2024-04-07 06:39:18.503,0 days 02:38:16.869000,0 days 00:01:13.362000,11366,284,7,99,False,0,car,4393.153333333331,0.7573832085055664,-10416,-346,838,car,0 days 02:38:16.869000
2024-04-07 06:39:18.783,0 days 02:38:17.149000,0 days 00:01:13.642000,11415,285,7,99,False,0,car,4415.319999999998,0.7612047598715268,-10205,-426,843,car,0 days 02:38:17.149000
2024-04-07 06:39:18.983,0 days 02:38:17.349000,0 days 00:01:13.842000,11400,287,7,99,False,0,car,4431.264444444442,0.763953595064586,-10021,-493,847,car,0 days 02:38:17.349000
2024-04-07 06:39:19.223,0 days 02:38:17.589000,0 days 00:01:14.082000,11502,288,7,99,False,0,car,4450.464444444442,0.7672636906838238,-9791,-575,853,car,0 days 02:38:17.589000
2024-04-07 06:39:19.623,0 days 02:38:17.989000,0 days 00:01:14.482000,11624,291,7,99,False,0,car,4482.797777777776,0.772837983653721,-9580,-647,858,car,0 days 02:38:17.989000
2024-04-07 06:39:19.983,0 days 02:38:18.349000,0 days 00:01:14.842000,11369,292,7,99,False,0,car,4511.997777777776,0.7778720874079786,-9269,-752,862,car,0 days 02:38:18.349000
2024-04-07 06:39:20.143,0 days 02:38:18.509000,0 days 00:01:15.002000,10249,293,7,99,False,0,car,4525.019999999998,0.7801171291126932,-9124,-801,863,car,0 days 02:38:18.509000
2024-04-07 06:39:20.303,0 days 02:38:18.669000,0 days 00:01:15.162000,10302,293,8,99,False,0,car,4538.0422222222205,0.7823621708174078,-8979,-850,863,car,0 days 02:38:18.669000
2024-04-07 06:39:20.663,0 days 02:38:19.029000,0 days 00:01:15.522000,10442,296,8,99,False,0,car,4567.642222222221,0.7874652348970662,-8741,-930,864,car,0 days 02:38:19.029000
2024-04-07 06:39:20.823,0 days 02:38:19.189000,0 days 00:01:15.682000,10448,296,8,99,False,0,car,4580.797777777776,0.7897332633769143,-8640,-963,863,car,0 days 02:38:19.189000
2024-04-07 06:39:21.063,0 days 02:38:19.429000,0 days 00:01:15.922000,10563,298,8,99,False,0,car,4600.664444444442,0.79315829287182,-8457,-1023,864,car,0 days 02:38:19.429000
2024-04-07 06:39:21.262,0 days 02:38:19.628000,0 days 00:01:16.121000,10516,299,8,99,False,0,car,4617.192499999997,0.7960077430952036,-8300,-1076,863,car,0 days 02:38:19.628000
2024-04-07 06:39:21.462,0 days 02:38:19.828000,0 days 00:01:16.321000,10588,300,8,99,False,0,car,4633.859166666664,0.7988810899869032,-8143,-1129,864,car,0 days 02:38:19.828000
2024-04-07 06:39:21.742,0 days 02:38:20.108000,0 days 00:01:16.601000,10614,301,8,99,False,0,car,4657.270277777776,0.8029171845874439,-7926,-1202,863,car,0 days 02:38:20.108000
2024-04-07 06:39:22.062,0 days 02:38:20.428000,0 days 00:01:16.921000,10648,302,8,99,False,0,car,4684.114722222221,0.8075451886476747,-7659,-1291,863,car,0 days 02:38:20.428000
2024-04-07 06:39:22.502,0 days 02:38:20.868000,0 days 00:01:17.361000,10681,303,8,99,False,0,car,4721.148055555554,0.8139297654410309,-7289,-1416,863,car,0 days 02:38:20.868000
2024-04-07 06:39:22.702,0 days 02:38:21.068000,0 days 00:01:17.561000,10702,304,8,99,False,0,car,4738.036944444442,0.8168414236246198,-7027,-1504,862,car,0 days 02:38:21.068000
2024-04-07 06:39:23.062,0 days 02:38:21.428000,0 days 00:01:17.921000,10738,305,8,99,False,0,car,4768.536944444442,0.8220996484364299,-6865,-1559,863,car,0 days 02:38:21.428000
2024-04-07 06:39:23.263,0 days 02:38:21.629000,0 days 00:01:18.122000,10764,305,8,99,False,0,car,4785.5661111111085,0.8250354906230238,-6634,-1637,863,car,0 days 02:38:21.629000
2024-04-07 06:39:23.503,0 days 02:38:21.869000,0 days 00:01:18.362000,10773,306,8,99,False,0,car,4805.966111111108,0.828552467218464,-6472,-1691,862,car,0 days 02:38:21.869000
2024-04-07 06:39:23.863,0 days 02:38:22.229000,0 days 00:01:18.722000,10815,307,8,99,False,0,car,4836.666111111108,0.8338451721929745,-6221,-1774,863,car,0 days 02:38:22.229000
2024-04-07 06:39:24.183,0 days 02:38:22.549000,0 days 00:01:19.042000,10840,308,8,99,False,0,car,4864.043888888887,0.8385651233537398,-5964,-1861,862,car,0 days 02:38:22.549000
2024-04-07 06:39:24.543,0 days 02:38:22.909000,0 days 00:01:19.402000,10830,308,8,99,False,0,car,4894.843888888887,0.8438750684096005,-5673,-1959,862,car,0 days 02:38:22.909000
2024-04-07 06:39:24.743,0 days 02:38:23.109000,0 days 00:01:19.602000,10793,306,8,99,False,0,car,4911.843888888887,0.846805882239134,-5509,-2012,863,car,0 days 02:38:23.109000
2024-04-07 06:39:24.983,0 days 02:38:23.349000,0 days 00:01:19.842000,10767,306,8,99,False,0,car,4932.243888888886,0.8503228588345741,-5319,-2053,864,car,0 days 02:38:23.349000
2024-04-07 06:39:25.263,0 days 02:38:23.629000,0 days 00:01:20.122000,10757,305,8,99,False,0,car,4955.966111111109,0.85441258924376,-5065,-2030,863,car,0 days 02:38:23.629000
2024-04-07 06:39:25.463,0 days 02:38:23.829000,0 days 00:01:20.322000,10704,304,8,99,False,0,car,4972.854999999998,0.8573242474273488,-4855,-1970,864,car,0 days 02:38:23.829000
2024-04-07 06:39:25.743,0 days 02:38:24.109000,0 days 00:01:20.602000,10721,303,8,99,False,0,car,4996.421666666664,0.8613871599322119,-4586,-1864,865,car,0 days 02:38:24.109000
2024-04-07 06:39:25.903,0 days 02:38:24.269000,0 days 00:01:20.762000,10725,303,8,99,False,0,car,5009.888333333331,0.863708824220705,-4486,-1821,866,car,0 days 02:38:24.269000
2024-04-07 06:39:26.143,0 days 02:38:24.509000,0 days 00:01:21.002000,10720,303,8,99,False,0,car,5030.08833333333,0.8671913206534448,-4370,-1765,868,car,0 days 02:38:24.509000
2024-04-07 06:39:26.583,0 days 02:38:24.949000,0 days 00:01:21.442000,10690,303,8,99,False,0,car,5067.121666666663,0.8735758974468011,-4022,-1562,874,car,0 days 02:38:24.949000
2024-04-07 06:39:26.863,0 days 02:38:25.229000,0 days 00:01:21.722000,10727,302,8,99,False,0,car,5090.610555555552,0.877625400999503,-3862,-1451,878,car,0 days 02:38:25.229000
2024-04-07 06:39:27.263,0 days 02:38:25.629000,0 days 00:01:22.122000,10574,300,8,99,False,0,car,5123.943888888886,0.8833720947829022,-3583,-1232,884,car,0 days 02:38:25.629000
2024-04-07 06:39:27.543,0 days 02:38:25.909000,0 days 00:01:22.402000,10579,300,8,99,False,0,car,5147.277222222219,0.8873947804312815,-3359,-1028,889,car,0 days 02:38:25.909000
2024-04-07 06:39:27.823,0 days 02:38:26.189000,0 days 00:01:22.682000,10529,299,8,99,False,0,car,5170.532777777775,0.8914040571274996,-3243,-916,891,car,0 days 02:38:26.189000
2024-04-07 06:39:28.062,0 days 02:38:26.428000,0 days 00:01:22.921000,10474,298,8,99,False,0,car,5190.316666666664,0.8948148156661767,-3120,-798,894,car,0 days 02:38:26.428000
2024-04-07 06:39:28.262,0 days 02:38:26.628000,0 days 00:01:23.121000,10436,297,8,78,False,0,car,5206.816666666663,0.897659429088959,-2983,-666,897,car,0 days 02:38:26.628000
2024-04-07 06:39:28.662,0 days 02:38:27.028000,0 days 00:01:23.521000,9825,283,8,0,True,0,car,5238.261111111108,0.903080476891299,-2721,-406,903,car,0 days 02:38:27.028000
2024-04-07 06:39:28.982,0 days 02:38:27.348000,0 days 00:01:23.841000,9383,248,8,0,True,0,car,5260.305555555552,0.9068809570467201,-2588,-275,907,car,0 days 02:38:27.348000
2024-04-07 06:39:29.302,0 days 02:38:27.668000,0 days 00:01:24.161000,9701,214,8,0,True,0,car,5279.327777777775,0.9101604036324467,-2430,-117,910,car,0 days 02:38:27.668000
2024-04-07 06:39:29.582,0 days 02:38:27.948000,0 days 00:01:24.441000,9989,184,8,0,True,0,car,5293.638888888886,0.9126276508301193,-2280,26,914,car,0 days 02:38:27.948000
2024-04-07 06:39:29.823,0 days 02:38:28.189000,0 days 00:01:24.682000,9979,165,8,0,True,8,car,5304.6847222222195,0.9145319614825932,-2267,36,915,car,0 days 02:38:28.189000
2024-04-07 06:39:30.143,0 days 02:38:28.509000,0 days 00:01:25.002000,9736,143,7,0,True,8,car,5317.39583333333,0.9167233673786627,-2161,119,915,car,0 days 02:38:28.509000
2024-04-07 06:39:30.303,0 days 02:38:28.669000,0 days 00:01:25.162000,9216,130,5,0,True,8,car,5323.173611111109,0.9177194609677852,-2100,157,916,car,0 days 02:38:28.669000
2024-04-07 06:39:30.463,0 days 02:38:28.829000,0 days 00:01:25.322000,8731,118,3,0,True,8,car,5328.418055555553,0.9186236074563734,-2046,184,917,car,0 days 02:38:28.829000
2024-04-07 06:39:30.703,0 days 02:38:29.069000,0 days 00:01:25.562000,7737,115,3,0,True,8,car,5336.084722222219,0.9199453470265551,-1977,209,917,car,0 days 02:38:29.069000
2024-04-07 06:39:30.903,0 days 02:38:29.269000,0 days 00:01:25.762000,7175,105,3,0,True,8,car,5341.918055555552,0.9209510184386499,-1936,222,916,car,0 days 02:38:29.269000
2024-04-07 06:39:31.183,0 days 02:38:29.549000,0 days 00:01:26.042000,6545,98,3,0,True,8,car,5349.5402777777745,0.9222650957504538,-1866,232,915,car,0 days 02:38:29.549000
2024-04-07 06:39:31.463,0 days 02:38:29.829000,0 days 00:01:26.322000,6353,93,3,0,True,8,car,5356.773611111108,0.9235121283014515,-1779,233,914,car,0 days 02:38:29.829000
2024-04-07 06:39:31.663,0 days 02:38:30.029000,0 days 00:01:26.522000,6017,88,3,0,False,8,car,5361.662499999997,0.9243549767230166,-1748,224,912,car,0 days 02:38:30.029000
2024-04-07 06:39:31.863,0 days 02:38:30.229000,0 days 00:01:26.722000,5994,86,3,5,False,8,car,5366.440277777774,0.925178669498637,-1699,203,912,car,0 days 02:38:30.229000
2024-04-07 06:39:32.223,0 days 02:38:30.589000,0 days 00:01:27.082000,6286,85,3,19,False,8,car,5374.940277777774,0.9266440764134038,-1626,148,908,car,0 days 02:38:30.589000
2024-04-07 06:39:32.423,0 days 02:38:30.789000,0 days 00:01:27.282000,6695,88,3,37,False,8,car,5379.829166666663,0.927486924834969,-1569,99,907,car,0 days 02:38:30.789000
2024-04-07 06:39:33.503,0 days 02:38:31.869000,0 days 00:01:28.362000,6307,91,3,2,False,8,car,5407.129166666663,0.9321934670435729,-1353,23,902,car,0 days 02:38:31.869000
2024-04-07 06:39:33.743,0 days 02:38:32.109000,0 days 00:01:28.602000,6197,86,3,3,False,8,car,5412.8624999999965,0.9331818983743175,-1294,28,901,car,0 days 02:38:32.109000
2024-04-07 06:39:34.023,0 days 02:38:32.389000,0 days 00:01:28.882000,6655,86,3,32,False,8,car,5419.551388888885,0.9343350682601863,-1232,44,901,car,0 days 02:38:32.389000
2024-04-07 06:39:34.343,0 days 02:38:32.709000,0 days 00:01:29.202000,6807,92,3,52,False,8,car,5427.729166666663,0.9357449238017135,-1154,84,899,car,0 days 02:38:32.709000
2024-04-07 06:39:34.622,0 days 02:38:32.988000,0 days 00:01:29.481000,7584,98,3,60,False,8,car,5435.324166666664,0.937054307980261,-1099,125,898,car,0 days 02:38:32.988000
2024-04-07 06:39:34.782,0 days 02:38:33.148000,0 days 00:01:29.641000,7826,105,3,64,False,8,car,5439.990833333331,0.937858845109937,-1066,156,897,car,0 days 02:38:33.148000
2024-04-07 06:39:35.062,0 days 02:38:33.428000,0 days 00:01:29.921000,8601,115,3,76,False,8,car,5448.935277777775,0.9394008746084823,-993,227,894,car,0 days 02:38:33.428000
2024-04-07 06:39:35.262,0 days 02:38:33.628000,0 days 00:01:30.121000,9091,123,3,78,False,8,car,5455.768611111108,0.9405789468340792,-955,262,891,car,0 days 02:38:33.628000
2024-04-07 06:39:35.582,0 days 02:38:33.948000,0 days 00:01:30.441000,9986,135,3,78,False,8,car,5467.768611111108,0.9426477565961028,-876,328,887,car,0 days 02:38:33.948000
2024-04-07 06:39:35.862,0 days 02:38:34.228000,0 days 00:01:30.721000,10841,146,3,80,False,8,car,5479.124166666664,0.9446054636116474,-749,411,882,car,0 days 02:38:34.228000
2024-04-07 06:39:36.022,0 days 02:38:34.388000,0 days 00:01:30.881000,11162,149,3,80,False,8,car,5485.746388888886,0.9457471401099494,-719,432,881,car,0 days 02:38:34.388000
2024-04-07 06:39:36.383,0 days 02:38:34.749000,0 days 00:01:31.242000,10483,165,3,93,False,8,car,5502.29222222222,0.9485996552366842,-523,475,868,car,0 days 02:38:34.749000
2024-04-07 06:39:36.663,0 days 02:38:35.029000,0 days 00:01:31.522000,10839,177,4,98,False,8,car,5516.058888888886,0.950973039769228,-380,493,859,car,0 days 02:38:35.029000
2024-04-07 06:39:36.983,0 days 02:38:35.349000,0 days 00:01:31.842000,10498,189,4,99,False,8,car,5532.858888888885,0.9538693734360609,-300,489,853,car,0 days 02:38:35.349000
2024-04-07 06:39:37.303,0 days 02:38:35.669000,0 days 00:01:32.162000,10575,199,5,99,False,8,car,5550.547777777774,0.9569189522704514,-40,463,833,car,0 days 02:38:35.669000
2024-04-07 06:39:37.543,0 days 02:38:35.909000,0 days 00:01:32.402000,10814,201,5,99,False,8,car,5563.947777777774,0.9592291231713778,78,435,825,car,0 days 02:38:35.909000
2024-04-07 06:39:37.863,0 days 02:38:36.229000,0 days 00:01:32.722000,11245,216,5,99,False,8,car,5583.147777777774,0.9625392187906155,251,381,814,car,0 days 02:38:36.229000
2024-04-07 06:39:38.143,0 days 02:38:36.509000,0 days 00:01:33.002000,10286,221,5,99,False,8,car,5600.3366666666625,0.965502597218255,461,297,802,car,0 days 02:38:36.509000
2024-04-07 06:39:38.383,0 days 02:38:36.749000,0 days 00:01:33.242000,10333,228,6,99,False,8,car,5615.536666666663,0.9681230895834851,608,222,793,car,0 days 02:38:36.749000
2024-04-07 06:39:38.663,0 days 02:38:37.029000,0 days 00:01:33.522000,10638,235,6,99,False,8,car,5633.8144444444415,0.9712741933413823,725,147,786,car,0 days 02:38:37.029000
2024-04-07 06:39:38.903,0 days 02:38:37.269000,0 days 00:01:33.762000,10954,239,6,99,False,8,car,5649.747777777775,0.9740211129698472,828,76,782,car,0 days 02:38:37.269000
2024-04-07 06:39:39.223,0 days 02:38:37.589000,0 days 00:01:34.082000,11163,245,6,99,False,14,car,5671.525555555552,0.9777756195750011,990,-60,774,car,0 days 02:38:37.589000
2024-04-07 06:39:39.423,0 days 02:38:37.789000,0 days 00:01:34.282000,11373,249,6,99,False,14,car,5685.358888888886,0.9801604974951118,1081,-147,771,car,0 days 02:38:37.789000
2024-04-07 06:39:39.743,0 days 02:38:38.109000,0 days 00:01:34.602000,11768,254,6,99,False,12,car,5707.936666666665,0.9840529247510675,1303,-378,760,car,0 days 02:38:38.109000
2024-04-07 06:39:39.943,0 days 02:38:38.309000,0 days 00:01:34.802000,10517,258,6,99,False,12,car,5722.269999999999,0.9865240030779293,1407,-493,755,car,0 days 02:38:38.309000
2024-04-07 06:39:40.143,0 days 02:38:38.509000,0 days 00:01:35.002000,10626,262,7,99,False,12,car,5736.825555555553,0.9890333926966801,1442,-539,754,car,0 days 02:38:38.509000
2024-04-07 06:39:40.303,0 days 02:38:38.669000,0 days 00:01:35.162000,10662,266,7,99,False,12,car,5748.647777777776,0.9910715534251924,1499,-607,751,car,0 days 02:38:38.669000
2024-04-07 06:39:40.623,0 days 02:38:38.989000,0 days 00:01:35.482000,10834,271,7,99,False,12,car,5772.736666666665,0.9952244974659954,1638,-769,745,car,0 days 02:38:38.989000
