Date_x,SessionTime_x,Time,RPM_x,Speed_x,nGear_x,Throttle_x,Brake_x,DRS_x,Source_x,Distance,RelativeDistance,X,Y,Z,Source_y,SessionTime_y
2024-03-09 18:19:04.073,0 days 02:14:48.853000,0 days 00:00:00.017000,10492,298,8,99,False,0,car,1.5977777777777824,0.0002604621963257359,-1318.218687094187,292.40743569920824,117.9152326013021,car,0 days 02:14:48.853000
2024-03-09 18:19:04.233,0 days 02:14:49.013000,0 days 00:00:00.177000,10492,300,8,99,False,0,car,14.931111111111113,0.0024339993005738727,-1353.5049477699501,388.4559587242328,118.05406941453933,car,0 days 02:14:49.013000
2024-03-09 18:19:04.473,0 days 02:14:49.253000,0 days 00:00:00.417000,10618,301,8,99,False,0,car,34.99777777777778,0.0057051726424673195,-1424.5957835651006,579.5947747844821,117.98908192671055,car,0 days 02:14:49.253000
2024-03-09 18:19:04.673,0 days 02:14:49.453000,0 days 00:00:00.617000,10641,302,8,99,False,0,car,51.775555555555556,0.008440206831979559,-1482.8530917652208,736.8424583382844,116.821144149592,car,0 days 02:14:49.453000
2024-03-09 18:19:04.914,0 days 02:14:49.694000,0 days 00:00:00.858000,10695,302,8,99,False,0,car,71.99277777777777,0.011735923030341808,-1551.8711203493222,927.4890199722181,117.02137854988892,car,0 days 02:14:49.694000
2024-03-09 18:19:05.074,0 days 02:14:49.854000,0 days 00:00:01.018000,10725,304,8,99,False,0,car,85.5038888888889,0.013938440629313254,-1598.4452784437278,1053.8499254337876,116.99654398149546,car,0 days 02:14:49.854000
2024-03-09 18:19:05.274,0 days 02:14:50.054000,0 days 00:00:01.218000,10725,304,8,99,False,0,car,102.39277777777778,0.01669158762802756,-1657.3108651395214,1213.7296895009044,117.00127366104466,car,0 days 02:14:50.054000
2024-03-09 18:19:05.474,0 days 02:14:50.254000,0 days 00:00:01.418000,10686,303,8,99,False,0,car,119.22611111111111,0.019435678222140835,-1714.2760986802377,1370.1831561499805,116.9999356027156,car,0 days 02:14:50.254000
2024-03-09 18:19:05.714,0 days 02:14:50.494000,0 days 00:00:01.658000,10651,303,8,99,False,0,car,139.4261111111111,0.022728586935076765,-1793.3154493712473,1585.8818123759124,116.99995884455016,car,0 days 02:14:50.494000
2024-03-09 18:19:06.114,0 days 02:14:50.894000,0 days 00:00:02.058000,10607,302,8,99,False,0,car,172.98166666666665,0.02819865531410124,-1918.3965285811396,1926.616018149008,117.00183052431174,car,0 days 02:14:50.894000
2024-03-09 18:19:06.314,0 days 02:14:51.094000,0 days 00:00:02.258000,10601,303,8,99,False,0,car,189.815,0.030942745908214515,-1956.7234504839575,2030.5270589249785,116.99929459624286,car,0 days 02:14:51.094000
2024-03-09 18:19:06.674,0 days 02:14:51.454000,0 days 00:00:02.618000,10591,301,8,99,False,0,car,219.915,0.03584950592105469,-2061.8168646694335,2317.5832052501246,117.02709293600324,car,0 days 02:14:51.454000
2024-03-09 18:19:06.834,0 days 02:14:51.614000,0 days 00:00:02.778000,10574,301,8,99,False,0,car,233.2927777777778,0.038030288148983654,-2107.454532457917,2442.5424180046803,116.87193956494043,car,0 days 02:14:51.614000
2024-03-09 18:19:06.994,0 days 02:14:51.774000,0 days 00:00:02.938000,10555,300,8,99,False,0,car,246.62611111111113,0.04020382525323179,-2152.5727458007295,2566.4486396698358,117.38008457748215,car,0 days 02:14:51.774000
2024-03-09 18:19:07.314,0 days 02:14:52.094000,0 days 00:00:03.258000,10482,299,8,99,False,0,car,273.2038888888889,0.04453640921436641,-2235.346354071816,2838.5647021079826,116.91107531998513,car,0 days 02:14:52.094000
2024-03-09 18:19:07.474,0 days 02:14:52.254000,0 days 00:00:03.418000,10482,298,8,99,False,0,car,286.4483333333334,0.046695456071252896,-2280.4808129325984,3007.4549856977887,117.65831973681577,car,0 days 02:14:52.254000
2024-03-09 18:19:07.634,0 days 02:14:52.414000,0 days 00:00:03.578000,10440,297,8,99,False,0,car,299.64833333333337,0.04884725780445855,-2324.5214483951313,3171.783843895517,118.17640634018129,car,0 days 02:14:52.414000
2024-03-09 18:19:08.034,0 days 02:14:52.814000,0 days 00:00:03.978000,10436,296,8,99,False,0,car,332.5372222222223,0.05420864932827063,-2409.0358573040867,3483.765392867813,118.201223906808,car,0 days 02:14:52.814000
2024-03-09 18:19:08.274,0 days 02:14:53.054000,0 days 00:00:04.218000,10410,296,8,88,False,0,car,352.2705555555556,0.05742548424255787,-2440.4337210477693,3600.0623823973947,118.99351642121046,car,0 days 02:14:53.054000
2024-03-09 18:19:08.634,0 days 02:14:53.414000,0 days 00:00:04.578000,9790,287,8,0,False,0,car,380.9705555555556,0.06210402285945199,-2539.998080374959,3958.9600753599966,118.02254430677215,car,0 days 02:14:53.414000
2024-03-09 18:19:08.994,0 days 02:14:53.774000,0 days 00:00:04.938000,8800,254,8,0,True,0,car,406.3705555555556,0.06624461104304469,-2593.498965399561,4154.015914955048,117.76473714643843,car,0 days 02:14:53.774000
2024-03-09 18:19:09.233,0 days 02:14:54.013000,0 days 00:00:05.177000,8468,212,8,0,True,0,car,420.44500000000005,0.06853896058467061,-2653.0447697400928,4357.345724132613,116.80135966049667,car,0 days 02:14:54.013000
2024-03-09 18:19:09.673,0 days 02:14:54.453000,0 days 00:00:05.617000,8736,169,8,0,True,0,car,441.1005555555556,0.07190613181533502,-2705.240343422752,4488.4418492497025,115.66908285414945,car,0 days 02:14:54.453000
2024-03-09 18:19:09.913,0 days 02:14:54.693000,0 days 00:00:05.857000,9815,153,8,0,True,0,car,451.3005555555556,0.07356888770008485,-2760.1967144120517,4608.738606688408,114.9416679847165,car,0 days 02:14:54.693000
2024-03-09 18:19:10.233,0 days 02:14:55.013000,0 days 00:00:06.177000,9085,132,5,0,True,0,car,463.0338888888889,0.0754816003518232,-2800.6556255921155,4662.728653205346,114.69745315775995,car,0 days 02:14:55.013000
2024-03-09 18:19:10.513,0 days 02:14:55.293000,0 days 00:00:06.457000,8652,125,3,0,True,0,car,472.7561111111111,0.07706647115700414,-2870.0732363124207,4733.68964933535,112.66149616966742,car,0 days 02:14:55.293000
2024-03-09 18:19:10.793,0 days 02:14:55.573000,0 days 00:00:06.737000,8072,117,3,0,True,0,car,481.85611111111115,0.0785499102306535,-2947.781748003471,4774.186912328088,112.79980090321246,car,0 days 02:14:55.573000
2024-03-09 18:19:11.113,0 days 02:14:55.893000,0 days 00:00:07.057000,7781,113,3,0,False,0,car,491.9005555555556,0.08018730818252043,-3044.4360814878983,4784.233033309772,113.24372697634294,car,0 days 02:14:55.893000
2024-03-09 18:19:11.313,0 days 02:14:56.093000,0 days 00:00:07.257000,7566,108,3,0,False,0,car,497.9005555555556,0.0811653998794321,-3104.9795348008765,4772.619382746386,115.0121449397444,car,0 days 02:14:56.093000
2024-03-09 18:19:11.554,0 days 02:14:56.334000,0 days 00:00:07.498000,7473,104,3,7,False,0,car,504.86277777777786,0.08230034850403367,-3197.872262540173,4756.0675140885905,117.14097310091083,car,0 days 02:14:56.334000
2024-03-09 18:19:11.874,0 days 02:14:56.654000,0 days 00:00:07.818000,7234,101,3,0,True,0,car,513.8405555555556,0.08376386348756074,-3290.275685534461,4744.984530981885,118.01997782688264,car,0 days 02:14:56.654000
2024-03-09 18:19:12.034,0 days 02:14:56.814000,0 days 00:00:07.978000,6864,99,3,0,True,0,car,518.2405555555556,0.08448113073196262,-3307.963083074379,4748.278577961892,118.06034427350356,car,0 days 02:14:56.814000
2024-03-09 18:19:12.354,0 days 02:14:57.134000,0 days 00:00:08.298000,6486,92,3,0,True,0,car,526.4183333333334,0.08581423348923482,-3389.695469302703,4769.328456982612,119.00317385300343,car,0 days 02:14:57.134000
2024-03-09 18:19:12.594,0 days 02:14:57.374000,0 days 00:00:08.538000,6285,87,3,0,False,0,car,532.2183333333334,0.08675972212958274,-3437.1180453479674,4803.097323108272,118.99295807509887,car,0 days 02:14:57.374000
2024-03-09 18:19:12.874,0 days 02:14:57.654000,0 days 00:00:08.818000,5980,84,3,0,False,0,car,538.7516666666667,0.08782475531066433,-3476.9265865366483,4853.711257215823,119.00012185651327,car,0 days 02:14:57.654000
2024-03-09 18:19:13.154,0 days 02:14:57.934000,0 days 00:00:09.098000,6110,82,3,16,False,0,car,545.1294444444445,0.08886443055886303,-3508.5098215956987,4946.588300758114,119.00011163970909,car,0 days 02:14:57.934000
2024-03-09 18:19:13.434,0 days 02:14:58.214000,0 days 00:00:09.378000,6227,84,3,23,False,0,car,551.6627777777778,0.08992946373994462,-3514.527862150428,4985.6234082673745,118.99834066741356,car,0 days 02:14:58.214000
2024-03-09 18:19:13.594,0 days 02:14:58.374000,0 days 00:00:09.538000,6403,86,3,32,False,0,car,555.485,0.09055254437649575,-3513.4784160879367,5017.5152791500495,119.00375157349052,car,0 days 02:14:58.374000
2024-03-09 18:19:14.034,0 days 02:14:58.814000,0 days 00:00:09.978000,6949,94,3,53,False,0,car,566.9738888888888,0.09242540884798955,-3506.4754231644083,5160.819531388436,118.9366600533287,car,0 days 02:14:58.814000
2024-03-09 18:19:14.234,0 days 02:14:59.014000,0 days 00:00:10.178000,7380,99,3,59,False,0,car,572.4738888888888,0.09332199290349191,-3500.8723756618465,5214.443905920496,119.05894911794279,car,0 days 02:14:59.014000
2024-03-09 18:19:14.514,0 days 02:14:59.294000,0 days 00:00:10.458000,8102,105,3,68,False,0,car,580.6405555555555,0.09465328437984388,-3494.1063790965563,5270.679186359304,119.79983985849427,car,0 days 02:14:59.294000
2024-03-09 18:19:14.874,0 days 02:14:59.654000,0 days 00:00:10.818000,9175,120,3,80,False,0,car,592.6405555555555,0.0966094677736672,-3474.9801435731515,5385.43503482099,120.00314056883684,car,0 days 02:14:59.654000
2024-03-09 18:19:15.274,0 days 02:15:00.054000,0 days 00:00:11.218000,10647,139,3,99,False,0,car,608.0849999999999,0.09912714825275463,-3449.4047544726427,5520.598607421264,119.97672039599135,car,0 days 02:15:00.054000
2024-03-09 18:19:15.474,0 days 02:15:00.254000,0 days 00:00:11.418000,11383,149,3,99,False,0,car,616.3627777777776,0.10047655253830867,-3433.4202090250033,5594.703798011988,120.23239798486638,car,0 days 02:15:00.254000
2024-03-09 18:19:15.634,0 days 02:15:00.414000,0 days 00:00:11.578000,11200,160,3,99,False,0,car,623.4738888888887,0.10163577232724101,-3417.4054450901835,5666.343652625556,119.73894937017283,car,0 days 02:15:00.414000
2024-03-09 18:19:16.113,0 days 02:15:00.893000,0 days 00:00:12.057000,11274,179,4,99,False,0,car,647.2908333333332,0.10551829826172726,-3369.737074240331,5894.057581541645,116.81482585049937,car,0 days 02:15:00.893000
2024-03-09 18:19:16.513,0 days 02:15:01.293000,0 days 00:00:12.457000,10327,194,4,99,False,0,car,668.8463888888888,0.10903218324692841,-3336.1298011591307,6165.649950899937,114.82752875006607,car,0 days 02:15:01.293000
2024-03-09 18:19:16.673,0 days 02:15:01.453000,0 days 00:00:12.617000,10494,201,5,99,False,0,car,677.7797222222222,0.11048845310677469,-3330.582981419405,6233.0298217993895,114.31959756205816,car,0 days 02:15:01.453000
2024-03-09 18:19:17.033,0 days 02:15:01.813000,0 days 00:00:12.977000,10981,214,5,99,False,0,car,699.1797222222222,0.11397698015909294,-3333.424764164084,6389.627190217575,113.99837847882854,car,0 days 02:15:01.813000
2024-03-09 18:19:17.273,0 days 02:15:02.053000,0 days 00:00:13.217000,11561,219,5,99,False,0,car,713.7797222222222,0.11635700328824465,-3346.130756614856,6547.330562663323,114.00031155216517,car,0 days 02:15:02.053000
2024-03-09 18:19:17.713,0 days 02:15:02.493000,0 days 00:00:13.657000,10651,230,6,99,False,0,car,741.8908333333333,0.1209395440163678,-3377.3021908176793,6825.344704801835,114.01137888067757,car,0 days 02:15:02.493000
2024-03-09 18:19:17.913,0 days 02:15:02.693000,0 days 00:00:13.857000,10863,235,6,99,False,0,car,754.9463888888888,0.12306779909761077,-3408.9544042990665,7066.710610619203,115.39017901957932,car,0 days 02:15:02.693000
2024-03-09 18:19:18.154,0 days 02:15:02.934000,0 days 00:00:14.098000,10863,242,6,99,False,0,car,771.1469444444444,0.12570873724331827,-3416.003230195969,7120.665357214311,115.04964234262651,car,0 days 02:15:02.934000
2024-03-09 18:19:18.474,0 days 02:15:03.254000,0 days 00:00:14.418000,11301,248,6,99,False,0,car,793.1913888888888,0.12930231858900854,-3447.129505296475,7359.674019041458,115.00173477909696,car,0 days 02:15:03.254000
2024-03-09 18:19:18.754,0 days 02:15:03.534000,0 days 00:00:14.698000,11446,252,6,99,False,0,car,812.7913888888888,0.1324974181322533,-3470.769353914794,7543.911049905888,114.86649225091938,car,0 days 02:15:03.534000
2024-03-09 18:19:18.914,0 days 02:15:03.694000,0 days 00:00:14.858000,11496,252,6,99,False,0,car,823.9913888888889,0.13432318929982173,-3482.2444435517104,7632.866546513698,115.00779239140988,car,0 days 02:15:03.694000
2024-03-09 18:19:19.194,0 days 02:15:03.974000,0 days 00:00:15.138000,11608,255,6,99,False,0,car,843.8247222222221,0.13755632574239082,-3508.1294251858512,7829.480692999614,116.03935902769075,car,0 days 02:15:03.974000
2024-03-09 18:19:19.394,0 days 02:15:04.174000,0 days 00:00:15.338000,11673,257,6,99,False,0,car,858.1024999999998,0.13988382172485653,-3526.2769903670364,7971.115370935155,115.99914540538303,car,0 days 02:15:04.174000
2024-03-09 18:19:19.594,0 days 02:15:04.374000,0 days 00:00:15.538000,11738,258,6,99,False,0,car,872.4358333333332,0.1422203741119233,-3545.0132267256663,8112.68994106592,116.00153253811337,car,0 days 02:15:04.374000
2024-03-09 18:19:19.954,0 days 02:15:04.734000,0 days 00:00:15.898000,11809,260,6,99,False,0,car,898.4358333333332,0.14645877146520714,-3578.710708901782,8376.539719541652,115.98715227620237,car,0 days 02:15:04.734000
2024-03-09 18:19:20.154,0 days 02:15:04.934000,0 days 00:00:16.098000,11292,260,6,10,False,0,car,912.8802777777776,0.14881343666147595,-3602.2673395131114,8569.260918488799,116.00523011966352,car,0 days 02:15:04.934000
2024-03-09 18:19:20.394,0 days 02:15:05.174000,0 days 00:00:16.338000,10572,242,6,0,True,0,car,929.013611111111,0.1514434165576162,-3614.4352400141142,8685.562564926706,116.85468106794396,car,0 days 02:15:05.174000
2024-03-09 18:19:20.714,0 days 02:15:05.494000,0 days 00:00:16.658000,10069,205,6,0,True,0,car,947.2358333333333,0.15441391726675535,-3632.759890463127,8925.245400448412,117.00585058078647,car,0 days 02:15:05.494000
2024-03-09 18:19:20.954,0 days 02:15:05.734000,0 days 00:00:16.898000,11062,180,5,0,True,0,car,959.2358333333332,0.15637010066057866,-3644.07476274235,9037.593423750986,117.14389503770552,car,0 days 02:15:05.734000
2024-03-09 18:19:21.194,0 days 02:15:05.974000,0 days 00:00:17.138000,9848,169,4,0,True,0,car,970.5024999999999,0.15820673951366834,-3664.865339377179,9098.122716029338,116.81952101530158,car,0 days 02:15:05.974000
2024-03-09 18:19:21.434,0 days 02:15:06.214000,0 days 00:00:17.378000,9589,160,4,0,False,0,car,981.1691666666666,0.15994556919706684,-3717.324689679529,9183.340531907572,115.81658094460403,car,0 days 02:15:06.214000
2024-03-09 18:19:21.834,0 days 02:15:06.614000,0 days 00:00:17.778000,9613,156,4,45,False,0,car,998.5024999999998,0.1627711674325894,-3863.0461171576694,9276.060914166566,116.71798947283929,car,0 days 02:15:06.614000
2024-03-09 18:19:22.114,0 days 02:15:06.894000,0 days 00:00:18.058000,10017,159,4,57,False,0,car,1010.8691666666665,0.16478712309677956,-4020.421823028781,9339.748384902987,119.5622227371841,car,0 days 02:15:06.894000
2024-03-09 18:19:22.314,0 days 02:15:07.094000,0 days 00:00:18.258000,10270,163,4,80,False,0,car,1019.924722222222,0.16626331704674807,-4076.6088659372267,9367.01719302299,120.86028869936185,car,0 days 02:15:07.094000
2024-03-09 18:19:22.633,0 days 02:15:07.413000,0 days 00:00:18.577000,10553,176,4,85,False,0,car,1035.5202777777777,0.16880563094635034,-4200.787223552379,9445.603694765661,124.01519082115676,car,0 days 02:15:07.413000
2024-03-09 18:19:22.913,0 days 02:15:07.693000,0 days 00:00:18.857000,11274,181,4,79,False,0,car,1049.5980555555552,0.17110052387225227,-4295.029634137132,9529.372009166495,125.9619241196635,car,0 days 02:15:07.693000
2024-03-09 18:19:23.273,0 days 02:15:08.053000,0 days 00:00:19.217000,10013,190,5,77,False,0,car,1068.5980555555552,0.17419781424580588,-4444.992888656074,9744.390292520467,128.89618793061626,car,0 days 02:15:08.053000
2024-03-09 18:19:23.473,0 days 02:15:08.253000,0 days 00:00:19.417000,10219,193,5,78,False,0,car,1079.3202777777776,0.17594570033380547,-4480.875434335369,9806.618994808789,129.67739051580952,car,0 days 02:15:08.253000
2024-03-09 18:19:23.833,0 days 02:15:08.613000,0 days 00:00:19.777000,10572,197,5,78,False,0,car,1099.0202777777777,0.1791571014053321,-4535.941235253893,9952.423622512337,130.6084156886053,car,0 days 02:15:08.613000
2024-03-09 18:19:24.153,0 days 02:15:08.933000,0 days 00:00:20.097000,10774,203,5,78,False,0,car,1117.0647222222221,0.1820986216197479,-4580.745876961039,10129.35193733504,132.13510204804834,car,0 days 02:15:08.933000
2024-03-09 18:19:24.433,0 days 02:15:09.213000,0 days 00:00:20.377000,11010,207,5,82,False,0,car,1133.164722222222,0.18472316767312752,-4598.954392415818,10277.203881260471,132.0925642970052,car,0 days 02:15:09.213000
2024-03-09 18:19:24.594,0 days 02:15:09.374000,0 days 00:00:20.538000,11087,208,5,82,False,0,car,1142.4669444444444,0.18623957205952466,-4598.947311052647,10428.3421627034,131.4821341653922,car,0 days 02:15:09.374000
2024-03-09 18:19:24.794,0 days 02:15:09.574000,0 days 00:00:20.738000,11356,212,5,86,False,0,car,1154.2447222222222,0.18815952983494386,-4593.613038519319,10587.313914137438,130.3423707634151,car,0 days 02:15:09.574000
2024-03-09 18:19:25.114,0 days 02:15:09.894000,0 days 00:00:21.058000,11647,217,5,94,False,0,car,1173.5336111111112,0.19130391351242285,-4572.088369603285,10683.524225967532,128.8797866550269,car,0 days 02:15:09.894000
2024-03-09 18:19:25.554,0 days 02:15:10.334000,0 days 00:00:21.498000,10505,229,6,99,False,0,car,1201.5225000000003,0.19586653015042374,-4471.218496538465,10956.848549707665,125.87100210113967,car,0 days 02:15:10.334000
2024-03-09 18:19:25.874,0 days 02:15:10.654000,0 days 00:00:21.818000,10595,236,6,99,False,0,car,1222.5002777777781,0.19928622852777417,-4355.451677745693,11161.396748634335,120.61480823989142,car,0 days 02:15:10.654000
2024-03-09 18:19:26.234,0 days 02:15:11.014000,0 days 00:00:22.178000,11228,243,6,93,False,0,car,1246.800277777778,0.2032474999002664,-4263.977139685909,11381.778663535733,116.69490754765813,car,0 days 02:15:11.014000
2024-03-09 18:19:26.514,0 days 02:15:11.294000,0 days 00:00:22.458000,11338,247,6,82,False,0,car,1266.011388888889,0.20637920461130388,-4233.891509420651,11569.185431910288,113.30656292560502,car,0 days 02:15:11.294000
2024-03-09 18:19:26.794,0 days 02:15:11.574000,0 days 00:00:22.738000,11324,247,6,76,False,0,car,1285.2225000000003,0.20951090932234143,-4234.648472935361,11762.71946640162,112.34494156128211,car,0 days 02:15:11.574000
2024-03-09 18:19:27.194,0 days 02:15:11.974000,0 days 00:00:23.138000,11298,248,6,73,False,0,car,1312.778055555556,0.21400288600445427,-4279.643078249158,12034.855106341898,114.60806946687337,car,0 days 02:15:11.974000
2024-03-09 18:19:27.594,0 days 02:15:12.374000,0 days 00:00:23.538000,11288,247,6,75,False,0,car,1340.2225000000003,0.218476749877365,-4351.4126630114915,12301.11460650952,118.1150919945589,car,0 days 02:15:12.374000
2024-03-09 18:19:27.994,0 days 02:15:12.774000,0 days 00:00:23.938000,11346,248,6,76,False,0,car,1367.7780555555557,0.2229687265594778,-4452.131658564453,12552.2768779445,123.72548250753006,car,0 days 02:15:12.774000
2024-03-09 18:19:28.234,0 days 02:15:13.014000,0 days 00:00:24.178000,11391,248,6,86,False,0,car,1384.3113888888893,0.22566391256874552,-4550.063538886754,12666.215821501675,126.00477994827136,car,0 days 02:15:13.014000
2024-03-09 18:19:28.594,0 days 02:15:13.374000,0 days 00:00:24.538000,11587,252,6,84,False,0,car,1409.5113888888893,0.2297718976957745,-4823.169276062723,12832.249136459763,129.68834789301167,car,0 days 02:15:13.374000
2024-03-09 18:19:28.874,0 days 02:15:13.654000,0 days 00:00:24.818000,11350,251,6,58,False,0,car,1429.0336111111117,0.23295431827257784,-4944.057975160248,12954.25648352519,131.3027291643799,car,0 days 02:15:13.654000
2024-03-09 18:19:29.074,0 days 02:15:13.854000,0 days 00:00:25.018000,11250,247,6,55,False,0,car,1442.7558333333338,0.2351912502090332,-4978.7495291797895,13059.030719253666,132.2321988148143,car,0 days 02:15:13.854000
2024-03-09 18:19:29.353,0 days 02:15:14.133000,0 days 00:00:25.297000,11274,246,6,69,False,0,car,1461.820833333334,0.23829913657597002,-5023.97178862603,13244.07255658708,133.57623143118158,car,0 days 02:15:14.133000
2024-03-09 18:19:29.593,0 days 02:15:14.373000,0 days 00:00:25.537000,11236,246,6,75,False,0,car,1478.2208333333338,0.2409725872141952,-5038.057573961753,13406.235729907039,134.79253424786023,car,0 days 02:15:14.373000
2024-03-09 18:19:29.913,0 days 02:15:14.693000,0 days 00:00:25.857000,11207,245,6,78,False,0,car,1499.9986111111116,0.2445226978178005,-5043.143302277829,13626.160313309123,134.96797062801295,car,0 days 02:15:14.693000
2024-03-09 18:19:30.073,0 days 02:15:14.853000,0 days 00:00:26.017000,11240,246,6,83,False,0,car,1510.931944444445,0.246304998243284,-5040.947448042358,13736.376781561745,135.0013506534781,car,0 days 02:15:14.853000
2024-03-09 18:19:30.473,0 days 02:15:15.253000,0 days 00:00:26.417000,10900,243,6,0,True,0,car,1537.9319444444452,0.2507064108793865,-5018.952775030992,14008.293835303168,133.32363963129512,car,0 days 02:15:15.253000
2024-03-09 18:19:30.793,0 days 02:15:15.573000,0 days 00:00:26.737000,10398,233,6,0,False,0,car,1558.6430555555562,0.2540826385146519,-4972.601195730178,14211.219775538506,130.99073800079674,car,0 days 02:15:15.573000
2024-03-09 18:19:31.033,0 days 02:15:15.813000,0 days 00:00:26.977000,9935,225,6,2,False,0,car,1573.6430555555564,0.25652786775693115,-4914.455525284492,14350.07434722275,129.9837696726583,car,0 days 02:15:15.813000
2024-03-09 18:19:31.194,0 days 02:15:15.974000,0 days 00:00:27.138000,9947,222,6,3,False,0,car,1583.57138888889,0.2581463378231819,-4864.841427813463,14433.78179952954,128.1913692543766,car,0 days 02:15:15.974000
2024-03-09 18:19:31.474,0 days 02:15:16.254000,0 days 00:00:27.418000,9866,215,6,52,False,0,car,1600.293611111112,0.2608723156080931,-4709.262671553963,14597.846872809767,125.6617528249658,car,0 days 02:15:16.254000
2024-03-09 18:19:31.794,0 days 02:15:16.574000,0 days 00:00:27.738000,9919,216,6,78,False,0,car,1619.4936111111122,0.2640022090382104,-4597.313644679944,14686.506822235428,124.29140980915896,car,0 days 02:15:16.574000
2024-03-09 18:19:32.114,0 days 02:15:16.894000,0 days 00:00:28.058000,10076,222,6,93,False,0,car,1639.2269444444455,0.2672190439524977,-4368.216190083529,14816.733702997948,121.69996038230828,car,0 days 02:15:16.894000
2024-03-09 18:19:32.394,0 days 02:15:17.174000,0 days 00:00:28.338000,10448,229,6,82,False,0,car,1657.0380555555566,0.2701225272675892,-4257.081127859893,14880.115092346527,119.44097499398526,car,0 days 02:15:17.174000
2024-03-09 18:19:32.714,0 days 02:15:17.494000,0 days 00:00:28.658000,10588,230,6,77,False,0,car,1677.4825000000012,0.27345528416076964,-4117.633463022125,14992.02997153246,118.07163568186293,car,0 days 02:15:17.494000
2024-03-09 18:19:32.954,0 days 02:15:17.734000,0 days 00:00:28.898000,10559,231,6,80,False,0,car,1692.882500000001,0.2759657195161762,-4028.267829974318,15114.518349649996,117.02802799188936,car,0 days 02:15:17.734000
2024-03-09 18:19:33.434,0 days 02:15:18.214000,0 days 00:00:29.378000,10853,236,6,99,False,0,car,1724.3491666666678,0.28109526708220184,-3926.6326572238527,15409.030292303338,117.22491711627364,car,0 days 02:15:18.214000
2024-03-09 18:19:33.674,0 days 02:15:18.454000,0 days 00:00:29.618000,11014,240,6,99,False,0,car,1740.3491666666678,0.2837035116072996,-3901.6074452352,15554.288130980964,119.0107477432614,car,0 days 02:15:18.454000
2024-03-09 18:19:34.074,0 days 02:15:18.854000,0 days 00:00:30.018000,11266,247,6,99,False,0,car,1767.7936111111123,0.2881773754802104,-3848.886353436445,15834.306177590228,119.04512751474469,car,0 days 02:15:18.854000
2024-03-09 18:19:34.354,0 days 02:15:19.134000,0 days 00:00:30.298000,11510,252,6,99,False,0,car,1787.3936111111123,0.29137247502345515,-3806.2078509100106,16005.194759857297,118.55055942671119,car,0 days 02:15:19.134000
2024-03-09 18:19:34.714,0 days 02:15:19.494000,0 days 00:00:30.658000,10367,258,7,99,False,0,car,1813.1936111111124,0.2955782693201753,-3735.831231754588,16254.457998003887,116.581498176248,car,0 days 02:15:19.494000
2024-03-09 18:19:34.874,0 days 02:15:19.654000,0 days 00:00:30.818000,10479,261,7,99,False,0,car,1824.7936111111123,0.29746924660087115,-3701.574344209412,16367.076709636844,115.71346821063817,car,0 days 02:15:19.654000
2024-03-09 18:19:35.114,0 days 02:15:19.894000,0 days 00:00:31.058000,10618,264,7,99,False,0,car,1842.3936111111123,0.3003383155784787,-3652.5439391016685,16532.674360396984,113.82241713476145,car,0 days 02:15:19.894000
2024-03-09 18:19:35.394,0 days 02:15:20.174000,0 days 00:00:31.338000,10756,269,7,99,False,0,car,1863.3158333333345,0.30374895755122805,-3595.5272142933736,16795.149455814702,113.31815137234383,car,0 days 02:15:20.174000
2024-03-09 18:19:35.674,0 days 02:15:20.454000,0 days 00:00:31.618000,10896,272,7,99,False,0,car,1884.4713888888898,0.3071976364233017,-3557.1185077548325,17030.633821421256,114.14185449611443,car,0 days 02:15:20.454000
2024-03-09 18:19:35.834,0 days 02:15:20.614000,0 days 00:00:31.778000,10978,274,7,99,False,0,car,1896.6491666666675,0.30918280031184836,-3552.8545198837814,17078.348686264486,113.99842015233175,car,0 days 02:15:20.614000
2024-03-09 18:19:36.033,0 days 02:15:20.813000,0 days 00:00:31.977000,11079,277,7,99,False,0,car,1911.9611111111121,0.3116788812659623,-3537.690431751218,17206.157818802203,113.98626014492905,car,0 days 02:15:20.813000
2024-03-09 18:19:36.233,0 days 02:15:21.013000,0 days 00:00:32.177000,11142,278,7,99,False,0,car,1927.4055555555565,0.3141965617450498,-3517.8140002200184,17376.694720657244,114.00036319126129,car,0 days 02:15:21.013000
2024-03-09 18:19:36.393,0 days 02:15:21.173000,0 days 00:00:32.337000,11262,280,7,99,False,0,car,1939.8500000000013,0.3162251963756814,-3506.162405411203,17494.464271948556,114.03094789332353,car,0 days 02:15:21.173000
2024-03-09 18:19:36.673,0 days 02:15:21.453000,0 days 00:00:32.617000,11286,283,7,99,False,0,car,1961.861111111112,0.319813343878611,-3487.298290997049,17717.048391329146,112.94445515955286,car,0 days 02:15:21.453000
2024-03-09 18:19:36.873,0 days 02:15:21.653000,0 days 00:00:32.817000,11233,285,7,99,False,0,car,1977.6944444444455,0.3223944191899057,-3470.638203839535,17965.819585248297,112.93639249544114,car,0 days 02:15:21.653000
2024-03-09 18:19:37.153,0 days 02:15:21.933000,0 days 00:00:33.097000,11457,288,7,99,False,0,car,2000.0944444444456,0.32604596152504256,-3461.0974435816465,18158.20923793886,113.3184394160723,car,0 days 02:15:21.933000
2024-03-09 18:19:37.353,0 days 02:15:22.133000,0 days 00:00:33.297000,11534,289,7,99,False,0,car,2016.1500000000008,0.3286632624547413,-3459.980489038915,18251.257398541184,112.99083924093918,car,0 days 02:15:22.133000
2024-03-09 18:19:37.794,0 days 02:15:22.574000,0 days 00:00:33.738000,11664,292,7,99,False,0,car,2051.920000000001,0.334494319121163,-3467.9314940198055,18719.155997509522,112.03788597576829,car,0 days 02:15:22.574000
2024-03-09 18:19:38.194,0 days 02:15:22.974000,0 days 00:00:34.138000,11758,295,7,99,False,0,car,2084.697777777779,0.33983759783577305,-3476.110295358523,18936.490151197366,111.9998619770437,car,0 days 02:15:22.974000
2024-03-09 18:19:38.354,0 days 02:15:23.134000,0 days 00:00:34.298000,11780,295,7,99,False,0,car,2097.80888888889,0.34197490932161706,-3482.189590338687,19075.02882420626,112.0004756584588,car,0 days 02:15:23.134000
2024-03-09 18:19:38.754,0 days 02:15:23.534000,0 days 00:00:34.698000,11846,298,7,99,False,0,car,2130.920000000001,0.3473725264638332,-3499.5323084113475,19441.01524690528,111.99570729943713,car,0 days 02:15:23.534000
2024-03-09 18:19:38.954,0 days 02:15:23.734000,0 days 00:00:34.898000,11819,297,7,99,False,0,car,2147.4200000000014,0.3500622786303404,-3507.7193523878695,19603.87385316713,112.01469183883904,car,0 days 02:15:23.734000
2024-03-09 18:19:39.194,0 days 02:15:23.974000,0 days 00:00:35.138000,11816,297,7,99,False,0,car,2167.220000000001,0.3532899812301488,-3515.412714210325,19761.389516935702,112.00768848034035,car,0 days 02:15:23.974000
2024-03-09 18:19:39.514,0 days 02:15:24.294000,0 days 00:00:35.458000,11787,297,7,99,False,0,car,2193.6200000000013,0.35759358469656016,-3527.870744132089,20023.629085092572,112.12626953207125,car,0 days 02:15:24.294000
2024-03-09 18:19:39.874,0 days 02:15:24.654000,0 days 00:00:35.818000,11723,295,7,99,False,0,car,2223.1200000000013,0.36240253553970914,-3544.1411745905175,20318.938123252425,114.87379175581135,car,0 days 02:15:24.654000
2024-03-09 18:19:40.274,0 days 02:15:25.054000,0 days 00:00:36.218000,11709,293,7,99,False,0,car,2255.6755555555574,0.36770958863591513,-3577.821924949723,20670.39991010687,118.99089508475149,car,0 days 02:15:25.054000
2024-03-09 18:19:40.474,0 days 02:15:25.254000,0 days 00:00:36.418000,11602,292,7,43,False,0,car,2271.897777777779,0.3703540587794169,-3617.2534146512126,20930.35930294874,121.51148635118604,car,0 days 02:15:25.254000
2024-03-09 18:19:40.674,0 days 02:15:25.454000,0 days 00:00:36.618000,10698,271,7,0,True,0,car,2286.9533333333347,0.3728083444262971,-3634.6171790889466,21034.985644553417,121.29482848060783,car,0 days 02:15:25.454000
2024-03-09 18:19:40.914,0 days 02:15:25.694000,0 days 00:00:36.858000,10278,247,7,0,True,0,car,2303.420000000001,0.3754926627500435,-3653.3465943945507,21120.572493087762,118.96417719270221,car,0 days 02:15:25.694000
2024-03-09 18:19:41.074,0 days 02:15:25.854000,0 days 00:00:37.018000,10151,228,6,0,True,0,car,2313.5533333333346,0.37714455094927213,-3677.6160737761925,21222.20281123999,116.96638103944686,car,0 days 02:15:25.854000
2024-03-09 18:19:41.274,0 days 02:15:26.054000,0 days 00:00:37.218000,11551,214,6,0,True,0,car,2325.442222222224,0.37908262153389344,-3730.4882807329423,21383.281321896775,115.276894084326,car,0 days 02:15:26.054000
2024-03-09 18:19:41.474,0 days 02:15:26.254000,0 days 00:00:37.418000,11717,201,6,0,True,0,car,2336.6088888888903,0.38090295885870123,-3763.2530622780846,21468.973004014522,114.68350891954032,car,0 days 02:15:26.254000
2024-03-09 18:19:41.634,0 days 02:15:26.414000,0 days 00:00:37.578000,11271,190,4,0,True,0,car,2345.053333333335,0.38227953235805845,-3794.269662627875,21512.619494140967,115.01737581000093,car,0 days 02:15:26.414000
2024-03-09 18:19:41.954,0 days 02:15:26.734000,0 days 00:00:37.898000,10504,177,4,0,True,0,car,2360.786666666668,0.38484430614107124,-3934.1200018148274,21675.21344645057,117.11625086588904,car,0 days 02:15:26.734000
2024-03-09 18:19:42.154,0 days 02:15:26.934000,0 days 00:00:38.098000,10073,173,4,0,True,0,car,2370.397777777779,0.38641106413705006,-3979.122470683005,21708.286225498578,117.7321230414304,car,0 days 02:15:26.934000
2024-03-09 18:19:42.474,0 days 02:15:27.254000,0 days 00:00:38.418000,9564,160,4,0,True,0,car,2384.6200000000013,0.3887295037149147,-4085.809362063095,21764.058735911236,120.21390943089162,car,0 days 02:15:27.254000
2024-03-09 18:19:42.753,0 days 02:15:27.533000,0 days 00:00:38.697000,9128,155,4,0,False,0,car,2396.6325000000015,0.3906877247997733,-4233.09837468033,21795.208292962183,122.9081681310934,car,0 days 02:15:27.533000
2024-03-09 18:19:43.153,0 days 02:15:27.933000,0 days 00:00:39.097000,8674,148,4,5,False,0,car,2413.076944444446,0.3933684205616793,-4365.615753642474,21777.647365103287,123.06575231865213,car,0 days 02:15:27.933000
2024-03-09 18:19:43.353,0 days 02:15:28.133000,0 days 00:00:39.297000,9020,147,4,24,False,0,car,2421.2436111111124,0.3946997120380313,-4447.369740620364,21744.796568261067,122.93158531733077,car,0 days 02:15:28.133000
2024-03-09 18:19:43.513,0 days 02:15:28.293000,0 days 00:00:39.457000,8934,144,4,24,False,0,car,2427.6436111111125,0.3957430098480704,-4503.538380347586,21710.31255606108,122.15585071137629,car,0 days 02:15:28.293000
2024-03-09 18:19:43.673,0 days 02:15:28.453000,0 days 00:00:39.617000,9042,146,4,55,False,0,car,2434.132500000001,0.3968007979054711,-4552.17004919815,21672.977420504754,122.02947678238253,car,0 days 02:15:28.453000
2024-03-09 18:19:43.993,0 days 02:15:28.773000,0 days 00:00:39.937000,9433,148,4,64,False,0,car,2447.2880555555566,0.39894535451499596,-4662.643377648104,21545.45538050867,120.95469322548018,car,0 days 02:15:28.773000
2024-03-09 18:19:44.153,0 days 02:15:28.933000,0 days 00:00:40.097000,9575,154,4,70,False,0,car,2454.132500000001,0.4000611035618433,-4686.491806971553,21507.79187700749,121.08844900970632,car,0 days 02:15:28.933000
2024-03-09 18:19:44.314,0 days 02:15:29.094000,0 days 00:00:40.258000,9856,154,4,72,False,0,car,2461.019722222223,0.4011838260402335,-4710.989286958418,21458.208158840953,120.6305143916195,car,0 days 02:15:29.094000
2024-03-09 18:19:44.594,0 days 02:15:29.374000,0 days 00:00:40.538000,10220,164,4,79,False,0,car,2473.7752777777787,0.40326317653663085,-4758.686099223983,21336.555923102547,120.84165412721029,car,0 days 02:15:29.374000
2024-03-09 18:19:44.754,0 days 02:15:29.534000,0 days 00:00:40.698000,10514,170,4,86,False,0,car,2481.3308333333343,0.4044948475623715,-4776.325413561914,21264.282201900856,122.19452747892414,car,0 days 02:15:29.534000
2024-03-09 18:19:44.994,0 days 02:15:29.774000,0 days 00:00:40.938000,10939,176,4,89,False,0,car,2493.064166666668,0.4064075602141099,-4795.0097318911285,21149.529108947292,121.9662906820078,car,0 days 02:15:29.774000
2024-03-09 18:19:45.234,0 days 02:15:30.014000,0 days 00:00:41.178000,11563,186,4,98,False,0,car,2505.4641666666676,0.4084289497210606,-4805.0763698977435,21028.60959001365,123.0044725295204,car,0 days 02:15:30.014000
2024-03-09 18:19:45.434,0 days 02:15:30.214000,0 days 00:00:41.378000,11851,192,4,99,False,0,car,2516.1308333333345,0.41016777940445914,-4806.442614933079,20928.3884882402,122.9044069931102,car,0 days 02:15:30.214000
2024-03-09 18:19:45.874,0 days 02:15:30.654000,0 days 00:00:41.818000,10989,203,5,99,False,0,car,2540.9419444444457,0.4142123696992809,-4788.62898165335,20658.516414665053,125.06948541616808,car,0 days 02:15:30.654000
2024-03-09 18:19:46.314,0 days 02:15:31.094000,0 days 00:00:42.258000,11586,217,5,99,False,0,car,2567.464166666668,0.4185358972558145,-4738.494353730665,20426.215465897323,126.00377187051544,car,0 days 02:15:31.094000
2024-03-09 18:19:46.474,0 days 02:15:31.254000,0 days 00:00:42.418000,11745,222,5,99,False,0,car,2577.3308333333343,0.4201443147129581,-4708.193797476384,20333.28740065194,125.79534142574629,car,0 days 02:15:31.254000
2024-03-09 18:19:46.674,0 days 02:15:31.454000,0 days 00:00:42.618000,11150,227,5,99,False,0,car,2589.9419444444457,0.4222001185573928,-4660.236274925932,20216.63313749851,124.34492533101137,car,0 days 02:15:31.454000
2024-03-09 18:19:46.874,0 days 02:15:31.654000,0 days 00:00:42.818000,10663,232,5,99,False,0,car,2602.8308333333343,0.42430120442483266,-4601.653300667713,20111.220995198408,123.31183751513774,car,0 days 02:15:31.654000
2024-03-09 18:19:47.114,0 days 02:15:31.894000,0 days 00:00:43.058000,10944,237,6,99,False,0,car,2618.6308333333345,0.4268768458933667,-4472.453979586835,19906.72107950351,120.18624213790434,car,0 days 02:15:31.894000
2024-03-09 18:19:47.434,0 days 02:15:32.214000,0 days 00:00:43.378000,11229,246,6,99,False,0,car,2640.4975000000013,0.43044144674433366,-4400.236403854385,19789.66685925397,118.99843521711658,car,0 days 02:15:32.214000
2024-03-09 18:19:47.754,0 days 02:15:32.534000,0 days 00:00:43.698000,11510,252,6,99,False,0,car,2662.8975000000014,0.4340929890794706,-4296.041656746907,19594.462768799858,119.09543287940322,car,0 days 02:15:32.534000
2024-03-09 18:19:47.994,0 days 02:15:32.774000,0 days 00:00:43.938000,11745,256,6,99,False,0,car,2679.964166666668,0.4368751165729082,-4231.947531059846,19438.940962978824,118.20540240966764,car,0 days 02:15:32.774000
2024-03-09 18:19:48.274,0 days 02:15:33.054000,0 days 00:00:44.218000,10788,260,6,99,False,0,car,2700.18638888889,0.44017164784768453,-4175.985405721953,19246.422011952538,117.89659834417127,car,0 days 02:15:33.054000
2024-03-09 18:19:48.434,0 days 02:15:33.214000,0 days 00:00:44.378000,10550,260,7,99,False,0,car,2711.7419444444454,0.4420553800046995,-4152.547192141821,19135.235096670585,116.4499455693027,car,0 days 02:15:33.214000
2024-03-09 18:19:48.714,0 days 02:15:33.494000,0 days 00:00:44.658000,10763,266,7,99,False,0,car,2732.4308333333342,0.44542798507812453,-4122.027136362586,18911.708124614037,115.95729693746418,car,0 days 02:15:33.494000
2024-03-09 18:19:49.194,0 days 02:15:33.974000,0 days 00:00:45.138000,10755,271,7,99,False,0,car,2768.5641666666675,0.45131827063063695,-4099.2236580617555,18569.537658409154,115.00625295626529,car,0 days 02:15:33.974000
2024-03-09 18:19:49.433,0 days 02:15:34.213000,0 days 00:00:45.377000,11002,276,7,99,False,0,car,2786.887500000001,0.45430525399615,-4100.905903126091,18386.51965004969,115.07682097603238,car,0 days 02:15:34.213000
2024-03-09 18:19:49.633,0 days 02:15:34.413000,0 days 00:00:45.577000,11034,277,7,99,False,0,car,2802.27638888889,0.4568138780706364,-4111.302610206712,18233.568737185582,114.39802778903392,car,0 days 02:15:34.413000
2024-03-09 18:19:49.993,0 days 02:15:34.773000,0 days 00:00:45.937000,11221,279,7,99,False,0,car,2830.17638888889,0.4613620044612756,-4154.321320570392,17959.47766341064,113.00342453299875,car,0 days 02:15:34.773000
2024-03-09 18:19:50.353,0 days 02:15:35.133000,0 days 00:00:46.297000,11299,283,7,99,False,0,car,2858.47638888889,0.46597533696504234,-4227.491101890791,17686.06090924136,114.02471083361723,car,0 days 02:15:35.133000
2024-03-09 18:19:50.633,0 days 02:15:35.413000,0 days 00:00:46.577000,11356,284,7,99,False,0,car,2880.565277777779,0.46957616343441344,-4314.465783485837,17459.725786366103,114.68814328357305,car,0 days 02:15:35.413000
2024-03-09 18:19:50.954,0 days 02:15:35.734000,0 days 00:00:46.898000,11272,282,7,99,False,0,car,2905.7102777777795,0.47367518272088743,-4419.050758388792,17225.016247645955,116.6191318973392,car,0 days 02:15:35.734000
2024-03-09 18:19:51.194,0 days 02:15:35.974000,0 days 00:00:47.138000,11276,283,7,99,False,0,car,2924.576944444446,0.4767507377233985,-4482.948817631679,17088.490159691577,117.41515237333431,car,0 days 02:15:35.974000
2024-03-09 18:19:51.554,0 days 02:15:36.334000,0 days 00:00:47.498000,11282,282,7,98,False,0,car,2952.7769444444457,0.4813477686988833,-4590.819307136156,16831.827982389485,119.0209089600143,car,0 days 02:15:36.334000
2024-03-09 18:19:51.874,0 days 02:15:36.654000,0 days 00:00:47.818000,10914,281,7,0,True,0,car,2977.7547222222233,0.4854195282075081,-4667.6920801699425,16585.881745249866,121.46493055332138,car,0 days 02:15:36.654000
2024-03-09 18:19:52.034,0 days 02:15:36.814000,0 days 00:00:47.978000,10705,252,7,0,True,0,car,2988.9547222222236,0.4872452993750766,-4700.023116036737,16442.84911611814,121.93473755923452,car,0 days 02:15:36.814000
2024-03-09 18:19:52.194,0 days 02:15:36.974000,0 days 00:00:48.138000,10874,252,7,0,True,0,car,3000.1547222222234,0.489071070542645,-4721.460551839561,16331.892002235763,122.11613361360656,car,0 days 02:15:36.974000
2024-03-09 18:19:52.354,0 days 02:15:37.134000,0 days 00:00:48.298000,11239,228,6,0,True,0,car,3010.288055555557,0.49072295874187366,-4732.817911663494,16252.474371486114,122.05976499659808,car,0 days 02:15:37.134000
2024-03-09 18:19:52.594,0 days 02:15:37.374000,0 days 00:00:48.538000,11133,207,6,0,True,0,car,3024.088055555557,0.49297256964477043,-4757.006553948764,16110.884583011592,121.98945878510958,car,0 days 02:15:37.374000
2024-03-09 18:19:52.794,0 days 02:15:37.574000,0 days 00:00:48.738000,11586,198,6,0,True,0,car,3035.088055555557,0.49476573775577515,-4789.351786455508,15970.298213175398,122.00052713624001,car,0 days 02:15:37.574000
2024-03-09 18:19:53.034,0 days 02:15:37.814000,0 days 00:00:48.978000,11280,190,4,0,False,0,car,3047.754722222224,0.4968305980048109,-4848.6529785936955,15839.13937682472,121.9733954139494,car,0 days 02:15:37.814000
2024-03-09 18:19:53.234,0 days 02:15:38.014000,0 days 00:00:49.178000,10928,186,4,0,False,0,car,3058.088055555557,0.4985150892606032,-4908.922297934772,15763.209325909345,121.95956914271542,car,0 days 02:15:38.014000
2024-03-09 18:19:53.434,0 days 02:15:38.214000,0 days 00:00:49.378000,10928,180,4,0,False,0,car,3068.088055555557,0.5001452420887893,-4962.995274293998,15711.119294691915,122.07832577987855,car,0 days 02:15:38.214000
2024-03-09 18:19:53.674,0 days 02:15:38.454000,0 days 00:00:49.618000,11243,182,4,63,False,0,car,3080.22138888889,0.502123160853655,-5025.161796194317,15673.464734941732,122.1424189620322,car,0 days 02:15:38.454000
2024-03-09 18:19:53.834,0 days 02:15:38.614000,0 days 00:00:49.778000,11412,185,4,71,False,0,car,3088.443611111112,0.5034635087346081,-5078.912639929123,15649.501929850016,121.56160330519633,car,0 days 02:15:38.614000
2024-03-09 18:19:54.154,0 days 02:15:38.934000,0 days 00:00:50.098000,11160,191,4,77,False,0,car,3105.42138888889,0.506231145980684,-5342.289311063541,15606.539915540649,119.74568008457285,car,0 days 02:15:38.934000
2024-03-09 18:19:54.394,0 days 02:15:39.174000,0 days 00:00:50.338000,10400,197,5,77,False,0,car,3118.5547222222235,0.5083720800283684,-5403.557605152416,15586.35289798109,119.35630857990805,car,0 days 02:15:39.174000
2024-03-09 18:19:54.594,0 days 02:15:39.374000,0 days 00:00:50.538000,10602,200,5,74,False,0,car,3129.6658333333344,0.5101833609485752,-5480.980440105712,15533.634920196428,118.10667610737192,car,0 days 02:15:39.374000
2024-03-09 18:19:54.914,0 days 02:15:39.694000,0 days 00:00:50.858000,10896,204,5,75,False,0,car,3147.7991666666676,0.5131393714103527,-5602.4911697733705,15393.442859204535,116.40747194526506,car,0 days 02:15:39.694000
2024-03-09 18:19:55.074,0 days 02:15:39.854000,0 days 00:00:51.018000,11017,207,5,82,False,0,car,3156.999166666668,0.514639112012284,-5653.433351688211,15305.604511450987,115.38811300437318,car,0 days 02:15:39.854000
2024-03-09 18:19:55.314,0 days 02:15:40.094000,0 days 00:00:51.258000,11121,210,5,82,False,0,car,3170.999166666668,0.5169213259717444,-5707.225134476959,15182.359502745072,114.98407985297783,car,0 days 02:15:40.094000
2024-03-09 18:19:55.834,0 days 02:15:40.614000,0 days 00:00:51.778000,11722,221,5,98,False,0,car,3202.92138888889,0.5221251360554985,-5774.005175789746,14851.30594732054,114.91633095525265,car,0 days 02:15:40.614000
2024-03-09 18:19:56.114,0 days 02:15:40.894000,0 days 00:00:52.058000,11573,225,5,99,False,0,car,3220.42138888889,0.5249779035048242,-5787.130191894512,14686.012435178507,116.00822031925426,car,0 days 02:15:40.894000
2024-03-09 18:19:56.393,0 days 02:15:41.173000,0 days 00:00:52.337000,10774,232,5,99,False,0,car,3238.40138888889,0.5279089182899028,-5794.025496374457,14507.708420107117,115.99647534531795,car,0 days 02:15:41.173000
2024-03-09 18:19:56.673,0 days 02:15:41.453000,0 days 00:00:52.617000,10951,240,6,99,False,0,car,3257.068055555556,0.5309518702358501,-5794.64612512554,14323.33194656661,116.38545508783261,car,0 days 02:15:41.453000
2024-03-09 18:19:56.953,0 days 02:15:41.733000,0 days 00:00:52.897000,11235,246,6,99,False,0,car,3276.201388888889,0.5340708959804461,-5790.8336921465125,14134.680713675381,118.25110803108504,car,0 days 02:15:41.733000
2024-03-09 18:19:57.113,0 days 02:15:41.893000,0 days 00:00:53.057000,11458,248,6,99,False,0,car,3287.2236111111115,0.5358676866532913,-5785.912007715373,14024.617370188473,119.01569414002519,car,0 days 02:15:41.893000
2024-03-09 18:19:57.273,0 days 02:15:42.053000,0 days 00:00:53.217000,11458,251,6,99,False,0,car,3298.3791666666666,0.5376862126971789,-5776.693108778833,13913.489139840613,120.67289258608228,car,0 days 02:15:42.053000
2024-03-09 18:19:57.674,0 days 02:15:42.454000,0 days 00:00:53.618000,10968,256,6,99,False,0,car,3326.8947222222223,0.5423346840507975,-5739.519407655968,13632.445298664883,122.44983731155777,car,0 days 02:15:42.454000
2024-03-09 18:19:57.874,0 days 02:15:42.654000,0 days 00:00:53.818000,10441,261,7,99,False,0,car,3341.394722222222,0.5446984056516673,-5711.4533094704075,13491.320509649066,123.70261342138463,car,0 days 02:15:42.654000
2024-03-09 18:19:58.074,0 days 02:15:42.854000,0 days 00:00:54.018000,10571,264,7,99,False,0,car,3356.061388888889,0.5470892964663403,-5675.926121688932,13349.327154731043,124.16052814817905,car,0 days 02:15:42.854000
2024-03-09 18:19:58.314,0 days 02:15:43.094000,0 days 00:00:54.258000,10750,267,7,99,False,0,car,3373.861388888889,0.5499909685005117,-5625.234739039938,13179.350820576261,123.96814206369046,car,0 days 02:15:43.094000
2024-03-09 18:19:58.634,0 days 02:15:43.414000,0 days 00:00:54.578000,10888,271,7,99,False,0,car,3397.950277777778,0.5539178255355199,-5543.538928773909,12954.600904787263,123.77680468368425,car,0 days 02:15:43.414000
2024-03-09 18:19:58.994,0 days 02:15:43.774000,0 days 00:00:54.938000,11075,277,7,99,False,0,car,3425.650277777778,0.5584333488695954,-5416.337563589001,12650.333006110875,120.4760053995982,car,0 days 02:15:43.774000
2024-03-09 18:19:59.194,0 days 02:15:43.974000,0 days 00:00:55.138000,11179,279,7,99,False,0,car,3441.1502777777773,0.5609600857532838,-5355.74850062792,12509.551946262503,119.67684956555959,car,0 days 02:15:43.974000
2024-03-09 18:19:59.394,0 days 02:15:44.174000,0 days 00:00:55.338000,11279,281,7,99,False,0,car,3456.7613888888886,0.5635049354461743,-5312.149185489148,12407.409329284443,119.44823502898168,car,0 days 02:15:44.174000
2024-03-09 18:19:59.634,0 days 02:15:44.414000,0 days 00:00:55.578000,11350,285,7,99,False,0,car,3475.7613888888886,0.566602225819728,-5244.33075389206,12235.076951086234,116.74512263718847,car,0 days 02:15:44.414000
2024-03-09 18:19:59.954,0 days 02:15:44.734000,0 days 00:00:55.898000,11407,288,7,99,False,0,car,3501.3613888888885,0.5707754170598843,-5134.73023067244,11909.362401888582,114.95341319576907,car,0 days 02:15:44.734000
2024-03-09 18:20:00.274,0 days 02:15:45.054000,0 days 00:00:56.218000,11540,290,7,99,False,0,car,3527.1391666666664,0.5749775887947641,-5094.459691898401,11755.928452145015,115.00073042320001,car,0 days 02:15:45.054000
2024-03-09 18:20:00.594,0 days 02:15:45.374000,0 days 00:00:56.538000,11671,292,7,99,False,0,car,3553.094722222221,0.579208741024367,-5039.393201825747,11497.269565226237,115.27735567905899,car,0 days 02:15:45.374000
2024-03-09 18:20:00.794,0 days 02:15:45.574000,0 days 00:00:56.738000,10971,293,7,99,False,0,car,3569.372499999999,0.58186226757247,-5014.439385803682,11338.625633714186,116.12226654460255,car,0 days 02:15:45.574000
2024-03-09 18:20:00.994,0 days 02:15:45.774000,0 days 00:00:56.938000,10416,295,8,99,False,0,car,3585.761388888888,0.584533906929775,-4995.5559988725445,11176.785320806683,117.43650901341921,car,0 days 02:15:45.774000
2024-03-09 18:20:01.234,0 days 02:15:46.014000,0 days 00:00:57.178000,10480,297,8,99,False,0,car,3605.561388888888,0.5877616095295835,-4981.027843904896,10970.665180083688,119.2977401246336,car,0 days 02:15:46.014000
2024-03-09 18:20:01.594,0 days 02:15:46.374000,0 days 00:00:57.538000,10543,299,8,99,False,0,car,3635.461388888888,0.5926357664858599,-4970.789857197634,10682.893982097945,123.3203911194185,car,0 days 02:15:46.374000
2024-03-09 18:20:01.954,0 days 02:15:46.734000,0 days 00:00:57.898000,10628,302,8,99,False,0,car,3665.6613888888887,0.597558828026982,-4947.303085227656,10291.08857160721,126.6865450963118,car,0 days 02:15:46.734000
2024-03-09 18:20:02.394,0 days 02:15:47.174000,0 days 00:00:58.338000,10695,304,8,99,False,0,car,3702.8169444444443,0.6036157514241536,-4901.39624112466,9932.394436882336,128.06837882574095,car,0 days 02:15:47.174000
2024-03-09 18:20:02.794,0 days 02:15:47.574000,0 days 00:00:58.738000,10754,305,8,99,False,0,car,3736.705833333333,0.6091401582307842,-4850.803676247704,9675.27917527524,129.09610338627857,car,0 days 02:15:47.574000
2024-03-09 18:20:03.073,0 days 02:15:47.853000,0 days 00:00:59.017000,10776,306,8,99,False,0,car,3760.420833333333,0.6130060656628276,-4780.150728333181,9423.767651430204,127.59031658301514,car,0 days 02:15:47.853000
2024-03-09 18:20:03.433,0 days 02:15:48.213000,0 days 00:00:59.377000,10829,307,8,99,False,0,car,3791.120833333333,0.6180106348453589,-4675.353395528586,9144.077941103433,126.286016610581,car,0 days 02:15:48.213000
2024-03-09 18:20:03.673,0 days 02:15:48.453000,0 days 00:00:59.617000,10837,307,8,99,False,0,car,3811.587499999999,0.6213470143003796,-4597.879599563534,8989.059706606604,125.03886092044141,car,0 days 02:15:48.453000
2024-03-09 18:20:03.913,0 days 02:15:48.693000,0 days 00:00:59.857000,10884,309,8,99,False,0,car,3832.1874999999995,0.6247051291264432,-4496.224776117994,8798.540307562997,122.41329119371846,car,0 days 02:15:48.693000
2024-03-09 18:20:04.154,0 days 02:15:48.934000,0 days 00:01:00.098000,10863,309,8,99,False,0,car,3852.873333333333,0.6280772360976151,-4368.0418138996665,8585.749537525066,118.93348669530594,car,0 days 02:15:48.934000
2024-03-09 18:20:04.474,0 days 02:15:49.254000,0 days 00:01:00.418000,10935,311,8,99,False,0,car,3880.5177777777776,0.6325837030270896,-4228.823981266363,8345.7784461896,117.49086096373347,car,0 days 02:15:49.254000
2024-03-09 18:20:04.674,0 days 02:15:49.454000,0 days 00:01:00.618000,10994,311,8,99,False,0,car,3897.7955555555554,0.6354002448580112,-4175.661287832959,8233.60577902733,116.49197190341644,car,0 days 02:15:49.454000
2024-03-09 18:20:05.034,0 days 02:15:49.814000,0 days 00:01:00.978000,11023,312,8,99,False,0,car,3928.9955555555553,0.6404863216819517,-4048.5931559646087,7930.930101721338,114.91424818336638,car,0 days 02:15:49.814000
2024-03-09 18:20:05.354,0 days 02:15:50.134000,0 days 00:01:01.298000,11043,313,8,99,False,0,car,3956.8177777777773,0.6450217691061495,-3945.172999319293,7587.26355079066,113.92666591095502,car,0 days 02:15:50.134000
2024-03-09 18:20:05.674,0 days 02:15:50.454000,0 days 00:01:01.618000,10988,313,8,99,False,0,car,3984.6399999999994,0.6495572165303473,-3891.391955949981,7334.255859096758,113.98904200609974,car,0 days 02:15:50.454000
2024-03-09 18:20:06.114,0 days 02:15:50.894000,0 days 00:01:02.058000,10859,309,8,99,False,0,car,4022.406666666666,0.6557137603781301,-3835.752424618668,6962.277151135088,114.02956967200174,car,0 days 02:15:50.894000
2024-03-09 18:20:06.274,0 days 02:15:51.054000,0 days 00:01:02.218000,10855,308,8,99,False,0,car,4036.095555555555,0.657945258471825,-3820.6527404213457,6802.319652359603,113.62499199249979,car,0 days 02:15:51.054000
2024-03-09 18:20:06.474,0 days 02:15:51.254000,0 days 00:01:02.418000,10776,307,8,99,False,0,car,4053.1511111111104,0.6607255746843422,-3806.855111753916,6616.19164114167,113.02959360881917,car,0 days 02:15:51.254000
2024-03-09 18:20:06.674,0 days 02:15:51.454000,0 days 00:01:02.618000,10760,305,8,99,False,0,car,4070.095555555555,0.6634877780876577,-3799.9771269094344,6510.295776749816,112.90331157759363,car,0 days 02:15:51.454000
2024-03-09 18:20:07.074,0 days 02:15:51.854000,0 days 00:01:03.018000,10685,303,8,99,False,0,car,4103.762222222222,0.6689759592758842,-3802.88309536399,6185.16394806873,113.02225698740585,car,0 days 02:15:51.854000
2024-03-09 18:20:07.314,0 days 02:15:52.094000,0 days 00:01:03.258000,10685,302,8,99,False,0,car,4123.895555555555,0.6722580003032989,-3816.1088233850833,5930.622951885163,112.92471419617611,car,0 days 02:15:52.094000
2024-03-09 18:20:07.474,0 days 02:15:52.254000,0 days 00:01:03.418000,10579,301,8,89,False,0,car,4137.273333333333,0.6744387825312278,-3829.1241070778933,5792.449027367484,112.8710422263952,car,0 days 02:15:52.254000
2024-03-09 18:20:07.674,0 days 02:15:52.454000,0 days 00:01:03.618000,10033,294,8,0,False,0,car,4153.606666666667,0.6771013654839318,-3842.436528664931,5668.320933336259,113.28980830197656,car,0 days 02:15:52.454000
2024-03-09 18:20:07.954,0 days 02:15:52.734000,0 days 00:01:03.898000,9786,255,8,0,True,0,car,4173.44,0.6803345019265009,-3863.8559679132804,5512.242174053834,114.43322854605569,car,0 days 02:15:52.734000
2024-03-09 18:20:08.114,0 days 02:15:52.894000,0 days 00:01:04.058000,9688,255,8,0,True,0,car,4184.7733333333335,0.6821820084651119,-3881.9739746318937,5393.167208302546,114.95785654296701,car,0 days 02:15:52.894000
2024-03-09 18:20:08.354,0 days 02:15:53.134000,0 days 00:01:04.298000,11065,211,8,0,True,0,car,4198.84,0.6844750901100938,-3907.4574496294713,5227.4641533004005,114.95773087377152,car,0 days 02:15:53.134000
2024-03-09 18:20:08.594,0 days 02:15:53.374000,0 days 00:01:04.538000,10225,199,7,0,True,0,car,4212.106666666667,0.6866377595288206,-3925.4910815723997,5090.481740673411,116.06000742603763,car,0 days 02:15:53.374000
2024-03-09 18:20:08.914,0 days 02:15:53.694000,0 days 00:01:04.858000,9587,186,5,0,False,0,car,4228.64,0.6893329455380883,-3935.0112141591326,4976.078502345167,115.9959867882878,car,0 days 02:15:53.694000
2024-03-09 18:20:09.114,0 days 02:15:53.894000,0 days 00:01:05.058000,9236,183,5,0,False,0,car,4238.806666666667,0.6909902675800776,-3936.820845029397,4888.664334275527,116.00079372720843,car,0 days 02:15:53.894000
2024-03-09 18:20:09.274,0 days 02:15:54.054000,0 days 00:01:05.218000,9236,180,5,0,False,0,car,4246.806666666667,0.6922943898426265,-3930.750193457549,4811.175382304867,116.00103337656952,car,0 days 02:15:54.054000
2024-03-09 18:20:09.593,0 days 02:15:54.373000,0 days 00:01:05.537000,9563,178,5,76,False,0,car,4262.5794444444455,0.6948655936729061,-3860.534444308104,4636.1430936595225,116.00066088026358,car,0 days 02:15:54.373000
2024-03-09 18:20:09.873,0 days 02:15:54.653000,0 days 00:01:05.817000,9723,185,5,87,False,0,car,4276.968333333333,0.6972112024645737,-3798.607683103269,4558.741473044049,115.95269160665521,car,0 days 02:15:54.653000
2024-03-09 18:20:10.233,0 days 02:15:55.013000,0 days 00:01:06.177000,10535,197,5,98,False,0,car,4296.668333333334,0.7004226035361004,-3630.3034116904673,4413.334855668626,114.51469788173995,car,0 days 02:15:55.013000
2024-03-09 18:20:10.553,0 days 02:15:55.333000,0 days 00:01:06.497000,10985,208,5,99,False,0,car,4315.157222222222,0.7034365749873244,-3440.9082583807403,4261.410410599006,113.86930642137355,car,0 days 02:15:55.333000
2024-03-09 18:20:10.714,0 days 02:15:55.494000,0 days 00:01:06.658000,11171,212,5,98,False,0,car,4324.638333333333,0.7049821409965369,-3369.4119518835914,4200.727868537496,113.96616742626892,car,0 days 02:15:55.494000
2024-03-09 18:20:10.994,0 days 02:15:55.774000,0 days 00:01:06.938000,11145,219,5,99,False,0,car,4341.671666666667,0.7077588346472139,-3266.6932937968263,4084.017924888515,113.94456127702475,car,0 days 02:15:55.774000
2024-03-09 18:20:11.194,0 days 02:15:55.974000,0 days 00:01:07.138000,10585,224,5,99,False,0,car,4354.116111111111,0.7097874692778455,-3209.765912660378,3992.0119297632264,113.93943308246003,car,0 days 02:15:55.974000
2024-03-09 18:20:11.434,0 days 02:15:56.214000,0 days 00:01:07.378000,10598,232,6,99,False,0,car,4369.582777777778,0.7123087723187732,-3162.8112596899373,3882.0072521555753,114.69596032912828,car,0 days 02:15:56.214000
2024-03-09 18:20:11.594,0 days 02:15:56.374000,0 days 00:01:07.538000,10723,234,6,99,False,0,car,4379.982777777777,0.7140041312600868,-3140.6868062096883,3807.5821023709796,115.04080825839347,car,0 days 02:15:56.374000
2024-03-09 18:20:11.794,0 days 02:15:56.574000,0 days 00:01:07.738000,10987,237,6,99,False,0,car,4393.149444444444,0.7161504991505319,-3117.105205547244,3708.0153938567114,114.31738516025767,car,0 days 02:15:56.574000
2024-03-09 18:20:11.994,0 days 02:15:56.774000,0 days 00:01:07.938000,11189,240,6,99,False,0,car,4406.482777777778,0.71832403625478,-3090.5384146450338,3473.10647053576,113.98736194987438,car,0 days 02:15:56.774000
2024-03-09 18:20:12.434,0 days 02:15:57.214000,0 days 00:01:08.378000,11533,248,6,99,False,0,car,4436.793888888889,0.7232652106051042,-3074.410724227395,3256.571473688626,113.30842997974162,car,0 days 02:15:57.214000
2024-03-09 18:20:12.594,0 days 02:15:57.374000,0 days 00:01:08.538000,11533,248,6,99,False,0,car,4447.816111111111,0.7250620012779493,-3080.115121886602,3082.142705637113,112.29836541254458,car,0 days 02:15:57.374000
2024-03-09 18:20:12.754,0 days 02:15:57.534000,0 days 00:01:08.698000,11122,257,6,99,False,0,car,4459.238333333333,0.7269239980639217,-3089.21343571254,2915.110643809274,111.82891023629618,car,0 days 02:15:57.534000
2024-03-09 18:20:13.034,0 days 02:15:57.814000,0 days 00:01:08.978000,10465,260,6,99,False,0,car,4479.460555555555,0.7302205293386981,-3118.188895774401,2753.9935606655513,112.93101467247922,car,0 days 02:15:57.814000
2024-03-09 18:20:13.314,0 days 02:15:58.094000,0 days 00:01:09.258000,10516,262,7,99,False,0,car,4499.838333333333,0.7335424185463574,-3179.923821728038,2542.019854549841,113.86913815277661,car,0 days 02:15:58.094000
2024-03-09 18:20:13.674,0 days 02:15:58.454000,0 days 00:01:09.618000,10770,268,7,99,False,0,car,4526.638333333333,0.7379112281258962,-3258.7376843625857,2340.9469930149294,113.80456046310597,car,0 days 02:15:58.454000
2024-03-09 18:20:13.914,0 days 02:15:58.694000,0 days 00:01:09.858000,10838,270,7,99,False,0,car,4544.638333333334,0.7408455032166312,-3331.079553171596,2191.079331824826,115.62148618426549,car,0 days 02:15:58.694000
2024-03-09 18:20:14.074,0 days 02:15:58.854000,0 days 00:01:10.018000,10915,273,7,99,False,0,car,4556.771666666667,0.7428234219814971,-3404.413027253596,2045.1122792992833,117.21293008231527,car,0 days 02:15:58.854000
2024-03-09 18:20:14.354,0 days 02:15:59.134000,0 days 00:01:10.298000,11061,275,7,99,False,0,car,4578.160555555556,0.7463101377528951,-3532.7810678117767,1793.550869044945,119.06183781409149,car,0 days 02:15:59.134000
2024-03-09 18:20:14.634,0 days 02:15:59.414000,0 days 00:01:10.578000,11164,280,7,99,False,0,car,4599.938333333334,0.7498602483565004,-3579.287562241107,1699.510727821111,119.01326717237016,car,0 days 02:15:59.414000
2024-03-09 18:20:14.834,0 days 02:15:59.614000,0 days 00:01:10.778000,11164,282,7,99,False,0,car,4615.605000000001,0.7524141544539921,-3643.1807371187115,1573.8112125278221,119.45415501559056,car,0 days 02:15:59.614000
2024-03-09 18:20:15.114,0 days 02:15:59.894000,0 days 00:01:11.058000,11352,285,7,99,False,0,car,4637.771666666668,0.7560276598898046,-3791.5865095691247,1258.1445075364993,120.94945011423252,car,0 days 02:15:59.894000
2024-03-09 18:20:15.434,0 days 02:16:00.214000,0 days 00:01:11.378000,11505,288,7,99,False,0,car,4663.371666666668,0.7602008511299609,-3850.465591595615,1119.8783996848365,120.07244716797402,car,0 days 02:16:00.214000
2024-03-09 18:20:15.634,0 days 02:16:00.414000,0 days 00:01:11.578000,11579,290,7,99,False,0,car,4679.482777777779,0.7628272084642608,-3912.729315021715,944.6501419545375,119.35666443299004,car,0 days 02:16:00.414000
2024-03-09 18:20:15.834,0 days 02:16:00.614000,0 days 00:01:11.778000,11637,292,7,99,False,0,car,4695.705000000002,0.7654716786077628,-3966.8239529364037,778.6232148297818,118.7464449197482,car,0 days 02:16:00.614000
2024-03-09 18:20:15.994,0 days 02:16:00.774000,0 days 00:01:11.938000,11677,292,7,99,False,0,car,4708.682777777779,0.7675872547225642,-3989.2380082857285,689.3645485629581,118.17908543077814,car,0 days 02:16:00.774000
2024-03-09 18:20:16.234,0 days 02:16:01.014000,0 days 00:01:12.178000,10697,294,7,99,False,0,car,4728.282777777778,0.7707823542658089,-4030.2071330622416,495.70584069000193,116.6730009934562,car,0 days 02:16:01.014000
2024-03-09 18:20:16.473,0 days 02:16:01.253000,0 days 00:01:12.417000,10393,296,8,99,False,0,car,4747.93388888889,0.7739857857012866,-4063.599486877215,233.35124104303378,114.52208016069379,car,0 days 02:16:01.253000
2024-03-09 18:20:16.633,0 days 02:16:01.413000,0 days 00:01:12.577000,10503,297,8,99,False,0,car,4761.1338888888895,0.7761375874344922,-4075.5698172993007,98.74172577504302,113.11300194181513,car,0 days 02:16:01.413000
2024-03-09 18:20:16.993,0 days 02:16:01.773000,0 days 00:01:12.937000,10594,299,8,99,False,0,car,4791.033888888889,0.7810117443907687,-4076.9728408189044,-119.60016267454084,113.032650601401,car,0 days 02:16:01.773000
2024-03-09 18:20:17.354,0 days 02:16:02.134000,0 days 00:01:13.298000,10615,301,8,99,False,0,car,4821.217500000001,0.7859321342925334,-4061.2366589685676,-415.188245654404,111.77717392019082,car,0 days 02:16:02.134000
2024-03-09 18:20:17.554,0 days 02:16:02.334000,0 days 00:01:13.498000,10666,303,8,99,False,0,car,4838.050833333335,0.7886762248866468,-4042.664966361369,-574.3928142009015,112.8694444435528,car,0 days 02:16:02.334000
2024-03-09 18:20:17.754,0 days 02:16:02.534000,0 days 00:01:13.698000,10666,304,8,99,False,0,car,4854.939722222222,0.7914293718853609,-3995.1225727421543,-851.1637654284003,113.02651620906047,car,0 days 02:16:02.534000
2024-03-09 18:20:18.154,0 days 02:16:02.934000,0 days 00:01:14.098000,10822,306,8,99,False,0,car,4888.939722222223,0.7969718915011939,-3923.965838500176,-1178.034110357155,112.99649134650592,car,0 days 02:16:02.934000
2024-03-09 18:20:18.434,0 days 02:16:03.214000,0 days 00:01:14.378000,10833,307,8,99,False,0,car,4912.817500000001,0.8008643341987182,-3887.3328415468536,-1326.3575548001752,112.99737338249653,car,0 days 02:16:03.214000
2024-03-09 18:20:18.794,0 days 02:16:03.574000,0 days 00:01:14.738000,10886,309,8,99,False,0,car,4943.717500000001,0.8059015064378132,-3814.7838962811265,-1616.590167612379,112.97431388255144,car,0 days 02:16:03.574000
2024-03-09 18:20:18.994,0 days 02:16:03.774000,0 days 00:01:14.938000,10888,309,8,99,False,0,car,4960.884166666668,0.8086999354595328,-3773.356796102562,-1779.892305662565,113.1404577549004,car,0 days 02:16:03.774000
2024-03-09 18:20:19.394,0 days 02:16:04.174000,0 days 00:01:15.338000,10896,310,8,99,False,0,car,4995.328611111111,0.8143149063121736,-3658.4750300010105,-2191.7090064739814,114.02208571819237,car,0 days 02:16:04.174000
2024-03-09 18:20:19.554,0 days 02:16:04.334000,0 days 00:01:15.498000,10940,310,8,99,False,0,car,5009.106388888889,0.8165608946532301,-3622.380914999181,-2310.5485054656865,113.98022359343815,car,0 days 02:16:04.334000
2024-03-09 18:20:19.714,0 days 02:16:04.494000,0 days 00:01:15.658000,10962,311,8,99,False,0,car,5022.928611111111,0.8188141281179673,-3597.3297293367004,-2383.379352222216,114.00677836782579,car,0 days 02:16:04.494000
2024-03-09 18:20:19.994,0 days 02:16:04.774000,0 days 00:01:15.938000,10998,312,8,99,False,0,car,5047.195277777778,0.8227699656476989,-3515.5015854190124,-2604.8880713564336,114.13942156111315,car,0 days 02:16:04.774000
2024-03-09 18:20:20.274,0 days 02:16:05.054000,0 days 00:01:16.218000,11005,312,8,99,False,0,car,5071.461944444444,0.8267258031774304,-3416.965421012755,-2822.605392265732,115.0635646920176,car,0 days 02:16:05.054000
2024-03-09 18:20:20.634,0 days 02:16:05.414000,0 days 00:01:16.578000,11017,313,8,99,False,0,car,5102.761944444444,0.831828181529653,-3245.2434304079748,-3125.642929942606,114.11847166400882,car,0 days 02:16:05.414000
2024-03-09 18:20:21.114,0 days 02:16:05.894000,0 days 00:01:17.058000,11031,313,8,99,False,0,car,5144.495277777778,0.8386313526659497,-3023.4272733347025,-3442.3931560162096,114.00267122088248,car,0 days 02:16:05.894000
2024-03-09 18:20:21.394,0 days 02:16:06.174000,0 days 00:01:17.338000,11098,314,8,99,False,0,car,5168.9175,0.8426125481285641,-2778.5720857166134,-3735.8503662896946,113.78910642563714,car,0 days 02:16:06.174000
2024-03-09 18:20:21.634,0 days 02:16:06.414000,0 days 00:01:17.578000,11098,313,8,99,False,0,car,5189.784166666667,0.8460141336967125,-2719.734715733324,-3795.2644962716067,112.99764045219464,car,0 days 02:16:06.414000
2024-03-09 18:20:21.914,0 days 02:16:06.694000,0 days 00:01:17.858000,10888,311,8,99,False,0,car,5213.973055555556,0.8499572922600027,-2547.2040015106254,-3967.7264726275275,112.98531636092972,car,0 days 02:16:06.694000
2024-03-09 18:20:22.154,0 days 02:16:06.934000,0 days 00:01:18.098000,10844,309,8,99,False,0,car,5234.573055555556,0.853315407086066,-2416.279651862814,-4089.2227641171967,112.1633334934317,car,0 days 02:16:06.934000
2024-03-09 18:20:22.314,0 days 02:16:07.094000,0 days 00:01:18.258000,10807,309,8,99,False,0,car,5248.306388888888,0.8555541503034415,-2300.304697068251,-4197.3822109341245,113.06959015337195,car,0 days 02:16:07.094000
2024-03-09 18:20:22.594,0 days 02:16:07.374000,0 days 00:01:18.538000,10752,306,8,99,False,0,car,5272.106388888888,0.8594339140345244,-2017.814026060189,-4463.128491520533,113.00793224866676,car,0 days 02:16:07.374000
2024-03-09 18:20:22.834,0 days 02:16:07.614000,0 days 00:01:18.778000,10688,304,8,99,False,0,car,5292.373055555556,0.8627376904329818,-1948.1537227600413,-4524.382345670322,113.09978009403325,car,0 days 02:16:07.614000
2024-03-09 18:20:23.153,0 days 02:16:07.933000,0 days 00:01:19.097000,10657,303,8,99,False,0,car,5319.222222222222,0.8671145149305923,-1763.4743716382177,-4681.724222762475,111.92080676934329,car,0 days 02:16:07.933000
2024-03-09 18:20:23.473,0 days 02:16:08.253000,0 days 00:01:19.417000,10588,301,8,99,False,0,car,5345.977777777778,0.8714760793864503,-1409.5530821545692,-4955.462918901527,113.63774879847847,car,0 days 02:16:08.253000
2024-03-09 18:20:23.753,0 days 02:16:08.533000,0 days 00:01:19.697000,10468,298,8,52,False,0,car,5369.155555555556,0.8752544113860017,-1272.9523720025018,-5056.0879304340415,113.02318435528666,car,0 days 02:16:08.533000
2024-03-09 18:20:23.954,0 days 02:16:08.734000,0 days 00:01:19.898000,10042,298,8,0,True,0,car,5385.793888888888,0.8779667139999652,-1187.623011816475,-5120.096047866717,112.91563963573847,car,0 days 02:16:08.734000
2024-03-09 18:20:24.314,0 days 02:16:09.094000,0 days 00:01:20.258000,8806,252,8,0,True,0,car,5410.993888888888,0.8820746991269941,-1009.3661643733151,-5254.38949590545,112.98810440624949,car,0 days 02:16:09.094000
2024-03-09 18:20:24.594,0 days 02:16:09.374000,0 days 00:01:20.538000,8409,211,8,0,True,0,car,5427.405,0.8847499610461397,-869.1371887757164,-5358.438976533743,113.81404807172059,car,0 days 02:16:09.374000
2024-03-09 18:20:24.914,0 days 02:16:09.694000,0 days 00:01:20.858000,9208,181,8,0,True,0,car,5443.493888888889,0.8873726958185991,-731.8377083952672,-5460.872210488835,112.99149655487386,car,0 days 02:16:09.694000
2024-03-09 18:20:25.114,0 days 02:16:09.894000,0 days 00:01:21.058000,9423,165,6,0,True,0,car,5452.660555555556,0.8888670025777697,-658.3781990703978,-5516.007632471098,112.96354494044117,car,0 days 02:16:09.894000
2024-03-09 18:20:25.394,0 days 02:16:10.174000,0 days 00:01:21.338000,9983,148,6,0,True,0,car,5464.171666666667,0.890743489611104,-542.1823485558369,-5594.512300902721,113.00161466195556,car,0 days 02:16:10.174000
2024-03-09 18:20:25.834,0 days 02:16:10.614000,0 days 00:01:21.778000,9050,129,3,0,True,0,car,5479.938333333334,0.8933136972368775,-440.16341064324695,-5633.172304233234,112.94058605468749,car,0 days 02:16:10.614000
2024-03-09 18:20:26.194,0 days 02:16:10.974000,0 days 00:01:22.138000,8476,121,3,0,True,0,car,5492.038333333335,0.8952861821589827,-315.8940929307246,-5636.624275810818,113.93375554998052,car,0 days 02:16:10.974000
2024-03-09 18:20:26.634,0 days 02:16:11.414000,0 days 00:01:22.578000,7863,113,3,0,False,0,car,5505.849444444446,0.8975376043427998,-183.57570265100512,-5592.666617033292,113.62821593787987,car,0 days 02:16:11.414000
2024-03-09 18:20:26.794,0 days 02:16:11.574000,0 days 00:01:22.738000,7677,108,3,0,False,0,car,5510.649444444446,0.8983200777003292,-142.28028855460107,-5566.217956596805,112.83444208121573,car,0 days 02:16:11.574000
2024-03-09 18:20:27.234,0 days 02:16:12.014000,0 days 00:01:23.178000,7353,103,3,5,False,0,car,5523.238333333335,0.9003722589829234,-52.45078714536032,-5474.7717403290735,112.99649589850618,car,0 days 02:16:12.014000
2024-03-09 18:20:27.514,0 days 02:16:12.294000,0 days 00:01:23.458000,7711,103,3,27,False,0,car,5531.2494444444455,0.9016781925263925,-12.472096462835378,-5406.565793675538,112.9951829119399,car,0 days 02:16:12.294000
2024-03-09 18:20:27.714,0 days 02:16:12.494000,0 days 00:01:23.658000,7887,105,3,37,False,0,car,5537.082777777779,0.9026291150095009,7.794457668221774,-5347.128101082733,113.01381441455834,car,0 days 02:16:12.494000
2024-03-09 18:20:27.994,0 days 02:16:12.774000,0 days 00:01:23.938000,8276,110,3,46,False,0,car,5545.638333333334,0.9040238013180601,23.863369076013935,-5256.3360335441175,112.91827053001762,car,0 days 02:16:12.774000
2024-03-09 18:20:28.194,0 days 02:16:12.974000,0 days 00:01:24.138000,8281,114,3,50,False,0,car,5551.971666666667,0.905056231442578,24.771283451398055,-5199.993135666227,113.0996138929198,car,0 days 02:16:12.974000
2024-03-09 18:20:28.354,0 days 02:16:13.134000,0 days 00:01:24.298000,8581,116,3,60,False,0,car,5557.127222222222,0.9058966657895539,20.891335490330558,-5148.005637333441,114.00928001136161,car,0 days 02:16:13.134000
2024-03-09 18:20:28.634,0 days 02:16:13.414000,0 days 00:01:24.578000,9550,130,3,78,False,0,car,5567.238333333334,0.907544931426942,5.507432120987093,-5050.4465729836975,114.10181818984171,car,0 days 02:16:13.414000
2024-03-09 18:20:28.834,0 days 02:16:13.614000,0 days 00:01:24.778000,10003,138,3,80,False,0,car,5574.905000000001,0.9087947152618848,-10.702537156018689,-4969.99071836985,114.78695840366822,car,0 days 02:16:13.614000
2024-03-09 18:20:28.994,0 days 02:16:13.774000,0 days 00:01:24.938000,10843,138,3,92,False,0,car,5581.038333333334,0.9097945423298389,-26.53273668017158,-4897.63877331994,115.06128531968285,car,0 days 02:16:13.774000
2024-03-09 18:20:29.154,0 days 02:16:13.934000,0 days 00:01:25.098000,11341,138,3,99,False,0,car,5587.171666666667,0.910794369397793,-44.16552143348667,-4820.144118725251,115.0116591550046,car,0 days 02:16:13.934000
2024-03-09 18:20:29.474,0 days 02:16:14.254000,0 days 00:01:25.418000,11236,168,3,99,False,0,car,5602.1050000000005,0.9132287309545509,-74.94938948887555,-4679.54309661406,114.90664969217873,car,0 days 02:16:14.254000
2024-03-09 18:20:29.674,0 days 02:16:14.454000,0 days 00:01:25.618000,10821,176,4,99,False,0,car,5611.882777777778,0.9148226581643328,-95.31114375832517,-4586.557744684459,115.01221652085799,car,0 days 02:16:14.454000
2024-03-09 18:20:29.953,0 days 02:16:14.733000,0 days 00:01:25.897000,10777,189,4,99,False,0,car,5626.530277777779,0.9172104245194186,-125.15820217615607,-4446.582834898661,116.08169107436025,car,0 days 02:16:14.733000
2024-03-09 18:20:30.313,0 days 02:16:15.093000,0 days 00:01:26.257000,10492,199,5,99,False,0,car,5646.430277777778,0.9204544286475089,-163.2816229765678,-4257.550678894627,117.00656461551591,car,0 days 02:16:15.093000
2024-03-09 18:20:30.514,0 days 02:16:15.294000,0 days 00:01:26.458000,11022,206,5,99,False,0,car,5657.9319444444445,0.9223293760920609,-197.93805705875306,-4079.6166964976455,117.04128732646629,car,0 days 02:16:15.294000
2024-03-09 18:20:30.754,0 days 02:16:15.534000,0 days 00:01:26.698000,11247,206,5,99,False,0,car,5671.665277777777,0.9245681193094364,-218.20631987670325,-3980.7294595141448,116.86309641253682,car,0 days 02:16:15.534000
2024-03-09 18:20:30.914,0 days 02:16:15.694000,0 days 00:01:26.858000,11487,219,5,99,False,0,car,5681.398611111111,0.9261548013955375,-234.95587937233364,-3900.4210420529325,117.5344655924174,car,0 days 02:16:15.694000
2024-03-09 18:20:31.074,0 days 02:16:15.854000,0 days 00:01:27.018000,10787,224,5,99,False,0,car,5691.354166666666,0.9277777091000428,-256.3723584556627,-3798.713388916868,118.0983383985104,car,0 days 02:16:15.854000
2024-03-09 18:20:31.354,0 days 02:16:16.134000,0 days 00:01:27.298000,10581,232,6,99,False,0,car,5709.398611111111,0.9307192293144586,-294.446607128836,-3626.9987564159183,118.26703849402773,car,0 days 02:16:16.134000
2024-03-09 18:20:31.634,0 days 02:16:16.414000,0 days 00:01:27.578000,10809,239,6,99,False,0,car,5727.9875,0.9337495022939646,-335.0053695188972,-3448.8110885942897,119.05348202591281,car,0 days 02:16:16.414000
2024-03-09 18:20:31.874,0 days 02:16:16.654000,0 days 00:01:27.818000,11071,243,6,99,False,0,car,5744.1875,0.9363903498756261,-369.61012780135934,-3291.6047558303294,118.94751715362254,car,0 days 02:16:16.654000
2024-03-09 18:20:32.034,0 days 02:16:16.814000,0 days 00:01:27.978000,11264,247,6,99,False,0,car,5755.165277777777,0.9381798954247903,-393.18077587005405,-3184.932504132731,119.46334174766507,car,0 days 02:16:16.814000
2024-03-09 18:20:32.354,0 days 02:16:17.134000,0 days 00:01:28.298000,11320,253,6,99,False,0,car,5777.654166666666,0.9418459280072888,-442.45505099173033,-2968.9416709722773,119.99947369901638,car,0 days 02:16:17.134000
2024-03-09 18:20:32.794,0 days 02:16:17.574000,0 days 00:01:28.738000,10850,257,6,99,False,0,car,5809.065277777777,0.9469664191687134,-511.3564728672392,-2663.641631697411,120.27953076646928,car,0 days 02:16:17.574000
2024-03-09 18:20:32.954,0 days 02:16:17.734000,0 days 00:01:28.898000,10512,263,7,99,False,0,car,5820.754166666666,0.9488718866967709,-537.2434621399816,-2550.0782193540376,120.96543878873352,car,0 days 02:16:17.734000
2024-03-09 18:20:33.114,0 days 02:16:17.894000,0 days 00:01:29.058000,10622,264,7,99,False,0,car,5832.4875,0.9507845993485095,-563.2315528854073,-2436.1964702714995,121.00974437966553,car,0 days 02:16:17.894000
2024-03-09 18:20:33.394,0 days 02:16:18.174000,0 days 00:01:29.338000,10744,268,7,99,False,0,car,5853.331944444443,0.9541825623548171,-608.3375940320869,-2232.522113032627,121.31250318498624,car,0 days 02:16:18.174000
2024-03-09 18:20:33.554,0 days 02:16:18.334000,0 days 00:01:29.498000,10849,272,7,99,False,0,car,5865.420833333333,0.9561532359960022,-633.3292334208132,-2114.5429249800636,121.96598726659303,car,0 days 02:16:18.334000
2024-03-09 18:20:33.714,0 days 02:16:18.494000,0 days 00:01:29.658000,10965,273,7,99,False,0,car,5877.554166666666,0.958131154760868,-658.6191322782547,-1996.4086760313355,122.00898974942153,car,0 days 02:16:18.494000
2024-03-09 18:20:33.954,0 days 02:16:18.734000,0 days 00:01:29.898000,11051,277,7,99,False,0,car,5896.020833333332,0.9611415036502515,-697.6529266577586,-1815.9863899273264,121.98589970750142,car,0 days 02:16:18.734000
2024-03-09 18:20:34.114,0 days 02:16:18.894000,0 days 00:01:30.058000,11130,277,7,99,False,0,car,5908.331944444444,0.9631484029098408,-723.6500021774489,-1696.0083621480635,120.98059897140323,car,0 days 02:16:18.894000
2024-03-09 18:20:34.394,0 days 02:16:19.174000,0 days 00:01:30.338000,11215,281,7,99,False,0,car,5930.187499999999,0.9667111924798875,-771.4105687537153,-1480.9440564886452,120.98505523423046,car,0 days 02:16:19.174000
2024-03-09 18:20:34.794,0 days 02:16:19.574000,0 days 00:01:30.738000,11327,285,7,99,False,0,car,5961.854166666666,0.9718733431024769,-877.9017061226873,-1066.579515180744,120.12279601029293,car,0 days 02:16:19.574000
2024-03-09 18:20:35.034,0 days 02:16:19.814000,0 days 00:01:30.978000,11372,285,7,99,False,0,car,5980.854166666666,0.9749706334760304,-938.915989753363,-854.5294886112579,119.37806178948236,car,0 days 02:16:19.814000
2024-03-09 18:20:35.194,0 days 02:16:19.974000,0 days 00:01:31.138000,11513,288,7,99,False,0,car,5993.654166666667,0.9770572290961088,-971.6882126303593,-748.130820188533,119.04981358662421,car,0 days 02:16:19.974000
2024-03-09 18:20:35.554,0 days 02:16:20.334000,0 days 00:01:31.498000,11597,291,7,99,False,0,car,6022.7541666666675,0.9818009738261304,-1015.9475689014527,-603.8944515129955,119.27312077981934,car,0 days 02:16:20.334000
2024-03-09 18:20:35.914,0 days 02:16:20.694000,0 days 00:01:31.858000,11680,293,7,99,False,0,car,6052.054166666668,0.9865773216127157,-1137.9112386544666,-230.02326656254863,117.83040939488782,car,0 days 02:16:20.694000
2024-03-09 18:20:36.154,0 days 02:16:20.934000,0 days 00:01:32.098000,11120,294,7,99,False,0,car,6071.654166666667,0.9897724211559604,-1174.553095084868,-118.38440601736251,118.00187779325009,car,0 days 02:16:20.934000
2024-03-09 18:20:36.513,0 days 02:16:21.293000,0 days 00:01:32.457000,10437,296,8,99,False,0,car,6101.171944444444,0.9945842700485816,-1284.303813091291,192.47256458985888,117.99469823487536,car,0 days 02:16:21.293000
