Date_x,SessionTime_x,Time,RPM_x,Speed_x,nGear_x,Throttle_x,Brake_x,DRS_x,Source_x,Distance,RelativeDistance,X,Y,Z,Source_y,SessionTime_y
2024-07-20 14:01:28.915,0 days 00:16:08.196000,0 days 00:00:00.037000,3561,29,1,0,False,8,car,0.5680555555555555,0.00014047871022821015,-3738.3640379627445,1929.7699723719645,8.773082176173624e-49,car,0 days 00:16:08.196000
2024-07-20 14:01:29.275,0 days 00:16:08.556000,0 days 00:00:00.397000,3992,32,1,0,False,8,car,3.768055555555556,0.000931830662222822,-3761.5840415825396,1950.0667568479378,8.699304020175885e-48,car,0 days 00:16:08.556000
2024-07-20 14:01:29.475,0 days 00:16:08.756000,0 days 00:00:00.597000,4236,35,1,0,False,8,car,5.7125,0.001412686883052881,-3777.403366936608,1961.954662384114,2.325758633883953e-47,car,0 days 00:16:08.756000
2024-07-20 14:01:29.755,0 days 00:16:09.036000,0 days 00:00:00.877000,4472,38,1,0,False,8,car,8.668055555555556,0.0021435883387145712,-3799.380832224938,1980.0296856972777,5.617769343650093e-46,car,0 days 00:16:09.036000
2024-07-20 14:01:30.115,0 days 00:16:09.396000,0 days 00:00:01.237000,4672,39,1,0,False,8,car,12.568055555555556,0.003108048530208004,-3829.4303633707614,2003.6458000258738,-6.724863487593446e-45,car,0 days 00:16:09.396000
2024-07-20 14:01:30.395,0 days 00:16:09.676000,0 days 00:00:01.517000,4484,40,1,0,False,8,car,15.679166666666665,0.0038774184835360984,-3854.240840932379,2022.9967409878016,-5.052721881725551e-44,car,0 days 00:16:09.676000
2024-07-20 14:01:30.635,0 days 00:16:09.916000,0 days 00:00:01.757000,4562,39,1,0,False,8,car,18.279166666666665,0.0045203919445317205,-3884.649140547428,2045.6807062755272,5.054017230300448e-43,car,0 days 00:16:09.916000
2024-07-20 14:01:30.955,0 days 00:16:10.236000,0 days 00:00:02.077000,4408,39,1,0,False,8,car,21.745833333333334,0.005377689892525884,-3911.266074082693,2065.284764334091,2.731482401681411e-42,car,0 days 00:16:10.236000
2024-07-20 14:01:31.155,0 days 00:16:10.436000,0 days 00:00:02.277000,4367,38,1,0,False,8,car,23.856944444444448,0.005899762360855662,-3919.290979667918,2071.076264456584,-8.404654239262605e-42,car,0 days 00:16:10.436000
2024-07-20 14:01:31.315,0 days 00:16:10.596000,0 days 00:00:02.437000,4341,37,1,0,False,8,car,25.50138888888889,0.006306429336186226,-3928.7932565821397,2077.581587762387,1.262293596957897e-41,car,0 days 00:16:10.596000
2024-07-20 14:01:31.515,0 days 00:16:10.796000,0 days 00:00:02.637000,4242,36,1,0,False,8,car,27.50138888888889,0.006801024306182859,-3953.590832003499,2094.3521848346704,8.551060419388622e-41,car,0 days 00:16:10.796000
2024-07-20 14:01:31.755,0 days 00:16:11.036000,0 days 00:00:02.877000,4115,35,1,0,False,8,car,29.834722222222222,0.00737805177117893,-3979.7877257730943,2111.7932498977793,-3.540027646135384e-40,car,0 days 00:16:11.036000
2024-07-20 14:01:31.955,0 days 00:16:11.236000,0 days 00:00:03.077000,4079,35,1,0,False,8,car,31.77916666666667,0.007858907992008989,-3994.2472635018976,2121.205321886165,-4.1714157434489785e-40,car,0 days 00:16:11.236000
2024-07-20 14:01:32.115,0 days 00:16:11.396000,0 days 00:00:03.237000,4070,34,1,0,False,8,car,33.29027777777778,0.008232601969339778,-4000.9796543121156,2125.604993569183,1.3949325754634995e-39,car,0 days 00:16:11.396000
2024-07-20 14:01:32.395,0 days 00:16:11.676000,0 days 00:00:03.517000,3894,34,1,0,False,8,car,35.93472222222223,0.008886566429668659,-4016.50498746993,2135.1169152228026,-7.219956793139369e-39,car,0 days 00:16:11.676000
2024-07-20 14:01:32.555,0 days 00:16:11.836000,0 days 00:00:03.677000,3841,34,1,0,False,8,car,37.44583333333334,0.009260260406999449,-4030.0304803818503,2143.193113506809,3.281989586740259e-38,car,0 days 00:16:11.836000
2024-07-20 14:01:32.755,0 days 00:16:12.036000,0 days 00:00:03.877000,3812,33,1,0,False,8,car,39.27916666666667,0.00971363912949636,-4044.960371143122,2152.326210222846,2.288630120640091e-38,car,0 days 00:16:12.036000
2024-07-20 14:01:32.955,0 days 00:16:12.236000,0 days 00:00:04.077000,3812,33,1,0,False,8,car,41.112500000000004,0.010167017851993273,-4059.926732965355,2162.386419050857,-3.3786589954962395e-37,car,0 days 00:16:12.236000
2024-07-20 14:01:33.115,0 days 00:16:12.396000,0 days 00:00:04.237000,3793,32,1,0,False,8,car,42.53472222222223,0.010518729830657545,-4072.4163312323994,2170.0319112199063,1.6144474833092384e-36,car,0 days 00:16:12.396000
2024-07-20 14:01:33.355,0 days 00:16:12.636000,0 days 00:00:04.477000,3835,32,1,0,False,8,car,44.66805555555556,0.011046297798653954,-4091.3816748850118,2180.7375816786353,-8.693926919053112e-36,car,0 days 00:16:12.636000
2024-07-20 14:01:33.674,0 days 00:16:12.955000,0 days 00:00:04.796000,3668,32,1,0,False,8,car,47.50361111111112,0.011747523556115847,-4115.450248231119,2194.905947201848,-1.0304074196578587e-34,car,0 days 00:16:12.955000
2024-07-20 14:01:33.874,0 days 00:16:13.155000,0 days 00:00:04.996000,3698,32,1,0,False,8,car,49.2813888888889,0.012187163529446186,-4131.547239240333,2203.2962794504047,6.720387391981769e-35,car,0 days 00:16:13.155000
2024-07-20 14:01:34.194,0 days 00:16:13.475000,0 days 00:00:05.316000,3805,32,1,0,False,8,car,52.12583333333334,0.01289058748677473,-4160.091690648669,2219.557230294766,-8.191169665621431e-33,car,0 days 00:16:13.475000
2024-07-20 14:01:34.474,0 days 00:16:13.755000,0 days 00:00:05.596000,3809,33,1,0,False,8,car,54.69250000000001,0.013525317698270409,-4176.777426332456,2229.319370212349,4.9192727553562735e-32,car,0 days 00:16:13.755000
2024-07-20 14:01:34.754,0 days 00:16:14.035000,0 days 00:00:05.876000,3916,33,1,0,False,8,car,57.25916666666668,0.014160047909766087,-4209.242212670387,2246.115698708965,-4.512690693150112e-31,car,0 days 00:16:14.035000
2024-07-20 14:01:34.954,0 days 00:16:14.235000,0 days 00:00:06.076000,3916,33,1,0,False,8,car,59.09250000000001,0.014613426632263,-4227.690496835245,2255.5970134296876,2.1508814164770946e-30,car,0 days 00:16:14.235000
2024-07-20 14:01:35.194,0 days 00:16:14.475000,0 days 00:00:06.316000,3900,33,1,0,False,8,car,61.29250000000001,0.015157481099259296,-4235.98741328474,2260.611117617993,-4.52481127039099e-30,car,0 days 00:16:14.475000
2024-07-20 14:01:35.475,0 days 00:16:14.756000,0 days 00:00:06.597000,3926,33,1,0,False,8,car,63.86833333333335,0.015794478204367458,-4266.423101488222,2276.194320915767,-6.798882331600358e-30,car,0 days 00:16:14.756000
2024-07-20 14:01:35.715,0 days 00:16:14.996000,0 days 00:00:06.837000,3894,34,1,0,False,8,car,66.135,0.01635501917036364,-4291.9715266671,2289.31623176083,1.9621426247083538e-28,car,0 days 00:16:14.996000
2024-07-20 14:01:36.035,0 days 00:16:15.316000,0 days 00:00:07.157000,3969,34,1,0,False,8,car,69.15722222222223,0.01710240712502522,-4312.750852419711,2300.0144698159697,-9.980277775533696e-28,car,0 days 00:16:15.316000
2024-07-20 14:01:36.315,0 days 00:16:15.596000,0 days 00:00:07.437000,3944,34,1,0,False,8,car,71.80166666666668,0.0177563715853541,-4330.342732779715,2309.321367062083,1.0384561335084675e-27,car,0 days 00:16:15.596000
2024-07-20 14:01:36.555,0 days 00:16:15.836000,0 days 00:00:07.677000,3958,34,1,0,False,8,car,74.06833333333334,0.018316912551350283,-4356.401716037344,2323.2813462145714,-2.7543700118777423e-27,car,0 days 00:16:15.836000
2024-07-20 14:01:36.715,0 days 00:16:15.996000,0 days 00:00:07.837000,3990,34,1,0,False,8,car,75.57944444444445,0.01869060652868107,-4367.919599815278,2329.380221063889,-3.4548184503250547e-26,car,0 days 00:16:15.996000
2024-07-20 14:01:36.915,0 days 00:16:16.196000,0 days 00:00:08.037000,3993,34,1,0,False,8,car,77.46833333333335,0.01915772400034456,-4380.4295788636155,2336.243926461937,4.0370916586440934e-27,car,0 days 00:16:16.196000
2024-07-20 14:01:37.115,0 days 00:16:16.396000,0 days 00:00:08.237000,4004,34,1,0,False,8,car,79.35722222222223,0.019624841472008044,-4396.091743149853,2345.1541387235457,-8.939293395155315e-26,car,0 days 00:16:16.396000
2024-07-20 14:01:37.515,0 days 00:16:16.796000,0 days 00:00:08.637000,3994,34,1,0,False,8,car,83.13500000000002,0.02055907641533502,-4429.504167257559,2363.2943146122325,-7.350834244039475e-25,car,0 days 00:16:16.796000
2024-07-20 14:01:37.915,0 days 00:16:17.196000,0 days 00:00:09.037000,3980,34,1,0,False,8,car,86.9127777777778,0.021493311358661994,-4462.8645749133475,2382.3774481910714,5.10912041680846e-23,car,0 days 00:16:17.196000
2024-07-20 14:01:38.155,0 days 00:16:17.436000,0 days 00:00:09.277000,4024,34,1,0,False,8,car,89.17944444444446,0.02205385232465817,-4482.182044773506,2393.25991239741,6.581677538763637e-22,car,0 days 00:16:17.436000
2024-07-20 14:01:38.315,0 days 00:16:17.596000,0 days 00:00:09.437000,4039,34,1,0,False,8,car,90.69055555555556,0.022427546301988958,-4495.925238979439,2401.3176139954585,-7.141709025173397e-21,car,0 days 00:16:17.596000
2024-07-20 14:01:38.555,0 days 00:16:17.836000,0 days 00:00:09.677000,4026,34,1,5,False,8,car,92.95722222222223,0.022988087267985142,-4515.741401741188,2413.29988700021,-4.331675326010609e-20,car,0 days 00:16:17.836000
2024-07-20 14:01:38.875,0 days 00:16:18.156000,0 days 00:00:09.997000,4114,35,1,8,False,8,car,96.06833333333334,0.023757457221313238,-4541.270414144159,2429.2270177069877,-6.760710068485656e-19,car,0 days 00:16:18.156000
2024-07-20 14:01:39.155,0 days 00:16:18.436000,0 days 00:00:10.277000,4259,36,1,8,False,8,car,98.86833333333334,0.02444989017930852,-4565.298762356624,2444.1244737672305,5.643745407025344e-18,car,0 days 00:16:18.436000
2024-07-20 14:01:39.315,0 days 00:16:18.596000,0 days 00:00:10.437000,4259,36,1,8,False,8,car,100.46833333333333,0.024845566155305827,-4579.528406224529,2452.3058429531466,4.838560559432663e-18,car,0 days 00:16:18.596000
2024-07-20 14:01:39.595,0 days 00:16:18.876000,0 days 00:00:10.717000,4803,39,1,12,False,8,car,103.50166666666668,0.025595701859800722,-4607.117948301178,2470.299199935025,-6.410502681508187e-16,car,0 days 00:16:18.876000
2024-07-20 14:01:39.755,0 days 00:16:19.036000,0 days 00:00:10.877000,4949,41,1,13,False,8,car,105.3238888888889,0.02604633283246432,-4629.2210068866725,2484.5437405177295,-1.1721924141992866e-15,car,0 days 00:16:19.036000
2024-07-20 14:01:39.995,0 days 00:16:19.276000,0 days 00:00:11.117000,5207,44,1,14,False,8,car,108.25722222222224,0.02677173878845938,-4648.812249761662,2497.5591132921486,1.813863366364714e-14,car,0 days 00:16:19.276000
2024-07-20 14:01:40.234,0 days 00:16:19.515000,0 days 00:00:11.356000,5611,46,1,14,False,8,car,111.31111111111112,0.027526957830145905,-4668.533607848911,2510.523697005472,-3.478779065762891e-14,car,0 days 00:16:19.515000
2024-07-20 14:01:40.674,0 days 00:16:19.955000,0 days 00:00:11.796000,5808,49,1,12,False,8,car,117.3,0.029007994990302485,-4717.375561819711,2544.0785905014477,-7.728312292604748e-13,car,0 days 00:16:19.955000
2024-07-20 14:01:40.954,0 days 00:16:20.235000,0 days 00:00:12.076000,5635,50,1,7,False,8,car,121.1888888888889,0.029969707431962606,-4749.602817945015,2566.126814469092,9.441801539695334e-12,car,0 days 00:16:20.235000
2024-07-20 14:01:41.194,0 days 00:16:20.475000,0 days 00:00:12.316000,5725,50,1,7,False,8,car,124.52222222222224,0.030794032381956993,-4776.363241924931,2584.8545790168973,-1.8420062865506485e-11,car,0 days 00:16:20.475000
2024-07-20 14:01:41.434,0 days 00:16:20.715000,0 days 00:00:12.556000,5667,48,1,6,False,8,car,127.72222222222221,0.0315853843339516,-4804.568935204615,2605.1224759771594,-1.2289979289400016e-09,car,0 days 00:16:20.715000
2024-07-20 14:01:41.674,0 days 00:16:20.955000,0 days 00:00:12.796000,5528,47,1,4,False,8,car,130.85555555555555,0.03236024978694633,-4827.9266060668115,2622.8884915341555,7.69699894055367e-09,car,0 days 00:16:20.955000
2024-07-20 14:01:41.995,0 days 00:16:21.276000,0 days 00:00:13.117000,5273,46,1,0,False,8,car,134.95722222222224,0.03337458163791442,-4863.909955125453,2649.170040694785,-2.3845023098348334e-08,car,0 days 00:16:21.276000
2024-07-20 14:01:42.235,0 days 00:16:21.516000,0 days 00:00:13.357000,5047,44,1,0,False,8,car,137.89055555555555,0.034099987593909475,-4891.508226966493,2669.609462863352,4.928176482302868e-07,car,0 days 00:16:21.516000
2024-07-20 14:01:42.515,0 days 00:16:21.796000,0 days 00:00:13.637000,4894,42,1,0,False,8,car,141.15722222222223,0.03490782604490398,-4911.10382301597,2684.420742835203,-3.6974626925456704e-06,car,0 days 00:16:21.796000
2024-07-20 14:01:42.795,0 days 00:16:22.076000,0 days 00:00:13.917000,5342,41,1,13,False,8,car,144.3461111111111,0.03569643024706527,-4937.949248467586,2704.8391519505676,1.547617075328612e-05,car,0 days 00:16:22.076000
2024-07-20 14:01:43.155,0 days 00:16:22.436000,0 days 00:00:14.277000,5341,44,1,20,False,8,car,148.7461111111111,0.03678453918105787,-4972.15924179228,2730.08436918029,0.00016112319908196933,car,0 days 00:16:22.436000
2024-07-20 14:01:43.395,0 days 00:16:22.676000,0 days 00:00:14.517000,5875,48,1,21,False,8,car,151.9461111111111,0.03757589113305247,-5001.482200265409,2752.3996758963044,-0.002039919370511534,car,0 days 00:16:22.676000
2024-07-20 14:01:43.675,0 days 00:16:22.956000,0 days 00:00:14.797000,6357,51,1,23,False,8,car,155.91277777777776,0.0385568378235458,-5042.355152902748,2784.0730992172776,0.02073628171624852,car,0 days 00:16:22.956000
2024-07-20 14:01:43.915,0 days 00:16:23.196000,0 days 00:00:15.037000,6790,56,1,25,False,8,car,159.6461111111111,0.03948008176753951,-5059.36500233473,2796.8226060143224,0.033086646481024766,car,0 days 00:16:23.196000
2024-07-20 14:01:44.075,0 days 00:16:23.356000,0 days 00:00:15.197000,7240,58,1,25,False,8,car,162.22388888888887,0.0401175597288685,-5078.617294678851,2811.077237316542,-0.10766007429123221,car,0 days 00:16:23.356000
2024-07-20 14:01:44.315,0 days 00:16:23.596000,0 days 00:00:15.437000,7772,65,1,25,False,8,car,166.5572222222222,0.04118918216386121,-5112.878082026654,2836.671960970602,-0.10316126126278624,car,0 days 00:16:23.596000
2024-07-20 14:01:44.475,0 days 00:16:23.756000,0 days 00:00:15.597000,8187,67,1,26,False,8,car,169.535,0.04192557911918953,-5136.899474743811,2855.3748878425386,-1.3321338993673146,car,0 days 00:16:23.756000
2024-07-20 14:01:44.715,0 days 00:16:23.996000,0 days 00:00:15.837000,7105,71,1,29,False,8,car,174.26833333333335,0.043096120548181564,-5173.8132221888945,2883.3568073219412,21.04428227136737,car,0 days 00:16:23.996000
2024-07-20 14:01:45.035,0 days 00:16:24.316000,0 days 00:00:16.157000,6499,77,2,27,False,8,car,181.1127777777778,0.044788734445503374,-5249.947401648611,2940.460739686576,28.61310550846906,car,0 days 00:16:24.316000
2024-07-20 14:01:45.435,0 days 00:16:24.716000,0 days 00:00:16.557000,7577,82,2,25,False,8,car,190.2238888888889,0.04704188930882136,-5385.770535157647,3038.0200449139465,2385.7978752329727,car,0 days 00:16:24.716000
2024-07-20 14:01:45.835,0 days 00:16:25.116000,0 days 00:00:16.957000,7964,90,2,26,False,8,car,200.22388888888895,0.04951486415880454,-5466.094375108918,3098.352124023266,2338.137300216955,car,0 days 00:16:25.116000
2024-07-20 14:01:46.235,0 days 00:16:25.516000,0 days 00:00:17.357000,8587,94,2,32,False,8,car,210.66833333333335,0.05209774900212027,-5546.595536689047,3164.7429482774514,2332.5399767218055,car,0 days 00:16:25.516000
2024-07-20 14:01:46.395,0 days 00:16:25.676000,0 days 00:00:17.517000,8793,97,2,35,False,8,car,214.97944444444445,0.05316387593744634,-5580.235731227077,3192.8146027781086,2331.5710004540542,car,0 days 00:16:25.676000
2024-07-20 14:01:46.874,0 days 00:16:26.155000,0 days 00:00:17.996000,9690,107,2,39,False,8,car,229.21638888888887,0.0566846364926182,-5691.224271211959,3286.9540627590786,2328.1219612448294,car,0 days 00:16:26.155000
2024-07-20 14:01:47.034,0 days 00:16:26.315000,0 days 00:00:18.156000,9984,111,2,32,False,8,car,234.1497222222222,0.05790463741860989,-5745.191866319062,3334.6224704613433,2326.1463314763882,car,0 days 00:16:26.315000
2024-07-20 14:01:47.314,0 days 00:16:26.595000,0 days 00:00:18.436000,9863,114,2,4,False,8,car,243.0163888888889,0.06009734178559497,-5791.654075840236,3376.5513740676392,2324.131078407426,car,0 days 00:16:26.595000
2024-07-20 14:01:47.554,0 days 00:16:26.835000,0 days 00:00:18.676000,9742,112,2,0,True,8,car,250.48305555555552,0.06194382967358238,-5847.782870545141,3433.392953037647,2322.1647022854277,car,0 days 00:16:26.835000
2024-07-20 14:01:47.754,0 days 00:16:27.035000,0 days 00:00:18.876000,9247,111,2,0,True,8,car,256.6497222222223,0.06346883083107202,-5902.058955960141,3490.518007204854,2320.2373217479358,car,0 days 00:16:27.035000
2024-07-20 14:01:48.114,0 days 00:16:27.395000,0 days 00:00:19.236000,8291,96,2,0,True,8,car,266.24972222222226,0.06584288668705585,-5945.753079304632,3543.9470569692344,2317.425409110923,car,0 days 00:16:27.395000
2024-07-20 14:01:48.314,0 days 00:16:27.595000,0 days 00:00:19.436000,7912,91,2,0,True,8,car,271.3052777777778,0.067093112861214,-5978.222274778744,3588.0153396064725,2315.594841804545,car,0 days 00:16:27.595000
2024-07-20 14:01:48.515,0 days 00:16:27.796000,0 days 00:00:19.637000,7557,89,2,0,True,8,car,276.2744444444445,0.06832197528041814,-6015.92565379283,3647.533606617714,2313.9596386012495,car,0 days 00:16:27.796000
2024-07-20 14:01:48.715,0 days 00:16:27.996000,0 days 00:00:19.837000,7229,83,2,0,True,8,car,280.8855555555556,0.0694622914612437,-6037.638579507945,3686.4917277576724,2312.952690809733,car,0 days 00:16:27.996000
2024-07-20 14:01:48.875,0 days 00:16:28.156000,0 days 00:00:19.997000,7097,82,2,0,True,8,car,284.53000000000003,0.0703635534065709,-6047.629042941835,3709.4714647430415,2312.287506875157,car,0 days 00:16:28.156000
2024-07-20 14:01:49.035,0 days 00:16:28.316000,0 days 00:00:20.157000,7097,78,2,0,True,8,car,287.9966666666667,0.07122085135456507,-6057.617648139942,3735.8784587849514,2311.3430513394733,car,0 days 00:16:28.316000
2024-07-20 14:01:49.235,0 days 00:16:28.516000,0 days 00:00:20.357000,6260,77,2,0,True,8,car,292.2744444444445,0.0722787350403912,-6069.3815499749035,3772.318215593535,2310.1272942518763,car,0 days 00:16:28.516000
2024-07-20 14:01:49.395,0 days 00:16:28.676000,0 days 00:00:20.517000,6102,73,2,0,True,8,car,295.51888888888897,0.07308107799171908,-6076.372879031127,3800.7642254513826,2310.030494355224,car,0 days 00:16:28.676000
2024-07-20 14:01:49.755,0 days 00:16:29.036000,0 days 00:00:20.877000,5771,68,2,0,False,8,car,302.318888888889,0.07476270088970763,-6083.784210907726,3898.7358105242733,2308.3844311859257,car,0 days 00:16:29.036000
2024-07-20 14:01:49.955,0 days 00:16:29.236000,0 days 00:00:21.077000,5669,67,2,0,False,8,car,306.04111111111126,0.07568319708386805,-6077.634003616352,3933.8054588444224,2306.7579267191336,car,0 days 00:16:29.236000
2024-07-20 14:01:50.275,0 days 00:16:29.556000,0 days 00:00:21.397000,5435,64,2,0,False,8,car,311.7300000000001,0.0770900449985251,-6067.635246986325,3969.2055613546963,2305.6032037986806,car,0 days 00:16:29.556000
2024-07-20 14:01:50.555,0 days 00:16:29.836000,0 days 00:00:21.677000,5112,63,2,6,False,8,car,316.6300000000001,0.07830180267501687,-6049.269458426517,4004.6753838056948,2303.8439718372083,car,0 days 00:16:29.836000
2024-07-20 14:01:50.715,0 days 00:16:29.996000,0 days 00:00:21.837000,5112,61,2,6,False,8,car,319.3411111111112,0.07897225363434564,-6033.392668190092,4028.2561386142916,2302.5798602941477,car,0 days 00:16:29.996000
2024-07-20 14:01:50.875,0 days 00:16:30.156000,0 days 00:00:21.997000,5322,60,2,11,False,8,car,322.0077777777779,0.07963171359434115,-6016.70004711078,4048.2726523159736,2302.091074002551,car,0 days 00:16:30.156000
2024-07-20 14:01:51.195,0 days 00:16:30.476000,0 days 00:00:22.317000,5572,62,2,18,False,8,car,327.518888888889,0.08099459751166521,-5975.223944891681,4083.9252757801223,2302.0655462683326,car,0 days 00:16:30.476000
2024-07-20 14:01:51.355,0 days 00:16:30.636000,0 days 00:00:22.477000,5615,63,2,18,False,8,car,330.31888888888903,0.0816870304696605,-5952.140146127667,4099.272996651988,2301.8388094571214,car,0 days 00:16:30.636000
2024-07-20 14:01:51.555,0 days 00:16:30.836000,0 days 00:00:22.677000,5822,64,2,22,False,8,car,333.8744444444446,0.08256631041632118,-5920.891923483002,4115.902668473378,2300.9604332992003,car,0 days 00:16:30.836000
2024-07-20 14:01:51.755,0 days 00:16:31.036000,0 days 00:00:22.877000,5977,64,2,23,False,8,car,337.4300000000001,0.08344559036298185,-5883.7146945391405,4129.787551545438,2300.912261634657,car,0 days 00:16:31.036000
2024-07-20 14:01:51.955,0 days 00:16:31.236000,0 days 00:00:23.077000,6218,68,2,25,False,8,car,341.20777777777795,0.08437982530630883,-5830.801858747875,4144.790469362415,2300.189152746751,car,0 days 00:16:31.236000
2024-07-20 14:01:52.115,0 days 00:16:31.396000,0 days 00:00:23.237000,6218,71,2,25,False,8,car,344.36333333333346,0.08516018625897018,-5791.543991098452,4152.92106978029,2299.679588758148,car,0 days 00:16:31.396000
2024-07-20 14:01:52.315,0 days 00:16:31.596000,0 days 00:00:23.437000,6630,74,2,27,False,8,car,348.4744444444446,0.0861768536972966,-5751.198485706118,4158.073552839106,2299.1674446935,car,0 days 00:16:31.596000
2024-07-20 14:01:52.515,0 days 00:16:31.796000,0 days 00:00:23.637000,6978,77,2,30,False,8,car,352.7522222222224,0.08723473738312272,-5726.923269425635,4160.682848694703,2298.467098043472,car,0 days 00:16:31.796000
2024-07-20 14:01:52.715,0 days 00:16:31.996000,0 days 00:00:23.837000,7244,81,2,30,False,8,car,357.2522222222224,0.08834757606561515,-5696.613391826086,4161.797234926676,2297.298440563725,car,0 days 00:16:31.996000
2024-07-20 14:01:52.955,0 days 00:16:32.236000,0 days 00:00:24.077000,7727,84,2,32,False,8,car,362.8522222222224,0.08973244198160572,-5602.733214544726,4163.003642497256,2294.949380519085,car,0 days 00:16:32.236000
2024-07-20 14:01:53.115,0 days 00:16:32.396000,0 days 00:00:24.237000,7916,87,2,32,False,8,car,366.71888888888896,0.09068865892359919,-5571.31921773821,4162.291353730538,2294.3847224228825,car,0 days 00:16:32.396000
2024-07-20 14:01:53.395,0 days 00:16:32.676000,0 days 00:00:24.517000,8480,94,2,34,False,8,car,374.0300000000001,0.09249667831392021,-5530.22708414493,4158.688736825545,2293.4567602718344,car,0 days 00:16:32.676000
2024-07-20 14:01:53.714,0 days 00:16:32.995000,0 days 00:00:24.836000,7160,99,3,35,False,8,car,382.80250000000007,0.09466609550106793,-5429.707556315638,4149.839563188047,2290.8880336772336,car,0 days 00:16:32.995000
2024-07-20 14:01:54.074,0 days 00:16:33.355000,0 days 00:00:25.196000,7606,105,3,38,False,8,car,393.3025000000002,0.09726271909355028,-5334.910393111188,4138.027760627835,2289.429862572729,car,0 days 00:16:33.355000
2024-07-20 14:01:54.274,0 days 00:16:33.555000,0 days 00:00:25.396000,7747,106,3,39,False,8,car,399.19138888888904,0.09871902650520703,-5272.897291932601,4127.5555622959455,2288.201112865686,car,0 days 00:16:33.555000
2024-07-20 14:01:54.434,0 days 00:16:33.715000,0 days 00:00:25.556000,8031,111,3,41,False,8,car,404.1247222222224,0.09993902743119872,-5207.631165740324,4115.588955488657,2286.5517672882847,car,0 days 00:16:33.715000
2024-07-20 14:01:54.634,0 days 00:16:33.915000,0 days 00:00:25.756000,8171,113,3,43,False,8,car,410.40250000000015,0.10149150608702148,-5149.163043209262,4103.782822886643,2284.5619715144167,car,0 days 00:16:33.915000
2024-07-20 14:01:54.874,0 days 00:16:34.155000,0 days 00:00:25.996000,8580,118,3,45,False,8,car,418.26916666666676,0.10343691296900823,-5090.027854703573,4089.8905743236537,2282.7460679344194,car,0 days 00:16:34.155000
2024-07-20 14:01:55.075,0 days 00:16:34.356000,0 days 00:00:26.197000,8820,122,3,47,False,8,car,425.08083333333343,0.10512142100432176,-5026.5178973933,4074.4658176301,2281.720140660992,car,0 days 00:16:34.356000
2024-07-20 14:01:55.275,0 days 00:16:34.556000,0 days 00:00:26.397000,9035,126,3,48,False,8,car,432.08083333333343,0.10685250339930996,-4953.074867805167,4055.1618753936054,2279.9253728195313,car,0 days 00:16:34.556000
2024-07-20 14:01:55.755,0 days 00:16:35.036000,0 days 00:00:26.877000,9883,136,3,54,False,8,car,450.21416666666676,0.11133683112727943,-4774.99367642037,4000.1094030548884,2276.204547836822,car,0 days 00:16:35.036000
2024-07-20 14:01:56.075,0 days 00:16:35.356000,0 days 00:00:27.197000,10425,142,3,59,False,8,car,462.83638888888896,0.11445827493792483,-4615.682790208856,3938.9112787747576,2272.4781403789866,car,0 days 00:16:35.356000
2024-07-20 14:01:56.355,0 days 00:16:35.636000,0 days 00:00:27.477000,10878,149,3,63,False,8,car,474.4252777777779,0.11732417801407201,-4542.036081597103,3908.8024656250577,2271.491312013962,car,0 days 00:16:35.636000
2024-07-20 14:01:56.635,0 days 00:16:35.916000,0 days 00:00:27.757000,11196,154,3,65,False,8,car,486.40305555555574,0.12028625233438518,-4426.50768259737,3852.6775084501405,2269.146706634943,car,0 days 00:16:35.916000
2024-07-20 14:01:56.795,0 days 00:16:36.076000,0 days 00:00:27.917000,10636,161,3,67,False,8,car,493.5586111111113,0.12205580322703981,-4343.060516568693,3809.565969861993,2267.298863664636,car,0 days 00:16:36.076000
2024-07-20 14:01:57.195,0 days 00:16:36.476000,0 days 00:00:28.317000,10034,167,4,15,False,8,car,512.1141666666668,0.12664454544867523,-4175.070399189199,3709.3368763657863,2264.767765255289,car,0 days 00:16:36.476000
2024-07-20 14:01:57.555,0 days 00:16:36.836000,0 days 00:00:28.677000,9819,164,4,0,True,8,car,528.5141666666668,0.1307002242026476,-4049.450007876373,3623.804034967756,2263.880251075718,car,0 days 00:16:36.836000
2024-07-20 14:01:57.835,0 days 00:16:37.116000,0 days 00:00:28.957000,9211,156,4,0,True,8,car,540.6475000000003,0.1337007670206272,-3979.343520569335,3574.8791737789825,2262.178728430709,car,0 days 00:16:37.116000
2024-07-20 14:01:58.155,0 days 00:16:37.436000,0 days 00:00:29.277000,9172,146,4,0,True,8,car,553.625277777778,0.13691013882593867,-3880.0433167779047,3498.7211113781714,2261.6232956463873,car,0 days 00:16:37.436000
2024-07-20 14:01:58.595,0 days 00:16:37.876000,0 days 00:00:29.717000,9358,132,3,0,True,8,car,569.7586111111112,0.14089987158391148,-3706.981474232261,3360.3686219444953,2258.9741701149624,car,0 days 00:16:37.876000
2024-07-20 14:01:58.755,0 days 00:16:38.036000,0 days 00:00:29.877000,9078,129,3,0,True,8,car,575.4919444444446,0.14231771049790182,-3664.3712324523367,3325.704518119357,2258.439479202802,car,0 days 00:16:38.036000
2024-07-20 14:01:58.955,0 days 00:16:38.236000,0 days 00:00:30.077000,8618,125,3,0,True,8,car,582.4363888888892,0.1440350541437235,-3622.6056053143466,3290.821548536371,2257.9863827988693,car,0 days 00:16:38.236000
2024-07-20 14:01:59.115,0 days 00:16:38.396000,0 days 00:00:30.237000,8528,121,3,0,True,8,car,587.8141666666668,0.14536496506304775,-3582.122852138573,3256.3261574585936,2257.6219320094715,car,0 days 00:16:38.396000
2024-07-20 14:01:59.275,0 days 00:16:38.556000,0 days 00:00:30.397000,8472,120,3,0,True,8,car,593.1475000000002,0.14668388498303878,-3539.568832305821,3219.714917600505,2257.2424184061024,car,0 days 00:16:38.556000
2024-07-20 14:01:59.555,0 days 00:16:38.836000,0 days 00:00:30.677000,8088,116,3,0,True,8,car,602.1697222222224,0.14891505784769024,-3487.574314654075,3174.904954226609,2256.4620238425505,car,0 days 00:16:38.836000
2024-07-20 14:01:59.795,0 days 00:16:39.076000,0 days 00:00:30.917000,7929,113,3,0,False,8,car,609.7030555555558,0.1507780322346776,-3441.916846086352,3135.569222965072,2255.738082207866,car,0 days 00:16:39.076000
2024-07-20 14:02:00.155,0 days 00:16:39.436000,0 days 00:00:31.277000,7831,111,3,0,False,8,car,620.8030555555558,0.1535230343181589,-3357.374734806279,3061.9569337682765,2254.048724566701,car,0 days 00:16:39.436000
2024-07-20 14:02:00.434,0 days 00:16:39.715000,0 days 00:00:31.556000,8035,109,3,15,False,8,car,629.2505555555558,0.15561207982268216,-3271.123711145921,2986.8881308199325,2253.9968194660783,car,0 days 00:16:39.715000
2024-07-20 14:02:00.834,0 days 00:16:40.115000,0 days 00:00:31.956000,7690,110,3,29,False,8,car,641.472777777778,0.15863460463932824,-3198.2224659015837,2924.1089510463044,2253.1931525781283,car,0 days 00:16:40.115000
2024-07-20 14:02:01.034,0 days 00:16:40.315000,0 days 00:00:32.156000,8239,113,3,34,False,8,car,647.7505555555557,0.160187083295151,-3155.3110237216706,2885.428881390947,2252.4101938841113,car,0 days 00:16:40.315000
2024-07-20 14:02:01.314,0 days 00:16:40.595000,0 days 00:00:32.436000,8409,117,3,37,False,8,car,656.8505555555557,0.16243749040863567,-3085.402355427164,2823.8743982350393,2250.9317473839465,car,0 days 00:16:40.595000
2024-07-20 14:02:01.715,0 days 00:16:40.996000,0 days 00:00:32.837000,8827,120,3,44,False,8,car,670.2172222222225,0.1657430334581132,-2975.979521478424,2728.486122594066,2249.086837571882,car,0 days 00:16:40.996000
2024-07-20 14:02:01.995,0 days 00:16:41.276000,0 days 00:00:33.117000,9193,128,3,50,False,8,car,680.1727777777778,0.16820501730876303,-2904.455470269203,2666.532158456645,2248.34026432759,car,0 days 00:16:41.276000
2024-07-20 14:02:02.195,0 days 00:16:41.476000,0 days 00:00:33.317000,9529,132,3,53,False,8,car,687.5061111111113,0.1700185321987507,-2851.9029925025543,2621.5068548775007,2247.712511385368,car,0 days 00:16:41.476000
2024-07-20 14:02:02.475,0 days 00:16:41.756000,0 days 00:00:33.597000,10033,137,3,62,False,8,car,698.1616666666669,0.17265362428889944,-2769.5676397454363,2551.7488825946093,2246.122272980752,car,0 days 00:16:41.756000
2024-07-20 14:02:02.755,0 days 00:16:42.036000,0 days 00:00:33.877000,10462,145,3,61,False,8,car,709.4394444444447,0.1754425903697138,-2689.1613593146844,2487.555264466476,2245.9866119763606,car,0 days 00:16:42.036000
2024-07-20 14:02:03.035,0 days 00:16:42.316000,0 days 00:00:34.157000,10179,144,3,0,True,8,car,720.6394444444445,0.1782123222016949,-2601.054054670027,2419.1768204261193,2244.410734471174,car,0 days 00:16:42.316000
2024-07-20 14:02:03.315,0 days 00:16:42.596000,0 days 00:00:34.437000,9678,137,3,0,True,8,car,731.2950000000001,0.18084741429184362,-2513.538438770817,2356.6882073207203,2242.1252182423796,car,0 days 00:16:42.596000
2024-07-20 14:02:03.675,0 days 00:16:42.956000,0 days 00:00:34.797000,8917,131,3,0,True,8,car,744.3950000000001,0.18408701134532157,-2386.603288349341,2276.542615868878,2239.031571957779,car,0 days 00:16:42.956000
2024-07-20 14:02:03.995,0 days 00:16:43.276000,0 days 00:00:35.117000,8538,120,3,0,True,8,car,755.0616666666667,0.1867248511853036,-2307.466609056357,2237.7825521245486,2236.236008689648,car,0 days 00:16:43.276000
2024-07-20 14:02:04.395,0 days 00:16:43.676000,0 days 00:00:35.517000,8097,115,3,0,False,8,car,767.8394444444447,0.18988476349361547,-2181.1357200849334,2189.5144349505154,2232.317078111188,car,0 days 00:16:43.676000
2024-07-20 14:02:04.555,0 days 00:16:43.836000,0 days 00:00:35.677000,8072,114,3,0,False,8,car,772.9061111111113,0.19113773741760692,-2106.5434269819757,2171.7689242687575,2229.6018445009095,car,0 days 00:16:43.836000
2024-07-20 14:02:04.715,0 days 00:16:43.996000,0 days 00:00:35.837000,7887,112,3,0,False,8,car,777.8838888888891,0.1923687293429319,-2059.870370814624,2164.4003737736934,2227.641097068782,car,0 days 00:16:43.996000
2024-07-20 14:02:04.955,0 days 00:16:44.236000,0 days 00:00:36.077000,7696,110,3,2,False,8,car,785.2172222222223,0.1941822442329195,-2016.6158088337788,2167.6262925321616,2225.537995358019,car,0 days 00:16:44.236000
2024-07-20 14:02:05.155,0 days 00:16:44.436000,0 days 00:00:36.277000,7690,110,3,9,False,8,car,791.3283333333335,0.19569350664124255,-1959.619123404003,2173.6942760510024,2223.4013661501494,car,0 days 00:16:44.436000
2024-07-20 14:02:05.355,0 days 00:16:44.636000,0 days 00:00:36.477000,7607,109,3,1,False,8,car,797.3838888888889,0.197191030300399,-1903.6404781723388,2185.9184054197763,2220.3896555998954,car,0 days 00:16:44.636000
2024-07-20 14:02:05.675,0 days 00:16:44.956000,0 days 00:00:36.797000,7452,106,3,0,False,8,car,806.8061111111111,0.1995211221590498,-1770.8737194108928,2246.070348081002,2210.390925059813,car,0 days 00:16:44.956000
2024-07-20 14:02:05.875,0 days 00:16:45.156000,0 days 00:00:36.997000,7324,106,3,0,False,8,car,812.6950000000002,0.20097742957070658,-1754.9716761352852,2262.072798150818,2208.7263788250166,car,0 days 00:16:45.156000
2024-07-20 14:02:06.195,0 days 00:16:45.476000,0 days 00:00:37.317000,7780,102,3,12,False,8,car,821.7616666666669,0.20321959343469134,-1703.3970201999152,2321.1045536193037,2203.2703441843905,car,0 days 00:16:45.476000
2024-07-20 14:02:06.395,0 days 00:16:45.676000,0 days 00:00:37.517000,7327,102,3,14,False,8,car,827.4283333333336,0.2046209458496818,-1670.6718266244209,2365.495358376805,2199.54415750113,car,0 days 00:16:45.676000
2024-07-20 14:02:06.875,0 days 00:16:46.156000,0 days 00:00:37.997000,7467,103,3,17,False,8,car,841.1616666666669,0.20801716464365866,-1609.374322504822,2513.4425435464814,2189.059366034753,car,0 days 00:16:46.156000
2024-07-20 14:02:07.074,0 days 00:16:46.355000,0 days 00:00:38.196000,7567,104,3,22,False,8,car,846.9105555555557,0.20943885040741564,-1602.4628304435246,2552.059383558343,2186.1318183701915,car,0 days 00:16:46.355000
2024-07-20 14:02:07.234,0 days 00:16:46.515000,0 days 00:00:38.356000,7682,105,3,25,False,8,car,851.5772222222224,0.2105929053374078,-1599.4346331466604,2592.6319930903337,2183.5304252622714,car,0 days 00:16:46.515000
2024-07-20 14:02:07.714,0 days 00:16:46.995000,0 days 00:00:38.836000,7954,110,3,26,False,8,car,866.2438888888889,0.21421993511738305,-1607.2222826254203,2738.1817666522747,2173.39993625186,car,0 days 00:16:46.995000
2024-07-20 14:02:07.874,0 days 00:16:47.155000,0 days 00:00:38.996000,8162,111,3,30,False,8,car,871.1772222222223,0.21543993604337475,-1617.1558885267582,2786.503578853718,2169.3996088250187,car,0 days 00:16:47.155000
2024-07-20 14:02:08.315,0 days 00:16:47.596000,0 days 00:00:39.437000,8432,117,3,39,False,8,car,885.5097222222222,0.2189843272471131,-1658.9296182303503,2918.9915490463663,2157.3598520500855,car,0 days 00:16:47.596000
2024-07-20 14:02:08.555,0 days 00:16:47.836000,0 days 00:00:39.677000,8860,120,3,44,False,8,car,893.5097222222223,0.22096270712709964,-1701.8107756442698,3014.402114168452,2150.41509138922,car,0 days 00:16:47.836000
2024-07-20 14:02:08.755,0 days 00:16:48.036000,0 days 00:00:39.877000,9046,123,3,49,False,8,car,900.3430555555558,0.22265257327458818,-1742.3345160707372,3095.100518902465,2144.9696548207203,car,0 days 00:16:48.036000
2024-07-20 14:02:09.155,0 days 00:16:48.436000,0 days 00:00:40.277000,9672,132,3,58,False,8,car,915.0097222222224,0.2262796030545635,-1791.7968623182633,3182.317675838148,2137.449441205096,car,0 days 00:16:48.436000
2024-07-20 14:02:09.515,0 days 00:16:48.796000,0 days 00:00:40.637000,10273,140,3,63,False,8,car,929.0097222222224,0.2297417678445399,-1883.0868118018338,3338.600844566877,2124.5631220731316,car,0 days 00:16:48.796000
2024-07-20 14:02:09.675,0 days 00:16:48.956000,0 days 00:00:40.797000,10639,146,3,67,False,8,car,935.4986111111111,0.2313464537471956,-1915.0145354344102,3395.0659055696706,2120.40727456868,car,0 days 00:16:48.956000
2024-07-20 14:02:09.915,0 days 00:16:49.196000,0 days 00:00:41.037000,10847,154,3,67,False,8,car,945.7652777777779,0.23388537459317835,-1940.222616133081,3445.7226942055177,2115.388145857413,car,0 days 00:16:49.196000
2024-07-20 14:02:10.075,0 days 00:16:49.356000,0 days 00:00:41.197000,11318,157,3,65,False,8,car,952.7430555555559,0.23561096148849997,-1970.7563028059812,3510.4665780701803,2111.326334227392,car,0 days 00:16:49.356000
2024-07-20 14:02:10.235,0 days 00:16:49.516000,0 days 00:00:41.357000,11659,162,3,59,False,8,car,959.9430555555557,0.2373915033804878,-1996.8521706975719,3572.493866109361,2107.0513524095745,car,0 days 00:16:49.516000
2024-07-20 14:02:10.435,0 days 00:16:49.716000,0 days 00:00:41.557000,11799,165,3,56,False,8,car,969.1097222222224,0.2396583969929724,-2030.0200745477919,3675.5178998648903,2099.8765482177723,car,0 days 00:16:49.716000
2024-07-20 14:02:10.715,0 days 00:16:49.996000,0 days 00:00:41.837000,10399,169,3,54,False,8,car,982.254166666667,0.2429089850457836,-2061.7209877896553,3790.134562853415,2092.2141443123196,car,0 days 00:16:49.996000
2024-07-20 14:02:10.995,0 days 00:16:50.276000,0 days 00:00:42.117000,10495,172,4,53,False,8,car,995.6319444444445,0.24621727584509434,-2078.3058772969384,3937.884553879401,2084.317934228316,car,0 days 00:16:50.276000
2024-07-20 14:02:11.355,0 days 00:16:50.636000,0 days 00:00:42.477000,10707,175,4,54,False,8,car,1013.1319444444445,0.25054498183256485,-2083.9233818486605,4109.430776157112,2075.3554653059855,car,0 days 00:16:50.636000
2024-07-20 14:02:11.795,0 days 00:16:51.076000,0 days 00:00:42.917000,10981,180,4,60,False,8,car,1035.1319444444448,0.2559855265025279,-2051.0754071797746,4296.589883958075,2066.5583145179603,car,0 days 00:16:51.076000
2024-07-20 14:02:12.035,0 days 00:16:51.316000,0 days 00:00:43.157000,11181,183,4,65,False,8,car,1047.3319444444446,0.2590025558195073,-2011.8235438937859,4410.88566161235,2061.8897494780576,car,0 days 00:16:51.316000
2024-07-20 14:02:12.195,0 days 00:16:51.476000,0 days 00:00:43.317000,11181,186,4,65,False,8,car,1055.5986111111115,0.26104688169549345,-1977.465318359714,4487.912860253349,2059.016257643386,car,0 days 00:16:51.476000
2024-07-20 14:02:12.595,0 days 00:16:51.876000,0 days 00:00:43.717000,11833,195,4,79,False,8,car,1077.265277777778,0.26640499387045696,-1851.8605332828663,4726.790300136803,2048.8598116275284,car,0 days 00:16:51.876000
2024-07-20 14:02:12.875,0 days 00:16:52.156000,0 days 00:00:43.997000,10555,200,4,82,False,8,car,1092.8208333333337,0.2702518436370974,-1792.2886151880014,4834.98134442757,2046.4745825792666,car,0 days 00:16:52.156000
2024-07-20 14:02:13.035,0 days 00:16:52.316000,0 days 00:00:44.157000,10841,205,5,85,False,8,car,1101.9319444444445,0.2725049985004154,-1763.8654724362846,4882.265675505522,2045.2529501324607,car,0 days 00:16:52.316000
2024-07-20 14:02:13.355,0 days 00:16:52.636000,0 days 00:00:44.477000,11205,211,5,92,False,8,car,1120.6875,0.2771432002190504,-1621.1308908736296,5114.513636834764,2042.9700324727257,car,0 days 00:16:52.636000
2024-07-20 14:02:13.675,0 days 00:16:52.956000,0 days 00:00:44.797000,11487,219,5,99,False,8,car,1140.1541666666667,0.28195725792701765,-1548.6824689666907,5239.867977972803,2042.2600758746826,car,0 days 00:16:52.956000
2024-07-20 14:02:14.034,0 days 00:16:53.315000,0 days 00:00:45.156000,11849,224,5,99,False,8,car,1162.4919444444445,0.28748133419191335,-1452.9264964405036,5416.357714582223,2042.242833413875,car,0 days 00:16:53.315000
2024-07-20 14:02:14.274,0 days 00:16:53.555000,0 days 00:00:45.396000,11849,229,5,99,False,8,car,1177.7586111111113,0.29125674246288774,-1380.9271044227448,5548.142008203,2043.2248550644888,car,0 days 00:16:53.555000
2024-07-20 14:02:14.674,0 days 00:16:53.955000,0 days 00:00:45.796000,10690,234,6,99,False,8,car,1203.7586111111113,0.29768647707284396,-1214.4577787861524,5851.25854458076,2048.387736808925,car,0 days 00:16:53.955000
2024-07-20 14:02:14.875,0 days 00:16:54.156000,0 days 00:00:45.997000,10669,236,6,99,False,8,car,1216.935277777778,0.3009450336001718,-1165.3860776062522,5939.773054145195,2050.728930257912,car,0 days 00:16:54.156000
2024-07-20 14:02:15.035,0 days 00:16:54.316000,0 days 00:00:46.157000,10772,239,6,99,False,8,car,1227.5575000000001,0.3035718824408205,-1135.7746616220986,5993.6764539637425,2052.3427010227015,car,0 days 00:16:54.316000
2024-07-20 14:02:15.275,0 days 00:16:54.556000,0 days 00:00:46.397000,11035,241,6,99,False,8,car,1243.624166666667,0.3075451286997935,-1062.639265471762,6128.492570286635,2055.7512258882434,car,0 days 00:16:54.556000
2024-07-20 14:02:15.515,0 days 00:16:54.796000,0 days 00:00:46.637000,11110,244,6,99,False,8,car,1259.8908333333338,0.31156783445576614,-984.5472519135735,6270.690344294493,2060.7016787363345,car,0 days 00:16:54.796000
2024-07-20 14:02:15.795,0 days 00:16:55.076000,0 days 00:00:46.917000,11235,247,6,99,False,8,car,1279.101944444445,0.3163186939175672,-892.2690595498807,6438.584281357863,2067.4859382231098,car,0 days 00:16:55.076000
2024-07-20 14:02:15.995,0 days 00:16:55.276000,0 days 00:00:47.117000,11287,249,6,99,False,8,car,1292.935277777778,0.3197396424600438,-825.3815472045151,6558.897364483325,2073.3542015243793,car,0 days 00:16:55.276000
2024-07-20 14:02:16.235,0 days 00:16:55.516000,0 days 00:00:47.357000,11427,251,6,99,False,8,car,1309.6686111111117,0.32387775370901567,-744.254394507029,6705.67974668342,2081.095114490218,car,0 days 00:16:55.516000
2024-07-20 14:02:16.435,0 days 00:16:55.716000,0 days 00:00:47.557000,11498,253,6,99,False,8,car,1323.7241666666673,0.3273536572481587,-677.3321170767806,6826.04106499394,2088.227389038073,car,0 days 00:16:55.716000
2024-07-20 14:02:16.795,0 days 00:16:56.076000,0 days 00:00:47.917000,11108,256,6,46,False,8,car,1349.3241666666672,0.33368447286411557,-518.5526788262025,7097.309150109471,2106.2572575891095,car,0 days 00:16:56.076000
2024-07-20 14:02:16.955,0 days 00:16:56.236000,0 days 00:00:48.077000,11329,254,6,0,False,8,car,1360.6130555555558,0.33647618669476315,-455.588370293817,7191.676092124888,2112.6239322723864,car,0 days 00:16:56.236000
2024-07-20 14:02:17.355,0 days 00:16:56.636000,0 days 00:00:48.477000,10605,241,6,0,True,8,car,1387.3908333333334,0.34309826379305136,-337.6975795879797,7354.012813800302,2124.0687011509663,car,0 days 00:16:56.636000
2024-07-20 14:02:17.795,0 days 00:16:57.076000,0 days 00:00:48.917000,10548,210,6,0,True,8,car,1413.0575000000003,0.3494455659080082,-140.44981247914373,7614.54929007941,2144.0384919824146,car,0 days 00:16:57.076000
2024-07-20 14:02:18.035,0 days 00:16:57.316000,0 days 00:00:49.157000,10291,201,5,0,True,8,car,1426.4575,0.35275935220698557,-84.55924124087481,7687.789296888791,2149.79523564784,car,0 days 00:16:57.316000
2024-07-20 14:02:18.195,0 days 00:16:57.476000,0 days 00:00:49.317000,10027,194,5,0,True,8,car,1435.0797222222225,0.35489160607763776,-46.63761802071348,7740.276642457458,2152.4470434980526,car,0 days 00:16:57.476000
2024-07-20 14:02:18.395,0 days 00:16:57.676000,0 days 00:00:49.517000,10448,188,5,0,True,8,car,1445.524166666667,0.35747449092095357,13.268978116605954,7828.69559404213,2156.5937890563873,car,0 days 00:16:57.676000
2024-07-20 14:02:18.595,0 days 00:16:57.876000,0 days 00:00:49.717000,10892,182,5,0,True,8,car,1455.635277777778,0.35997494326926976,62.78695998914556,7916.035304618571,2161.3719120261244,car,0 days 00:16:57.876000
2024-07-20 14:02:18.795,0 days 00:16:58.076000,0 days 00:00:49.917000,10557,177,4,0,True,8,car,1465.4686111111114,0.3624067018717533,105.22014009730896,8004.410322067688,2164.1362949061095,car,0 days 00:16:58.076000
2024-07-20 14:02:19.075,0 days 00:16:58.356000,0 days 00:00:50.197000,10111,173,4,5,False,8,car,1478.924166666667,0.36573422691989727,150.32260412948443,8131.868437457596,2167.3707615794438,car,0 days 00:16:58.356000
2024-07-20 14:02:19.355,0 days 00:16:58.636000,0 days 00:00:50.477000,10110,168,4,35,False,8,car,1491.9908333333333,0.3689655807238752,177.74723436506034,8257.43793056402,2170.316791495713,car,0 days 00:16:58.636000
2024-07-20 14:02:19.515,0 days 00:16:58.796000,0 days 00:00:50.637000,10095,166,4,37,False,8,car,1499.3686111111112,0.3707900866131962,185.01105987199526,8332.558095073739,2172.305048204982,car,0 days 00:16:58.796000
2024-07-20 14:02:19.875,0 days 00:16:59.156000,0 days 00:00:50.997000,9979,165,4,30,False,8,car,1515.8686111111112,0.3748704951156684,184.7586523257368,8494.150998531477,2173.965475150096,car,0 days 00:16:59.156000
2024-07-20 14:02:20.035,0 days 00:16:59.316000,0 days 00:00:51.157000,9574,163,4,0,False,8,car,1523.1130555555555,0.37666202800698945,174.02305174579283,8567.828580392254,2174.597641604075,car,0 days 00:16:59.316000
2024-07-20 14:02:20.275,0 days 00:16:59.556000,0 days 00:00:51.397000,9407,158,4,0,False,8,car,1533.646388888889,0.3792668948489718,151.79210706150647,8671.963796557959,2174.9758598644066,car,0 days 00:16:59.556000
2024-07-20 14:02:20.435,0 days 00:16:59.716000,0 days 00:00:51.557000,9360,155,4,0,False,8,car,1540.5352777777782,0.3809704997456269,133.0310573403757,8739.013831098724,2175.3144222651563,car,0 days 00:16:59.716000
2024-07-20 14:02:20.794,0 days 00:17:00.075000,0 days 00:00:51.916000,10627,146,4,0,True,8,car,1555.0947222222223,0.38457101373971064,85.18127668889804,8883.280602669358,2175.9981755788685,car,0 days 00:17:00.075000
2024-07-20 14:02:21.114,0 days 00:17:00.395000,0 days 00:00:52.236000,9832,139,3,0,True,8,car,1567.450277777778,0.3876265115543565,40.82479009145159,9001.115336489025,2175.9998848070645,car,0 days 00:17:00.395000
2024-07-20 14:02:21.315,0 days 00:17:00.596000,0 days 00:00:52.437000,9401,133,3,0,True,8,car,1574.8761111111114,0.38946290146170653,14.063300472080996,9072.239966586276,2176.0044370904866,car,0 days 00:17:00.596000
2024-07-20 14:02:21.515,0 days 00:17:00.796000,0 days 00:00:52.637000,8966,128,3,0,True,8,car,1581.9872222222227,0.39122146135502794,-5.993589837703596,9123.920875639516,2175.919009906749,car,0 days 00:17:00.796000
2024-07-20 14:02:21.875,0 days 00:17:01.156000,0 days 00:00:52.997000,8222,119,3,0,True,8,car,1593.8872222222228,0.39416430142650793,-60.88208085393515,9273.07883575911,2176.8273771985805,car,0 days 00:17:01.156000
2024-07-20 14:02:22.155,0 days 00:17:01.436000,0 days 00:00:53.277000,7824,113,3,0,True,8,car,1602.6761111111118,0.3963377715446598,-80.0944759134001,9324.417143798273,2177.0199969597543,car,0 days 00:17:01.436000
2024-07-20 14:02:22.555,0 days 00:17:01.836000,0 days 00:00:53.677000,7537,106,3,0,True,8,car,1614.4538888888897,0.39925038636797333,-114.65154675111742,9432.094125219328,2177.014459912929,car,0 days 00:17:01.836000
2024-07-20 14:02:22.875,0 days 00:17:02.156000,0 days 00:00:53.997000,7524,103,3,0,True,8,car,1623.6094444444452,0.4015145322306246,-140.95346662874343,9518.611192597851,2176.9084908628465,car,0 days 00:17:02.156000
2024-07-20 14:02:23.035,0 days 00:17:02.316000,0 days 00:00:54.157000,8002,96,3,0,True,8,car,1627.8761111111119,0.40256966816661743,-152.4719644290247,9560.509413308246,2177.427618511889,car,0 days 00:17:02.316000
2024-07-20 14:02:23.395,0 days 00:17:02.676000,0 days 00:00:54.517000,7846,88,2,0,True,8,car,1636.676111111112,0.40474588603460265,-173.36614304673918,9648.215869637042,2177.9957369923795,car,0 days 00:17:02.676000
2024-07-20 14:02:23.555,0 days 00:17:02.836000,0 days 00:00:54.677000,7307,86,2,0,True,8,car,1640.4983333333341,0.4056911119772628,-180.87380555533213,9685.108027072509,2177.9823991439875,car,0 days 00:17:02.836000
2024-07-20 14:02:23.795,0 days 00:17:03.076000,0 days 00:00:54.917000,6982,81,2,0,True,8,car,1645.8983333333342,0.40702651839625376,-189.04867713140598,9743.202818265963,2178.0724035745375,car,0 days 00:17:03.076000
2024-07-20 14:02:24.035,0 days 00:17:03.316000,0 days 00:00:55.157000,7000,78,2,21,False,8,car,1651.098333333334,0.408312465318245,-198.67171821787213,9823.164645824461,2179.0660851788853,car,0 days 00:17:03.316000
2024-07-20 14:02:24.395,0 days 00:17:03.676000,0 days 00:00:55.517000,7330,81,2,32,False,8,car,1659.1983333333342,0.4103155749467314,-200.00935471191602,9871.995231375746,2178.9821368716534,car,0 days 00:17:03.676000
2024-07-20 14:02:24.755,0 days 00:17:04.036000,0 days 00:00:55.877000,8100,89,2,35,False,8,car,1668.0983333333343,0.4125165225632164,-198.3473720299463,9957.569657872487,2180.320458920133,car,0 days 00:17:04.036000
2024-07-20 14:02:25.035,0 days 00:17:04.316000,0 days 00:00:56.157000,8165,94,2,25,False,8,car,1675.4094444444452,0.41432454195353735,-186.68291884889683,10043.484981131234,2181.7399162192705,car,0 days 00:17:04.316000
2024-07-20 14:02:25.235,0 days 00:17:04.516000,0 days 00:00:56.357000,6775,97,2,19,False,8,car,1680.798333333334,0.41565720062269496,-170.68469469684027,10118.453591861997,2183.0137757199213,car,0 days 00:17:04.516000
2024-07-20 14:02:25.515,0 days 00:17:04.796000,0 days 00:00:56.637000,6960,97,3,21,False,8,car,1688.3427777777786,0.41752292275951564,-159.43652540831064,10153.79452528194,2182.9183630536763,car,0 days 00:17:04.796000
2024-07-20 14:02:25.755,0 days 00:17:05.036000,0 days 00:00:56.877000,7249,99,3,28,False,8,car,1694.9427777777787,0.4191550861605045,-119.2345624663866,10241.52888288411,2185.967329288095,car,0 days 00:17:05.036000
2024-07-20 14:02:25.995,0 days 00:17:05.276000,0 days 00:00:57.117000,7401,102,3,28,False,8,car,1701.7427777777787,0.4208367090584931,-92.13785392446606,10294.019778329228,2187.5990898821638,car,0 days 00:17:05.276000
2024-07-20 14:02:26.195,0 days 00:17:05.476000,0 days 00:00:57.317000,7507,103,3,28,False,8,car,1707.465000000001,0.42225180022265013,-74.12409218089968,10318.10212215891,2188.3163044101057,car,0 days 00:17:05.476000
2024-07-20 14:02:26.675,0 days 00:17:05.956000,0 days 00:00:57.797000,7858,107,3,35,False,8,car,1721.7316666666677,0.4257799110086261,53.10683700042932,10450.286078417208,2194.8091529644926,car,0 days 00:17:05.956000
2024-07-20 14:02:26.875,0 days 00:17:06.156000,0 days 00:00:57.997000,8046,109,3,40,False,8,car,1727.7872222222234,0.4272774346677826,75.64018367562416,10465.621836333868,2195.3394566268903,car,0 days 00:17:06.156000
2024-07-20 14:02:27.035,0 days 00:17:06.316000,0 days 00:00:58.157000,8188,111,3,41,False,8,car,1732.7205555555565,0.4284974355937743,110.06629819512932,10484.144223417166,2196.7523792903835,car,0 days 00:17:06.316000
2024-07-20 14:02:27.274,0 days 00:17:06.555000,0 days 00:00:58.396000,8459,114,3,39,False,8,car,1740.28888888889,0.43036906539273656,177.97034571673612,10515.97994354111,2199.903679818288,car,0 days 00:17:06.555000
2024-07-20 14:02:27.634,0 days 00:17:06.915000,0 days 00:00:58.756000,8687,119,3,39,False,8,car,1752.18888888889,0.4333119054642165,325.87846936540075,10550.08298204837,2206.4337676165455,car,0 days 00:17:06.915000
2024-07-20 14:02:27.834,0 days 00:17:07.115000,0 days 00:00:58.956000,8850,121,3,42,False,8,car,1758.9111111111124,0.4349742941133719,402.74464044166075,10557.585930985744,2209.3723241636053,car,0 days 00:17:07.115000
2024-07-20 14:02:28.115,0 days 00:17:07.396000,0 days 00:00:59.237000,9080,124,3,47,False,8,car,1768.5900000000013,0.43736785899317226,493.2737063121917,10552.68951529777,2213.173210401444,car,0 days 00:17:07.396000
2024-07-20 14:02:28.515,0 days 00:17:07.796000,0 days 00:00:59.637000,9469,130,3,53,False,8,car,1783.0344444444456,0.4409399337764813,633.9786623021033,10521.264204875277,2220.42439355764,car,0 days 00:17:07.796000
2024-07-20 14:02:28.955,0 days 00:17:08.236000,0 days 00:01:00.077000,10222,139,3,60,False,8,car,1800.0233333333344,0.4451412432716193,843.3713382535489,10437.30089241971,2231.067776264147,car,0 days 00:17:08.236000
2024-07-20 14:02:29.275,0 days 00:17:08.556000,0 days 00:01:00.397000,10558,146,3,62,False,8,car,1813.0011111111123,0.4483506150769308,907.959656425181,10401.157745536033,2234.260785810446,car,0 days 00:17:08.556000
2024-07-20 14:02:29.515,0 days 00:17:08.796000,0 days 00:01:00.637000,11060,153,3,65,False,8,car,1823.2011111111124,0.45087304942391365,989.2442468879407,10349.38526585491,2237.409605183629,car,0 days 00:17:08.796000
2024-07-20 14:02:29.955,0 days 00:17:09.236000,0 days 00:01:01.077000,11497,160,3,74,False,8,car,1842.7566666666678,0.45570908913054736,1143.0327809702703,10232.559500393883,2246.9270412353903,car,0 days 00:17:09.236000
2024-07-20 14:02:30.195,0 days 00:17:09.476000,0 days 00:01:01.317000,10465,172,3,76,False,8,car,1854.2233333333345,0.458544766958528,1228.75733627016,10159.417914846008,2250.906514511997,car,0 days 00:17:09.476000
2024-07-20 14:02:30.595,0 days 00:17:09.876000,0 days 00:01:01.717000,11295,184,4,96,False,8,car,1874.6677777777788,0.46360062665182694,1372.8199780090179,10023.29567020283,2258.834096749023,car,0 days 00:17:09.876000
2024-07-20 14:02:30.955,0 days 00:17:10.236000,0 days 00:01:02.077000,10850,194,4,99,False,8,car,1894.0677777777787,0.46839819786079423,1505.7121650382385,9885.666910556018,2264.47078645465,car,0 days 00:17:10.236000
2024-07-20 14:02:31.395,0 days 00:17:10.676000,0 days 00:01:02.517000,10806,203,5,96,False,8,car,1918.87888888889,0.47453392323858584,1671.4090677982977,9705.795096228125,2270.91120297097,car,0 days 00:17:10.676000
2024-07-20 14:02:31.595,0 days 00:17:10.876000,0 days 00:01:02.717000,10528,207,5,2,False,8,car,1930.3788888888898,0.47737784431606645,1748.5470050336287,9620.009419623173,2273.798780224027,car,0 days 00:17:10.876000
2024-07-20 14:02:31.755,0 days 00:17:11.036000,0 days 00:01:02.877000,10424,205,5,0,True,8,car,1939.4900000000011,0.47963099917938445,1811.0044264481091,9551.5861034489,2276.0721650471355,car,0 days 00:17:11.036000
2024-07-20 14:02:32.035,0 days 00:17:11.316000,0 days 00:01:03.157000,9868,200,5,0,True,8,car,1955.0455555555563,0.48347784894602486,1915.0870839893391,9436.562764570634,2279.0582831355055,car,0 days 00:17:11.316000
2024-07-20 14:02:32.355,0 days 00:17:11.636000,0 days 00:01:03.477000,8893,180,5,0,True,8,car,1971.0455555555563,0.4874346087059979,2071.981813122085,9261.851864419432,2281.4889894657417,car,0 days 00:17:11.636000
2024-07-20 14:02:32.515,0 days 00:17:11.796000,0 days 00:01:03.637000,9593,161,5,0,True,8,car,1978.2011111111121,0.4892041595986526,2088.4845069774547,9243.786419606673,2281.942492663362,car,0 days 00:17:11.796000
2024-07-20 14:02:32.795,0 days 00:17:12.076000,0 days 00:01:03.917000,10315,146,4,0,True,8,car,1989.5566666666678,0.49201235992830017,2169.2589207764554,9152.872661645035,2283.355819103817,car,0 days 00:17:12.076000
2024-07-20 14:02:32.955,0 days 00:17:12.236000,0 days 00:01:04.077000,9668,141,3,0,True,8,car,1995.8233333333342,0.49356209083428954,2219.335341729041,9094.078375386585,2283.719708865862,car,0 days 00:17:12.236000
2024-07-20 14:02:33.115,0 days 00:17:12.396000,0 days 00:01:04.237000,9333,133,3,0,True,8,car,2001.7344444444452,0.4950238937456129,2264.7411643076543,9036.138730941499,2284.1397922318706,car,0 days 00:17:12.396000
2024-07-20 14:02:33.395,0 days 00:17:12.676000,0 days 00:01:04.517000,8813,122,3,0,True,8,car,2011.223333333334,0.4973704721032636,2327.1635598658236,8946.257201557406,2285.0139860437553,car,0 days 00:17:12.676000
2024-07-20 14:02:33.795,0 days 00:17:13.076000,0 days 00:01:04.917000,7748,111,3,0,True,8,car,2023.5566666666675,0.5004204744182429,2364.9253665473725,8877.104071405338,2285.0543818036667,car,0 days 00:17:13.076000
2024-07-20 14:02:34.114,0 days 00:17:13.395000,0 days 00:01:05.236000,7210,104,3,0,True,8,car,2032.7722222222233,0.5026994581299941,2397.7740879511543,8757.095207034383,2285.0453067000676,car,0 days 00:17:13.395000
2024-07-20 14:02:34.274,0 days 00:17:13.555000,0 days 00:01:05.396000,6901,102,3,0,True,8,car,2037.3055555555566,0.5038205400619864,2401.043538392077,8705.235211760846,2285.59682636343,car,0 days 00:17:13.555000
2024-07-20 14:02:34.434,0 days 00:17:13.715000,0 days 00:01:05.556000,6768,98,3,0,False,8,car,2041.661111111112,0.5048976579966457,2399.4462460181653,8666.175324143296,2286.1218074691546,car,0 days 00:17:13.715000
2024-07-20 14:02:34.755,0 days 00:17:14.036000,0 days 00:01:05.877000,6489,95,3,0,False,8,car,2050.1319444444453,0.5069924737758189,2391.02695770278,8616.151956940761,2286.5412729370883,car,0 days 00:17:14.036000
2024-07-20 14:02:34.995,0 days 00:17:14.276000,0 days 00:01:06.117000,6396,90,3,7,False,8,car,2056.1319444444453,0.5084762586858088,2363.3405105837164,8552.875752957967,2287.4052773887433,car,0 days 00:17:14.276000
2024-07-20 14:02:35.155,0 days 00:17:14.436000,0 days 00:01:06.277000,6495,90,3,24,False,8,car,2060.1319444444453,0.5094654486258021,2340.0266698216656,8504.920763755435,2288.061899166018,car,0 days 00:17:14.436000
2024-07-20 14:02:35.435,0 days 00:17:14.716000,0 days 00:01:06.557000,6748,91,3,35,False,8,car,2067.2097222222233,0.5112157652696235,2317.166087753848,8459.459000086556,2287.9832499578515,car,0 days 00:17:14.716000
2024-07-20 14:02:35.595,0 days 00:17:14.876000,0 days 00:01:06.717000,6883,94,3,35,False,8,car,2071.3875000000007,0.5122489192069498,2294.2562959854736,8414.7475092207,2287.918099838838,car,0 days 00:17:14.876000
2024-07-20 14:02:35.795,0 days 00:17:15.076000,0 days 00:01:06.917000,7018,98,3,31,False,8,car,2076.831944444445,0.5135953166252739,2268.115843833968,8348.667757252473,2288.063237061638,car,0 days 00:17:15.076000
2024-07-20 14:02:36.075,0 days 00:17:15.356000,0 days 00:01:07.197000,7360,100,3,27,False,8,car,2084.609722222223,0.5155187415085941,2251.3038479552292,8257.982076560273,2288.7746470565326,car,0 days 00:17:15.356000
2024-07-20 14:02:36.555,0 days 00:17:15.836000,0 days 00:01:07.677000,7704,105,3,35,False,8,car,2098.609722222223,0.5189809062985706,2246.030060717012,8161.476409007323,2290.001553376558,car,0 days 00:17:15.836000
2024-07-20 14:02:36.755,0 days 00:17:16.036000,0 days 00:01:07.877000,7834,107,3,41,False,8,car,2104.554166666667,0.5204509524593938,2248.1003047144563,8101.038427896347,2290.013128623657,car,0 days 00:17:16.036000
2024-07-20 14:02:36.915,0 days 00:17:16.196000,0 days 00:01:08.037000,8015,111,3,44,False,8,car,2109.4875000000006,0.5216709533853856,2251.7253607415696,8047.209254202583,2290.7338053288263,car,0 days 00:17:16.196000
2024-07-20 14:02:37.075,0 days 00:17:16.356000,0 days 00:01:08.197000,8258,112,3,48,False,8,car,2114.4652777777783,0.5229019453107105,2257.1083955980102,7999.656350432002,2291.107468941417,car,0 days 00:17:16.356000
2024-07-20 14:02:37.395,0 days 00:17:16.676000,0 days 00:01:08.517000,8580,120,3,50,False,8,car,2125.131944444445,0.5255397851506926,2280.160204575611,7897.993886413533,2291.105918188532,car,0 days 00:17:16.676000
2024-07-20 14:02:37.715,0 days 00:17:16.996000,0 days 00:01:08.837000,9142,122,3,56,False,8,car,2135.9763888888897,0.5282215889880078,2323.20400188166,7744.068321547809,2292.5710963688293,car,0 days 00:17:16.996000
2024-07-20 14:02:37.995,0 days 00:17:17.276000,0 days 00:01:09.117000,9704,134,3,61,False,8,car,2146.398611111112,0.5307989783316569,2348.685791710721,7660.634584179366,2293.0675731659003,car,0 days 00:17:17.276000
2024-07-20 14:02:38.395,0 days 00:17:17.676000,0 days 00:01:09.517000,10277,145,3,63,False,8,car,2162.509722222223,0.534783215589963,2379.622862873005,7555.268569702928,2294.0316667375887,car,0 days 00:17:17.676000
2024-07-20 14:02:38.715,0 days 00:17:17.996000,0 days 00:01:09.837000,11006,153,3,64,False,8,car,2176.1097222222234,0.5381464613859402,2420.2979277110585,7402.792781412658,2294.2215158942627,car,0 days 00:17:17.996000
2024-07-20 14:02:39.035,0 days 00:17:18.316000,0 days 00:01:10.157000,11297,159,3,24,False,8,car,2190.2430555555566,0.5416415991739164,2443.7325010925433,7304.670255659042,2295.26124637662,car,0 days 00:17:18.316000
2024-07-20 14:02:39.315,0 days 00:17:18.596000,0 days 00:01:10.437000,11432,159,3,0,False,8,car,2202.6097222222234,0.5446998447383956,2475.202275672267,7176.8877816065315,2296.45402261277,car,0 days 00:17:18.596000
2024-07-20 14:02:39.475,0 days 00:17:18.756000,0 days 00:01:10.597000,11131,157,3,0,True,8,car,2209.587500000001,0.5464254316337172,2493.398362466757,7118.728065393361,2297.106700757746,car,0 days 00:17:18.756000
2024-07-20 14:02:39.715,0 days 00:17:18.996000,0 days 00:01:10.837000,10521,151,3,0,True,8,car,2219.654166666668,0.5489148929827002,2547.6395252555867,6985.352407976478,2297.928525718986,car,0 days 00:17:18.996000
2024-07-20 14:02:39.995,0 days 00:17:19.276000,0 days 00:01:11.117000,10145,144,3,0,True,8,car,2230.854166666668,0.5516846248146814,2585.3654767031703,6912.762992103508,2298.144258814781,car,0 days 00:17:19.276000
2024-07-20 14:02:40.195,0 days 00:17:19.476000,0 days 00:01:11.317000,9886,141,3,0,False,8,car,2238.687500000001,0.5536217884471681,2621.488167672329,6864.821765484601,2297.804343403936,car,0 days 00:17:19.476000
2024-07-20 14:02:40.395,0 days 00:17:19.676000,0 days 00:01:11.517000,9664,137,3,0,False,8,car,2246.298611111112,0.5555039970829887,2674.7286049491095,6798.630248931653,2297.635772771264,car,0 days 00:17:19.676000
2024-07-20 14:02:40.635,0 days 00:17:19.916000,0 days 00:01:11.757000,9475,136,3,0,False,8,car,2255.3652777777793,0.5577461609469735,2735.179821330766,6738.137584648581,2299.1124668302355,car,0 days 00:17:19.916000
2024-07-20 14:02:41.075,0 days 00:17:20.356000,0 days 00:01:12.197000,9189,130,3,13,False,8,car,2271.254166666668,0.5616754432086134,2871.022267438409,6651.6112327359215,2300.3340532443754,car,0 days 00:17:20.356000
2024-07-20 14:02:41.315,0 days 00:17:20.596000,0 days 00:01:12.437000,9221,130,3,20,False,8,car,2279.9208333333345,0.5638186880785987,2963.5146211282818,6618.145203844507,2301.0730055091235,car,0 days 00:17:20.596000
2024-07-20 14:02:41.635,0 days 00:17:20.916000,0 days 00:01:12.757000,9549,132,3,47,False,8,car,2291.654166666668,0.566720311902579,3076.281909945099,6596.569713793006,2301.8723098159016,car,0 days 00:17:20.916000
2024-07-20 14:02:41.795,0 days 00:17:21.076000,0 days 00:01:12.917000,9549,133,3,47,False,8,car,2297.565277777779,0.5681821148139024,3148.4087139031185,6589.31798545548,2302.2487906758342,car,0 days 00:17:21.076000
2024-07-20 14:02:42.035,0 days 00:17:21.316000,0 days 00:01:13.157000,10024,137,3,55,False,8,car,2306.6986111111123,0.570440765176887,3267.4193621530594,6580.574079108661,2302.8424506735655,car,0 days 00:17:21.316000
2024-07-20 14:02:42.315,0 days 00:17:21.596000,0 days 00:01:13.437000,10281,143,3,56,False,8,car,2317.8208333333346,0.573191262760035,3344.6006909630623,6573.899821508428,2303.755400181037,car,0 days 00:17:21.596000
2024-07-20 14:02:42.635,0 days 00:17:21.916000,0 days 00:01:13.757000,10586,149,3,3,False,8,car,2331.065277777779,0.576466580561346,3462.885545462539,6557.284109297441,2304.2266594242574,car,0 days 00:17:21.916000
2024-07-20 14:02:42.875,0 days 00:17:22.156000,0 days 00:01:13.997000,10209,147,3,0,False,8,car,2340.865277777779,0.5788900959143294,3600.862575269933,6523.2173692974575,2305.8085414118063,car,0 days 00:17:22.156000
2024-07-20 14:02:43.115,0 days 00:17:22.396000,0 days 00:01:14.237000,10209,144,3,0,False,8,car,2350.4652777777787,0.5812641517703132,3663.990386724315,6498.951463319389,2306.810835099442,car,0 days 00:17:22.396000
2024-07-20 14:02:43.435,0 days 00:17:22.716000,0 days 00:01:14.557000,9784,140,3,0,False,8,car,2362.9097222222235,0.5843416315836257,3722.5699563636235,6462.732447030684,2306.8380949144193,car,0 days 00:17:22.716000
2024-07-20 14:02:43.635,0 days 00:17:22.916000,0 days 00:01:14.757000,9675,137,3,3,False,8,car,2370.520833333335,0.5862238402194463,3796.2466507419267,6406.234504265623,2307.4315908064427,car,0 days 00:17:22.916000
2024-07-20 14:02:43.795,0 days 00:17:23.076000,0 days 00:01:14.917000,9549,135,3,4,False,8,car,2376.520833333335,0.5877076251294362,3853.145576580489,6358.161624816532,2308.3185397295115,car,0 days 00:17:23.076000
2024-07-20 14:02:44.075,0 days 00:17:23.356000,0 days 00:01:15.197000,9424,132,3,9,False,8,car,2386.7875000000017,0.5902465459754189,3898.9709611070034,6306.149951907417,2309.2907254847873,car,0 days 00:17:23.356000
2024-07-20 14:02:44.355,0 days 00:17:23.636000,0 days 00:01:15.477000,9398,130,3,26,False,8,car,2396.898611111113,0.5927469983237353,3960.421505270249,6222.050798630842,2310.2044263837606,car,0 days 00:17:23.636000
2024-07-20 14:02:44.675,0 days 00:17:23.956000,0 days 00:01:15.797000,9476,130,3,38,False,8,car,2408.4541666666682,0.5956046581503824,4014.1709205389916,6094.963725963192,2312.01039501727,car,0 days 00:17:23.956000
2024-07-20 14:02:44.995,0 days 00:17:24.276000,0 days 00:01:16.117000,9696,134,3,48,False,8,car,2420.3652777777797,0.5985502459716958,4043.315604838396,5947.027212365189,2314.3454220206327,car,0 days 00:17:24.276000
2024-07-20 14:02:45.315,0 days 00:17:24.596000,0 days 00:01:16.437000,10036,139,3,55,False,8,car,2432.720833333335,0.6016057437863416,4045.435110416035,5857.815221336261,2315.3851082771343,car,0 days 00:17:24.596000
2024-07-20 14:02:45.475,0 days 00:17:24.756000,0 days 00:01:16.597000,10205,141,3,57,False,8,car,2438.9875000000015,0.603155474692331,4043.3357753460054,5815.390938405161,2315.9252857553793,car,0 days 00:17:24.756000
2024-07-20 14:02:45.715,0 days 00:17:24.996000,0 days 00:01:16.837000,10717,148,3,62,False,8,car,2448.854166666669,0.6055954765443146,4033.658907336447,5719.051140665355,2317.883174014918,car,0 days 00:17:24.996000
2024-07-20 14:02:45.875,0 days 00:17:25.156000,0 days 00:01:16.997000,11007,151,3,67,False,8,car,2455.5652777777796,0.6072551174436365,4024.638775585146,5661.488018286377,2319.2923407344138,car,0 days 00:17:25.156000
2024-07-20 14:02:46.115,0 days 00:17:25.396000,0 days 00:01:17.237000,11401,158,3,68,False,8,car,2466.098611111113,0.6098599842856187,3985.797339459333,5498.030125839518,2320.851603890192,car,0 days 00:17:25.396000
2024-07-20 14:02:46.435,0 days 00:17:25.716000,0 days 00:01:17.557000,10027,161,3,12,False,8,car,2480.4097222222244,0.6133990860709281,3956.660217152102,5388.502882877019,2321.6643174592773,car,0 days 00:17:25.716000
2024-07-20 14:02:46.675,0 days 00:17:25.956000,0 days 00:01:17.797000,9630,165,4,0,False,8,car,2491.409722222224,0.6161193584059095,3931.752726963133,5303.570077287691,2323.0700744936526,car,0 days 00:17:25.956000
2024-07-20 14:02:46.995,0 days 00:17:26.276000,0 days 00:01:18.117000,9235,158,4,0,True,8,car,2505.4541666666687,0.6195925141952192,3883.0383510516012,5129.678958461211,2325.663266347534,car,0 days 00:17:26.276000
2024-07-20 14:02:47.235,0 days 00:17:26.516000,0 days 00:01:18.357000,8856,150,4,0,True,8,car,2515.4541666666687,0.6220654890452023,3869.7604624175756,5072.228432992362,2326.4330649794297,car,0 days 00:17:26.516000
2024-07-20 14:02:47.474,0 days 00:17:26.755000,0 days 00:01:18.596000,8466,145,4,0,True,8,car,2525.0805555555576,0.6244460708070403,3850.377126498306,4972.513110737989,2328.192902879292,car,0 days 00:17:26.755000
2024-07-20 14:02:47.675,0 days 00:17:26.956000,0 days 00:01:18.797000,8205,139,4,0,True,8,car,2532.841388888891,0.6263653053718647,3839.5804552344507,4903.3890867867585,2329.31765783183,car,0 days 00:17:26.956000
2024-07-20 14:02:47.835,0 days 00:17:27.116000,0 days 00:01:18.957000,7914,137,4,0,True,8,car,2538.93027777778,0.6278710722805212,3832.113387579908,4846.666326568676,2329.6265467652247,car,0 days 00:17:27.116000
2024-07-20 14:02:47.995,0 days 00:17:27.276000,0 days 00:01:19.117000,7690,130,4,0,True,8,car,2544.708055555558,0.6292999021938449,3826.51251191929,4759.995428993561,2331.2091589463766,car,0 days 00:17:27.276000
2024-07-20 14:02:48.155,0 days 00:17:27.436000,0 days 00:01:19.277000,7448,128,4,0,True,8,car,2550.396944444447,0.630706750108502,3824.51019405695,4692.710232614159,2332.5297245664583,car,0 days 00:17:27.436000
2024-07-20 14:02:48.475,0 days 00:17:27.756000,0 days 00:01:19.597000,8469,121,4,0,True,8,car,2561.1525000000024,0.6333665719471505,3828.250811392371,4618.931075879303,2333.6353645984814,car,0 days 00:17:27.756000
2024-07-20 14:02:48.875,0 days 00:17:28.156000,0 days 00:01:19.997000,7852,114,3,0,True,8,car,2573.8191666666694,0.6364990067571292,3836.6408260834974,4462.534965607131,2335.954387709776,car,0 days 00:17:28.156000
2024-07-20 14:02:49.235,0 days 00:17:28.516000,0 days 00:01:20.357000,7665,109,3,0,False,8,car,2584.7191666666695,0.6391945493436109,3847.461355317012,4376.03429998607,2336.5635347108023,car,0 days 00:17:28.516000
2024-07-20 14:02:49.475,0 days 00:17:28.756000,0 days 00:01:20.597000,7444,107,3,0,False,8,car,2591.8525000000027,0.6409586047365988,3860.9720382975256,4308.261499073426,2338.29053063694,car,0 days 00:17:28.756000
2024-07-20 14:02:49.635,0 days 00:17:28.916000,0 days 00:01:20.757000,7600,105,3,13,False,8,car,2596.5191666666697,0.6421126596665911,3872.125256012593,4260.961130833763,2338.7830850268897,car,0 days 00:17:28.916000
2024-07-20 14:02:49.835,0 days 00:17:29.116000,0 days 00:01:20.957000,7573,105,3,27,False,8,car,2602.3525000000027,0.6435552283290812,3884.7413554973477,4210.020698503296,2339.5049225527455,car,0 days 00:17:29.116000
2024-07-20 14:02:50.035,0 days 00:17:29.316000,0 days 00:01:21.157000,7769,106,3,39,False,8,car,2608.241388888892,0.645011535740738,3912.108298452945,4121.970364802397,2341.2949854422386,car,0 days 00:17:29.316000
2024-07-20 14:02:50.355,0 days 00:17:29.636000,0 days 00:01:21.477000,8143,111,3,52,False,8,car,2618.1080555555586,0.6474515375927214,3937.994756704757,4048.406839218349,2342.9615250101997,car,0 days 00:17:29.636000
2024-07-20 14:02:50.635,0 days 00:17:29.916000,0 days 00:01:21.757000,8656,118,3,60,False,8,car,2627.2858333333365,0.6497211789550393,3969.1095863303667,3973.683729897763,2343.0163062362985,car,0 days 00:17:29.916000
2024-07-20 14:02:50.875,0 days 00:17:30.156000,0 days 00:01:21.997000,9172,121,3,64,False,8,car,2635.352500000003,0.6517160453340257,4026.8950323440286,3867.104669699021,2344.6020832125396,car,0 days 00:17:30.156000
2024-07-20 14:02:51.155,0 days 00:17:30.436000,0 days 00:01:22.277000,9829,133,3,73,False,8,car,2645.6969444444476,0.6542742004288417,4067.0335950508224,3802.6124719968975,2346.3924104255525,car,0 days 00:17:30.436000
2024-07-20 14:02:51.595,0 days 00:17:30.876000,0 days 00:01:22.717000,10900,150,3,83,False,8,car,2664.0302777777806,0.6588079876538107,4160.810791294407,3672.3854814753363,2348.6188149791014,car,0 days 00:17:30.876000
2024-07-20 14:02:51.755,0 days 00:17:31.036000,0 days 00:01:22.877000,11485,154,3,91,False,8,car,2670.874722222225,0.6605006015511325,4206.3593153950915,3614.2835742963202,2349.4716676648636,car,0 days 00:17:31.036000
2024-07-20 14:02:52.155,0 days 00:17:31.436000,0 days 00:01:23.277000,12052,171,3,99,False,8,car,2689.8747222222255,0.6651992537661007,4319.221133656311,3459.1598241801803,2352.4397718076175,car,0 days 00:17:31.436000
2024-07-20 14:02:52.355,0 days 00:17:31.636000,0 days 00:01:23.477000,10867,177,4,99,False,8,car,2699.708055555559,0.6676310123685841,4365.521788740707,3386.2089939649345,2354.2234975737556,car,0 days 00:17:31.636000
2024-07-20 14:02:52.515,0 days 00:17:31.796000,0 days 00:01:23.637000,11283,183,4,99,False,8,car,2707.841388888892,0.6696423652465704,4405.598632067973,3316.582553739987,2355.43076858046,car,0 days 00:17:31.796000
2024-07-20 14:02:52.675,0 days 00:17:31.956000,0 days 00:01:23.797000,11533,186,4,76,False,8,car,2716.1080555555586,0.6716866911225564,4443.256954421044,3242.9138970364384,2356.340228203032,car,0 days 00:17:31.956000
2024-07-20 14:02:52.955,0 days 00:17:32.236000,0 days 00:01:24.077000,11194,190,4,8,False,8,car,2730.8858333333364,0.6753411984008648,4497.511158056706,3106.42943921474,2357.604880971977,car,0 days 00:17:32.236000
2024-07-20 14:02:53.195,0 days 00:17:32.476000,0 days 00:01:24.317000,10935,187,4,0,False,8,car,2743.3525000000027,0.6784241737138438,4530.71011515226,2988.555706442712,2359.045900627136,car,0 days 00:17:32.476000
2024-07-20 14:02:53.595,0 days 00:17:32.876000,0 days 00:01:24.717000,10650,181,4,27,False,8,car,2763.463611111114,0.6833976009121433,4548.877700071269,2785.3067541904184,2361.0492452166473,car,0 days 00:17:32.876000
2024-07-20 14:02:53.995,0 days 00:17:33.276000,0 days 00:01:25.117000,10850,179,4,58,False,8,car,2783.352500000003,0.6883160731137765,4516.071761146051,2525.95637403882,2365.6682554939034,car,0 days 00:17:33.276000
2024-07-20 14:02:54.195,0 days 00:17:33.476000,0 days 00:01:25.317000,11017,180,4,62,False,8,car,2793.3525000000027,0.6907890479637596,4482.788919220499,2440.2633287477556,2368.0609021582527,car,0 days 00:17:33.476000
2024-07-20 14:02:54.515,0 days 00:17:33.796000,0 days 00:01:25.637000,11286,184,4,70,False,8,car,2809.7080555555585,0.6948337357183988,4401.735350427798,2284.9632375136307,2370.497849072341,car,0 days 00:17:33.796000
2024-07-20 14:02:54.875,0 days 00:17:34.156000,0 days 00:01:25.997000,11845,191,4,85,False,8,car,2828.8080555555584,0.6995571176818666,4299.056050460395,2145.3124086334537,2373.0197625457185,car,0 days 00:17:34.156000
2024-07-20 14:02:55.035,0 days 00:17:34.316000,0 days 00:01:26.157000,12005,196,4,91,False,8,car,2837.519166666669,0.7017113535511852,4254.752758225145,2095.18258299182,2373.9342347902398,car,0 days 00:17:34.316000
2024-07-20 14:02:55.315,0 days 00:17:34.596000,0 days 00:01:26.437000,10676,201,4,96,False,8,car,2853.1525000000024,0.7055774375666588,4180.801206479251,2015.0737639800252,2374.820484025289,car,0 days 00:17:34.596000
2024-07-20 14:02:55.595,0 days 00:17:34.876000,0 days 00:01:26.717000,10891,209,5,99,False,8,car,2869.408055555558,0.7095973955727981,4026.133219618243,1859.119818308557,2375.0175126709205,car,0 days 00:17:34.876000
2024-07-20 14:02:56.035,0 days 00:17:35.316000,0 days 00:01:27.157000,11509,217,5,99,False,8,car,2895.93027777778,0.71615627442492,3878.123442984244,1708.617676199429,2374.2101784947936,car,0 days 00:17:35.316000
2024-07-20 14:02:56.395,0 days 00:17:35.676000,0 days 00:01:27.517000,11739,224,5,99,False,8,car,2918.33027777778,0.7216957380888823,3668.416181969812,1493.7807741313295,2371.441686699486,car,0 days 00:17:35.676000
2024-07-20 14:02:56.675,0 days 00:17:35.956000,0 days 00:01:27.797000,10349,228,5,99,False,8,car,2936.0636111111135,0.7260811468228525,3606.5878463960585,1431.1741338218355,2369.5026807197014,car,0 days 00:17:35.956000
2024-07-20 14:02:56.875,0 days 00:17:36.156000,0 days 00:01:27.997000,10581,228,6,99,False,8,car,2948.7302777777804,0.7292135816328312,3468.0894978246424,1287.955619194356,2365.8955428633217,car,0 days 00:17:36.156000
2024-07-20 14:02:57.155,0 days 00:17:36.436000,0 days 00:01:28.277000,10739,235,6,99,False,8,car,2967.0080555555583,0.7337336301086338,3363.674463505117,1180.3584907546683,2362.587599902179,car,0 days 00:17:36.436000
2024-07-20 14:02:57.555,0 days 00:17:36.836000,0 days 00:01:28.677000,10878,239,6,99,False,8,car,2993.5636111111144,0.7403007522102559,3204.2228558646652,1015.2864553019531,2358.3187287718265,car,0 days 00:17:36.836000
2024-07-20 14:02:57.875,0 days 00:17:37.156000,0 days 00:01:28.997000,11006,241,6,0,False,8,car,3014.9858333333364,0.7455984138888865,3030.6853981301447,833.9095344997298,2352.715894395603,car,0 days 00:17:37.156000
2024-07-20 14:02:58.035,0 days 00:17:37.316000,0 days 00:01:29.157000,10521,237,6,0,True,8,car,3025.5191666666697,0.7482032807308687,2962.041221547516,762.0421874072374,2351.0746034365475,car,0 days 00:17:37.316000
2024-07-20 14:02:58.195,0 days 00:17:37.476000,0 days 00:01:29.317000,10517,232,6,0,True,8,car,3035.8302777777803,0.7507531925761846,2911.7686901429074,708.6163626402,2349.937412655756,car,0 days 00:17:37.476000
2024-07-20 14:02:58.435,0 days 00:17:37.716000,0 days 00:01:29.557000,10022,226,6,0,True,8,car,3050.8969444444474,0.7544791413501593,2807.561554341534,596.6491131772191,2346.6504378709387,car,0 days 00:17:37.716000
2024-07-20 14:02:58.635,0 days 00:17:37.916000,0 days 00:01:29.757000,9676,218,6,0,True,8,car,3063.0080555555587,0.7574741886684723,2723.040060811325,504.8932151025731,2344.27613658157,car,0 days 00:17:37.916000
2024-07-20 14:02:58.915,0 days 00:17:38.196000,0 days 00:01:30.037000,9273,206,6,0,True,8,car,3079.030277777781,0.761436443928112,2613.7466493753695,385.3455247325258,2340.8903515629754,car,0 days 00:17:38.196000
2024-07-20 14:02:59.075,0 days 00:17:38.356000,0 days 00:01:30.197000,8866,202,6,0,True,8,car,3088.0080555555587,0.7636566257934302,2523.325667510017,281.7147025461581,2337.773618211899,car,0 days 00:17:38.356000
2024-07-20 14:02:59.355,0 days 00:17:38.636000,0 days 00:01:30.477000,9733,190,6,0,True,8,car,3102.7858333333365,0.7673111330717387,2438.1182437293855,183.12276698656987,2335.2351711181896,car,0 days 00:17:38.636000
2024-07-20 14:02:59.595,0 days 00:17:38.876000,0 days 00:01:30.717000,10620,176,6,0,True,8,car,3114.5191666666697,0.7702127568957189,2384.3528752881816,118.86182228718904,2334.411162768954,car,0 days 00:17:38.876000
2024-07-20 14:02:59.835,0 days 00:17:39.116000,0 days 00:01:30.957000,10526,164,4,0,True,8,car,3125.4525000000026,0.7729165427317003,2311.6988366141186,31.411162686282605,2332.123184730803,car,0 days 00:17:39.116000
2024-07-20 14:03:00.115,0 days 00:17:39.396000,0 days 00:01:31.237000,10332,147,3,0,True,8,car,3136.885833333336,0.7757439773101811,2233.5482207440245,-59.11763165208271,2330.0700858001965,car,0 days 00:17:39.396000
2024-07-20 14:03:00.315,0 days 00:17:39.596000,0 days 00:01:31.437000,9643,137,3,0,True,8,car,3144.4969444444473,0.7776261859460016,2179.8992917026912,-115.05615647797745,2328.6754737257515,car,0 days 00:17:39.596000
2024-07-20 14:03:00.515,0 days 00:17:39.796000,0 days 00:01:31.637000,9076,129,3,0,True,8,car,3151.6636111111143,0.7793984845884897,2128.331369752623,-162.8214815978009,2325.754951963848,car,0 days 00:17:39.796000
2024-07-20 14:03:00.836,0 days 00:17:40.117000,0 days 00:01:31.958000,8198,120,3,0,True,8,car,3162.363611111114,0.7820445676779716,2047.499272042059,-225.96127832913783,2323.8163303784795,car,0 days 00:17:40.117000
2024-07-20 14:03:01.155,0 days 00:17:40.436000,0 days 00:01:32.277000,7619,112,3,0,True,8,car,3172.2880555555585,0.7844988578290882,1943.6651636645609,-278.53789487282364,2320.6469381348215,car,0 days 00:17:40.436000
2024-07-20 14:03:01.395,0 days 00:17:40.676000,0 days 00:01:32.517000,7336,105,3,0,True,8,car,3179.2880555555585,0.7862299402240764,1878.4391458115554,-298.48247888056574,2319.494126814887,car,0 days 00:17:40.676000
2024-07-20 14:03:01.875,0 days 00:17:41.156000,0 days 00:01:32.997000,6841,98,3,0,False,8,car,3192.354722222225,0.7894612940280544,1765.558796449429,-296.51130799264564,2316.1472531212594,car,0 days 00:17:41.156000
2024-07-20 14:03:02.075,0 days 00:17:41.356000,0 days 00:01:33.197000,6806,97,3,0,False,8,car,3197.743611111114,0.7907939526972121,1679.262697530254,-266.634319174937,2314.107178673928,car,0 days 00:17:41.356000
2024-07-20 14:03:02.235,0 days 00:17:41.516000,0 days 00:01:33.357000,6939,94,3,18,False,8,car,3201.9213888888917,0.7918271066345383,1655.129516905585,-256.7064649774542,2313.3006743998603,car,0 days 00:17:41.516000
2024-07-20 14:03:02.435,0 days 00:17:41.716000,0 days 00:01:33.557000,6844,94,3,23,False,8,car,3207.143611111114,0.7931185490561962,1633.8435496219593,-242.2326604783044,2312.779930147536,car,0 days 00:17:41.716000
2024-07-20 14:03:02.835,0 days 00:17:42.116000,0 days 00:01:33.957000,7266,97,3,38,False,8,car,3217.921388888891,0.7957838663945113,1535.600004115124,-168.45304857390198,2311.2795568681354,car,0 days 00:17:42.116000
2024-07-20 14:03:03.075,0 days 00:17:42.356000,0 days 00:01:34.197000,7540,101,3,42,False,8,car,3224.654722222225,0.7974490027935,1473.9097280328383,-107.8017753394751,2310.0774842757382,car,0 days 00:17:42.356000
2024-07-20 14:03:03.235,0 days 00:17:42.516000,0 days 00:01:34.357000,7690,104,3,46,False,8,car,3229.276944444447,0.7985920667241588,1435.3308940324293,-65.8496504795026,2309.3315742969844,car,0 days 00:17:42.516000
2024-07-20 14:03:03.435,0 days 00:17:42.716000,0 days 00:01:34.557000,7830,109,3,48,False,8,car,3235.3325000000027,0.8000895903833154,1401.8002455181554,-28.311219158060076,2308.4548879311637,car,0 days 00:17:42.716000
2024-07-20 14:03:03.635,0 days 00:17:42.916000,0 days 00:01:34.757000,8399,114,3,53,False,8,car,3241.665833333336,0.8016558077883047,1377.3719071172227,0.8172803669857815,2307.4994305011874,car,0 days 00:17:42.916000
2024-07-20 14:03:03.875,0 days 00:17:43.156000,0 days 00:01:34.997000,8778,119,3,57,False,8,car,3249.599166666669,0.8036177011692913,1324.0438295993656,65.57090509557746,2305.559643578988,car,0 days 00:17:43.156000
2024-07-20 14:03:04.355,0 days 00:17:43.636000,0 days 00:01:35.477000,9883,133,3,69,False,8,car,3267.3325000000027,0.8080031099032615,1191.0275208160344,229.96386511547541,2300.634020130101,car,0 days 00:17:43.636000
2024-07-20 14:03:04.555,0 days 00:17:43.836000,0 days 00:01:35.677000,10340,140,3,72,False,8,car,3275.1102777777805,0.8099265347865817,1167.9427326448438,257.80556254943264,2300.477092955371,car,0 days 00:17:43.836000
2024-07-20 14:03:04.755,0 days 00:17:44.036000,0 days 00:01:35.877000,10760,143,3,72,False,8,car,3283.0547222222244,0.8118911759174016,1121.2677744163361,312.78472101226316,2299.191818588555,car,0 days 00:17:44.036000
2024-07-20 14:03:04.995,0 days 00:17:44.276000,0 days 00:01:36.117000,11314,157,3,74,False,8,car,3293.5213888888916,0.814479556260384,1024.535645926559,426.79373344795255,2295.5515333213875,car,0 days 00:17:44.276000
2024-07-20 14:03:05.195,0 days 00:17:44.476000,0 days 00:01:36.317000,11815,163,3,76,False,8,car,3302.576944444447,0.8167189723745354,993.7864456012068,461.87778685689545,2295.0523368507424,car,0 days 00:17:44.476000
2024-07-20 14:03:05.515,0 days 00:17:44.796000,0 days 00:01:36.637000,10579,163,3,78,False,8,car,3317.065833333336,0.8203020381571777,891.9871275419348,575.1658835787078,2292.7923455376313,car,0 days 00:17:44.796000
2024-07-20 14:03:05.675,0 days 00:17:44.956000,0 days 00:01:36.797000,10948,176,4,95,False,8,car,3324.888055555558,0.8222364540398311,819.4325510984313,654.8708039292527,2291.644362396023,car,0 days 00:17:44.956000
2024-07-20 14:03:05.835,0 days 00:17:45.116000,0 days 00:01:36.957000,11147,183,4,99,False,8,car,3333.021388888891,0.8242478069178174,747.5790497841592,731.3951476145218,2290.783842554408,car,0 days 00:17:45.116000
2024-07-20 14:03:06.155,0 days 00:17:45.436000,0 days 00:01:37.277000,10838,186,4,0,True,8,car,3349.554722222225,0.8283364586697897,626.9759602186091,851.2244321379254,2290.0135442167957,car,0 days 00:17:45.436000
2024-07-20 14:03:06.355,0 days 00:17:45.636000,0 days 00:01:37.477000,10350,178,4,0,True,8,car,3359.443611111114,0.8307819560214398,574.5331747405739,899.4432511358525,2289.933687002602,car,0 days 00:17:45.636000
2024-07-20 14:03:06.515,0 days 00:17:45.796000,0 days 00:01:37.637000,10752,166,4,0,True,8,car,3366.8213888888918,0.8326064619107607,537.0904226579145,930.4823069258218,2289.9880002163623,car,0 days 00:17:45.796000
2024-07-20 14:03:06.795,0 days 00:17:46.076000,0 days 00:01:37.917000,11108,151,3,0,True,8,car,3378.5658333333363,0.8355108334845742,443.90716298860036,998.3142221654281,2289.9994462235627,car,0 days 00:17:46.076000
2024-07-20 14:03:06.955,0 days 00:17:46.236000,0 days 00:01:38.077000,10968,151,3,0,True,8,car,3385.276944444447,0.8371704743838961,386.4739621798405,1030.7565397930293,2290.0012296137493,car,0 days 00:17:46.236000
2024-07-20 14:03:07.235,0 days 00:17:46.516000,0 days 00:01:38.357000,9555,136,3,0,True,8,car,3395.854722222225,0.8397863322252117,268.4767828533953,1074.8611838763331,2289.9681165401303,car,0 days 00:17:46.516000
2024-07-20 14:03:07.516,0 days 00:17:46.797000,0 days 00:01:38.638000,8788,127,3,0,True,8,car,3405.767777777781,0.8422378059327493,164.4693966473511,1096.670872409589,2290.5780233646515,car,0 days 00:17:46.797000
2024-07-20 14:03:07.675,0 days 00:17:46.956000,0 days 00:01:38.797000,8409,124,3,0,True,8,car,3411.2444444444473,0.84359217182559,140.53479531175518,1093.9059431562432,2291.0069569407688,car,0 days 00:17:46.956000
2024-07-20 14:03:07.915,0 days 00:17:47.196000,0 days 00:01:39.037000,8065,116,3,0,True,8,car,3418.977777777781,0.8455046057095771,61.967198667983425,1088.0351830486156,2291.0288588410735,car,0 days 00:17:47.196000
2024-07-20 14:03:08.235,0 days 00:17:47.516000,0 days 00:01:39.357000,7506,109,3,0,False,8,car,3428.6666666666697,0.8479006435642273,-30.941058876187675,1062.3816860391642,2293.066791306258,car,0 days 00:17:47.516000
2024-07-20 14:03:08.475,0 days 00:17:47.756000,0 days 00:01:39.597000,7334,105,3,0,False,8,car,3435.6666666666697,0.8496317259592157,-103.45792202288757,1022.3933109088459,2295.2004371382664,car,0 days 00:17:47.756000
2024-07-20 14:03:08.715,0 days 00:17:47.996000,0 days 00:01:39.837000,7163,101,3,0,False,8,car,3442.4000000000033,0.8512968623582043,-169.55631177971884,966.1018741394565,2296.423424582501,car,0 days 00:17:47.996000
2024-07-20 14:03:08.915,0 days 00:17:48.196000,0 days 00:01:40.037000,6996,99,3,0,False,8,car,3447.9000000000033,0.8526569985256951,-204.8301479950655,916.6742910930382,2298.052053152474,car,0 days 00:17:48.196000
2024-07-20 14:03:09.235,0 days 00:17:48.516000,0 days 00:01:40.357000,6899,95,3,14,False,8,car,3456.3444444444476,0.8547452883990142,-235.22019789259258,860.4548126495331,2299.4328926351795,car,0 days 00:17:48.516000
2024-07-20 14:03:09.435,0 days 00:17:48.716000,0 days 00:01:40.557000,7197,94,3,22,False,8,car,3461.56666666667,0.856036730820672,-246.67081866391965,824.9455996852166,2300.165436657716,car,0 days 00:17:48.716000
2024-07-20 14:03:09.795,0 days 00:17:49.076000,0 days 00:01:40.917000,6995,97,3,25,False,8,car,3471.2666666666696,0.8584355164251556,-262.3719385432778,730.0073585004213,2302.1276536174996,car,0 days 00:17:49.076000
2024-07-20 14:03:10.035,0 days 00:17:49.316000,0 days 00:01:41.157000,7113,97,3,27,False,8,car,3477.7333333333363,0.8600347068281448,-259.7298976947849,664.6723588565995,2303.515059723722,car,0 days 00:17:49.316000
2024-07-20 14:03:10.315,0 days 00:17:49.596000,0 days 00:01:41.437000,7395,101,3,37,False,8,car,3485.5888888888917,0.8619773659602982,-242.25665170977106,589.7207860360645,2305.818823970996,car,0 days 00:17:49.596000
2024-07-20 14:03:10.715,0 days 00:17:49.996000,0 days 00:01:41.837000,8015,109,3,51,False,8,car,3497.700000000003,0.8649724132786112,-191.33721100934142,483.6844790981823,2310.8820121632266,car,0 days 00:17:49.996000
2024-07-20 14:03:10.915,0 days 00:17:50.196000,0 days 00:01:42.037000,8321,110,3,55,False,8,car,3503.8111111111143,0.8664836756869342,-155.29406668067747,432.140093367895,2312.579244692757,car,0 days 00:17:50.196000
2024-07-20 14:03:11.155,0 days 00:17:50.436000,0 days 00:01:42.277000,8820,118,3,59,False,8,car,3511.6777777777806,0.8684290825689209,-105.40170151142264,374.4206583595955,2316.7079897461067,car,0 days 00:17:50.436000
2024-07-20 14:03:11.395,0 days 00:17:50.676000,0 days 00:01:42.517000,9147,126,3,67,False,8,car,3520.0777777777803,0.8705063814429067,-17.909205250115214,291.5209431496455,2321.33331021455,car,0 days 00:17:50.676000
2024-07-20 14:03:11.555,0 days 00:17:50.836000,0 days 00:01:42.677000,9690,129,3,73,False,8,car,3525.811111111114,0.8719242203568971,6.109659936662586,271.08775168826526,2322.342117275106,car,0 days 00:17:50.836000
2024-07-20 14:03:11.715,0 days 00:17:50.996000,0 days 00:01:42.837000,9949,135,3,74,False,8,car,3531.811111111114,0.873408005266887,40.397374814789835,244.24201891495835,2324.2189400833877,car,0 days 00:17:50.996000
2024-07-20 14:03:12.075,0 days 00:17:51.356000,0 days 00:01:43.197000,10992,146,3,82,False,8,car,3546.4111111111138,0.8770185485478623,159.1216832489506,154.0385012220652,2331.083581251451,car,0 days 00:17:51.356000
2024-07-20 14:03:12.435,0 days 00:17:51.716000,0 days 00:01:43.557000,11772,162,3,95,False,8,car,3562.6111111111136,0.8810247678048351,286.7227311729045,62.45921244884935,2337.2869388038616,car,0 days 00:17:51.716000
2024-07-20 14:03:12.635,0 days 00:17:51.916000,0 days 00:01:43.757000,10590,169,3,99,False,8,car,3572.0000000000027,0.8833466164139859,362.92911932814764,8.812104551975809,2341.327740544861,car,0 days 00:17:51.916000
2024-07-20 14:03:12.995,0 days 00:17:52.276000,0 days 00:01:44.117000,11078,182,4,99,False,8,car,3590.2000000000025,0.8878474306409553,508.0295706196938,-96.71649311822365,2349.004650141437,car,0 days 00:17:52.276000
2024-07-20 14:03:13.235,0 days 00:17:52.516000,0 days 00:01:44.357000,11626,188,4,99,False,8,car,3602.7333333333354,0.890946892452934,621.6974074520131,-182.8904171038017,2353.7515465368874,car,0 days 00:17:52.516000
2024-07-20 14:03:13.595,0 days 00:17:52.876000,0 days 00:01:44.717000,11406,191,4,0,True,8,car,3621.8333333333353,0.8956702744164019,753.6056756976819,-294.90540710519326,2360.842546078813,car,0 days 00:17:52.876000
2024-07-20 14:03:13.755,0 days 00:17:53.036000,0 days 00:01:44.877000,11233,187,4,0,True,8,car,3630.1444444444464,0.8977255912917212,826.7105342219493,-366.54896549552353,2364.34770217257,car,0 days 00:17:53.036000
2024-07-20 14:03:13.916,0 days 00:17:53.197000,0 days 00:01:45.038000,11233,177,4,0,True,8,car,3638.06027777778,0.8996831569667204,884.5738127947018,-429.58180534593623,2366.9394455844094,car,0 days 00:17:53.197000
2024-07-20 14:03:14.156,0 days 00:17:53.437000,0 days 00:01:45.278000,10986,169,4,0,True,8,car,3649.326944444447,0.9024693752977014,936.537094582561,-502.76405669418216,2368.9728447145144,car,0 days 00:17:53.437000
2024-07-20 14:03:14.475,0 days 00:17:53.756000,0 days 00:01:45.597000,10757,157,3,0,True,8,car,3663.238888888891,0.9059097641702488,996.2144849482415,-619.5894518027098,2372.2725229568778,car,0 days 00:17:53.756000
2024-07-20 14:03:14.875,0 days 00:17:54.156000,0 days 00:01:45.997000,10050,145,3,0,False,8,car,3679.350000000002,0.909894001428555,1044.1767472768618,-825.5941832984571,2376.445971001675,car,0 days 00:17:54.156000
2024-07-20 14:03:15.115,0 days 00:17:54.396000,0 days 00:01:46.237000,9848,141,3,0,False,8,car,3688.750000000002,0.9122185977875391,1043.9307339343127,-922.9803266187565,2378.157731081685,car,0 days 00:17:54.396000
2024-07-20 14:03:15.315,0 days 00:17:54.596000,0 days 00:01:46.437000,9632,138,3,0,False,8,car,3696.416666666669,0.9141145451725263,1036.0695830467735,-982.9976648778023,2379.2354049770393,car,0 days 00:17:54.596000
2024-07-20 14:03:15.715,0 days 00:17:54.996000,0 days 00:01:46.837000,8989,132,3,1,False,8,car,3711.0833333333358,0.9177415749525016,1008.9883669020992,-1094.0124311677441,2381.274320489835,car,0 days 00:17:54.996000
2024-07-20 14:03:16.035,0 days 00:17:55.316000,0 days 00:01:47.157000,9037,130,3,2,False,8,car,3722.638888888891,0.9205992347791488,958.4718724616616,-1199.2123697111529,2383.2152486680716,car,0 days 00:17:55.316000
2024-07-20 14:03:16.355,0 days 00:17:55.636000,0 days 00:01:47.477000,9067,125,3,30,False,8,car,3733.7500000000023,0.9233469846124635,890.619330179122,-1289.5418549112014,2384.2727627764843,car,0 days 00:17:55.636000
2024-07-20 14:03:16.675,0 days 00:17:55.956000,0 days 00:01:47.797000,9430,127,3,39,False,8,car,3745.038888888891,0.9261386984431111,808.8870177922443,-1363.25280763806,2384.9368495150447,car,0 days 00:17:55.956000
2024-07-20 14:03:16.875,0 days 00:17:56.156000,0 days 00:01:47.997000,9437,129,3,47,False,8,car,3752.205555555558,0.9279109970855991,736.4130113570781,-1407.496347060679,2385.514088641951,car,0 days 00:17:56.156000
2024-07-20 14:03:17.035,0 days 00:17:56.316000,0 days 00:01:48.157000,9787,131,3,53,False,8,car,3758.02777777778,0.9293508179982559,668.7699432821148,-1440.1035269641686,2386.175540868805,car,0 days 00:17:56.316000
2024-07-20 14:03:17.275,0 days 00:17:56.556000,0 days 00:01:48.397000,9823,133,3,56,False,8,car,3766.894444444447,0.9315435223652411,577.5871466597758,-1469.478204670933,2385.9517559713117,car,0 days 00:17:56.556000
2024-07-20 14:03:17.515,0 days 00:17:56.796000,0 days 00:01:48.637000,10213,141,3,61,False,8,car,3776.2944444444465,0.9338681187242251,497.7849849590051,-1485.1499590073645,2386.4290265463037,car,0 days 00:17:56.796000
2024-07-20 14:03:17.755,0 days 00:17:57.036000,0 days 00:01:48.877000,10809,143,3,64,False,8,car,3785.82777777778,0.9362256880812091,437.30532094839117,-1492.7002496433938,2387.066875363604,car,0 days 00:17:57.036000
2024-07-20 14:03:17.955,0 days 00:17:57.236000,0 days 00:01:49.077000,10953,150,3,70,False,8,car,3794.1611111111133,0.9382865004561951,377.0150904858296,-1491.9403313768746,2386.9917760864487,car,0 days 00:17:57.236000
2024-07-20 14:03:18.275,0 days 00:17:57.556000,0 days 00:01:49.397000,11345,159,3,80,False,8,car,3808.294444444447,0.9417816382441714,200.70047966073656,-1473.1935314305565,2387.070926922402,car,0 days 00:17:57.556000
2024-07-20 14:03:18.515,0 days 00:17:57.796000,0 days 00:01:49.637000,10466,169,3,88,False,8,car,3819.5611111111134,0.9445678565751523,153.22207871894278,-1456.9650127356128,2387.5938981212325,car,0 days 00:17:57.796000
2024-07-20 14:03:18.675,0 days 00:17:57.956000,0 days 00:01:49.797000,10961,169,4,94,False,8,car,3827.0722222222244,0.946425335462473,30.52311400977816,-1393.9472821819093,2388.646174603785,car,0 days 00:17:57.956000
2024-07-20 14:03:18.915,0 days 00:17:58.196000,0 days 00:01:50.037000,11385,184,4,99,False,8,car,3839.3388888888917,0.9494588512784525,-105.40381024642178,-1318.6675489931363,2389.4749740391344,car,0 days 00:17:58.196000
2024-07-20 14:03:19.155,0 days 00:17:58.436000,0 days 00:01:50.277000,11196,190,4,99,False,8,car,3852.005555555558,0.9525912860884311,-144.79691503253582,-1283.376635851488,2389.049025659068,car,0 days 00:17:58.436000
2024-07-20 14:03:19.395,0 days 00:17:58.676000,0 days 00:01:50.517000,10564,197,5,99,False,8,car,3865.1388888888914,0.955839126391409,-244.03513312404553,-1204.3024802313644,2388.8644927136056,car,0 days 00:17:58.676000
2024-07-20 14:03:19.595,0 days 00:17:58.876000,0 days 00:01:50.717000,10808,207,5,99,False,8,car,3876.6388888888914,0.9586830474688897,-332.3486218977523,-1131.5440274669156,2389.7986186737508,car,0 days 00:17:58.876000
2024-07-20 14:03:19.955,0 days 00:17:59.236000,0 days 00:01:51.077000,11649,217,5,99,False,12,car,3898.3388888888912,0.9640494028933531,-527.4381860564988,-961.5014566184827,2390.0270638905054,car,0 days 00:17:59.236000
2024-07-20 14:03:20.275,0 days 00:17:59.556000,0 days 00:01:51.397000,10487,220,5,99,False,12,car,3917.8944444444473,0.9688854425999869,-637.3672475427236,-861.1680837799759,2389.526996961935,car,0 days 00:17:59.556000
2024-07-20 14:03:20.516,0 days 00:17:59.797000,0 days 00:01:51.638000,10768,235,6,99,False,12,car,3933.6263888888916,0.9727759128952312,-754.560302677973,-753.331782012933,2388.987949322689,car,0 days 00:17:59.797000
2024-07-20 14:03:20.836,0 days 00:18:00.117000,0 days 00:01:51.958000,11184,240,6,99,False,12,car,3954.9597222222246,0.9780515925751952,-910.8946191212356,-609.5989488943067,2388.9875344414622,car,0 days 00:18:00.117000
2024-07-20 14:03:20.996,0 days 00:18:00.277000,0 days 00:01:52.118000,11281,247,6,99,False,12,car,3965.9375000000023,0.98076636941051,-991.3600239141092,-536.9401621885188,2388.9949045499443,car,0 days 00:18:00.277000
2024-07-20 14:03:21.155,0 days 00:18:00.436000,0 days 00:01:52.277000,11421,249,6,99,False,12,car,3976.9350000000027,0.983486023501779,-1073.6211265371714,-463.91666950532414,2389.0703617267745,car,0 days 00:18:00.436000
2024-07-20 14:03:21.435,0 days 00:18:00.716000,0 days 00:01:52.557000,11573,256,6,99,False,12,car,3996.8461111111137,0.9884099912030789,-1222.6875269581428,-334.044823151204,2388.06986781677,car,0 days 00:18:00.716000
2024-07-20 14:03:21.675,0 days 00:18:00.956000,0 days 00:01:52.797000,11536,258,6,99,False,12,car,4014.0461111111135,0.9926635079450499,-1353.4544457414077,-220.87598984319175,2388.014370648176,car,0 days 00:18:00.956000
