Date_x,SessionTime_x,Time,RPM_x,Speed_x,nGear_x,Throttle_x,Brake_x,DRS_x,Source_x,Distance,RelativeDistance,X,Y,Z,Source_y,SessionTime_y
2024-10-27 20:49:42.784,0 days 01:42:09.633000,0 days 00:00:00.128000,11553,258,6,100,False,0,car,9.207777777777777,0.0021530435415188995,-35.40224185855346,1190.3986387529853,22270.922357296295,car,0 days 01:42:09.633000
2024-10-27 20:49:43.024,0 days 01:42:09.873000,0 days 00:00:00.368000,11636,261,6,100,False,0,car,26.607777777777777,0.0062216644972551095,99.00938920178619,1169.603975806711,22271.0241491449,car,0 days 01:42:09.873000
2024-10-27 20:49:43.264,0 days 01:42:10.113000,0 days 00:00:00.608000,11883,264,6,100,False,0,car,44.20777777777778,0.01033705121110323,391.79063644965663,1120.2721027182322,22270.999425594135,car,0 days 01:42:10.113000
2024-10-27 20:49:43.464,0 days 01:42:10.313000,0 days 00:00:00.808000,10903,267,6,100,False,0,car,59.04111111111112,0.013805511604403258,506.9149394664002,1100.5885683497402,22271.0012981844,car,0 days 01:42:10.313000
2024-10-27 20:49:43.624,0 days 01:42:10.473000,0 days 00:00:00.968000,10888,270,6,100,False,0,car,71.04111111111112,0.016611457091117887,560.7582058614745,1091.7126111479317,22270.99999058236,car,0 days 01:42:10.473000
2024-10-27 20:49:43.904,0 days 01:42:10.753000,0 days 00:00:01.248000,10871,274,7,100,False,0,car,92.35222222222224,0.021594608427709237,771.7968727604997,1056.9181678231778,22271.000027827908,car,0 days 01:42:10.753000
2024-10-27 20:49:44.144,0 days 01:42:10.993000,0 days 00:00:01.488000,11044,276,7,100,False,0,car,110.75222222222224,0.025897058174005,949.1322978192451,1027.3712420610502,22270.999998497093,car,0 days 01:42:10.993000
2024-10-27 20:49:44.545,0 days 01:42:11.394000,0 days 00:00:01.889000,11225,282,7,100,False,0,car,142.16388888888892,0.03324201020013147,1308.430055760582,969.6390637034212,22270.999999908447,car,0 days 01:42:11.394000
2024-10-27 20:49:44.865,0 days 01:42:11.714000,0 days 00:00:02.209000,11349,285,7,100,False,0,car,167.49722222222226,0.0391656728943068,1566.3587559448715,930.0411521038855,22270.999999925127,car,0 days 01:42:11.714000
2024-10-27 20:49:45.145,0 days 01:42:11.994000,0 days 00:00:02.489000,11408,288,7,100,False,0,car,189.89722222222224,0.04440343780284076,1739.4215614248164,902.7453882464855,22271.00000000042,car,0 days 01:42:11.994000
2024-10-27 20:49:45.585,0 days 01:42:12.434000,0 days 00:00:02.929000,11536,293,7,100,False,0,car,225.70833333333334,0.05277710660254562,2077.1929005053544,851.9396202291564,22270.999999889194,car,0 days 01:42:12.434000
2024-10-27 20:49:45.985,0 days 01:42:12.834000,0 days 00:00:03.329000,10772,296,7,100,False,0,car,258.5972222222223,0.06046747571428202,2519.7324420801597,784.6710865426742,22270.999998785494,car,0 days 01:42:12.834000
2024-10-27 20:49:46.265,0 days 01:42:13.114000,0 days 00:00:03.609000,10646,297,8,100,False,0,car,281.69722222222225,0.06586892077620767,2663.494798246882,762.9123479454447,22270.9999732035,car,0 days 01:42:13.114000
2024-10-27 20:49:46.505,0 days 01:42:13.354000,0 days 00:00:03.849000,10623,300,8,100,False,0,car,301.69722222222225,0.07054549658739871,2829.6000812405464,737.9869077711415,22271.00004124414,car,0 days 01:42:13.354000
2024-10-27 20:49:46.825,0 days 01:42:13.674000,0 days 00:00:04.169000,10728,301,8,100,False,0,car,328.4527777777778,0.07680171578370318,3119.304351842758,694.4714087059874,22271.000862370078,car,0 days 01:42:13.674000
2024-10-27 20:49:47.065,0 days 01:42:13.914000,0 days 00:00:04.409000,10753,302,8,100,False,0,car,348.5861111111111,0.08150946876696882,3395.3167940968933,653.2789061400057,22270.992657678722,car,0 days 01:42:13.914000
2024-10-27 20:49:47.385,0 days 01:42:14.234000,0 days 00:00:04.729000,10838,305,8,100,False,0,car,375.69722222222225,0.08784882708880559,3558.0572707110177,629.3707034660554,22271.02240789834,car,0 days 01:42:14.234000
2024-10-27 20:49:47.585,0 days 01:42:14.434000,0 days 00:00:04.929000,10886,306,8,100,False,0,car,392.69722222222225,0.09182391652831798,3726.260297542591,605.9546468067687,22270.81636747826,car,0 days 01:42:14.434000
2024-10-27 20:49:47.785,0 days 01:42:14.634000,0 days 00:00:05.129000,10954,307,8,100,False,0,car,409.75277777777774,0.09581199645619477,3901.0756735210957,582.2160073891054,22269.990319212415,car,0 days 01:42:14.634000
2024-10-27 20:49:47.985,0 days 01:42:14.834000,0 days 00:00:05.329000,10941,309,8,100,False,0,car,426.9194444444444,0.09982605736080041,4182.123350001779,547.070577421018,22270.021145922565,car,0 days 01:42:14.834000
2024-10-27 20:49:48.145,0 days 01:42:14.994000,0 days 00:00:05.489000,10945,309,8,100,False,0,car,440.65277777777777,0.10303730608448494,4346.418216162318,527.632591430122,22270.19247436472,car,0 days 01:42:14.994000
2024-10-27 20:49:48.305,0 days 01:42:15.154000,0 days 00:00:05.649000,11000,310,8,100,False,0,car,454.43055555555554,0.10625894719886099,4451.0880005084755,516.3271766654902,22270.32448553286,car,0 days 01:42:15.154000
2024-10-27 20:49:48.545,0 days 01:42:15.394000,0 days 00:00:05.889000,11068,311,8,100,False,0,car,475.1638888888889,0.11110699745646238,4592.552474485836,500.38944032021107,22269.62048041578,car,0 days 01:42:15.394000
2024-10-27 20:49:48.785,0 days 01:42:15.634000,0 days 00:00:06.129000,11014,312,8,100,False,0,car,495.96388888888885,0.11597063630010106,4751.796526046263,482.1590028201558,22269.167067832754,car,0 days 01:42:15.634000
2024-10-27 20:49:49.065,0 days 01:42:15.914000,0 days 00:00:06.409000,11121,312,8,100,False,0,car,520.2305555555555,0.12164488161767953,5005.6824111099895,453.7573178208092,22270.049359029737,car,0 days 01:42:15.914000
2024-10-27 20:49:49.345,0 days 01:42:16.194000,0 days 00:00:06.689000,11157,314,8,100,False,0,car,544.6527777777777,0.12735550030267836,5253.653291643162,425.6154214952036,22269.99596836739,car,0 days 01:42:16.194000
2024-10-27 20:49:49.624,0 days 01:42:16.473000,0 days 00:00:06.968000,11176,315,8,100,False,0,car,569.0652777777777,0.13306384565221344,5512.274982335593,395.0696467702909,22269.98427462523,car,0 days 01:42:16.473000
2024-10-27 20:49:50.064,0 days 01:42:16.913000,0 days 00:00:07.408000,11258,317,8,100,False,0,car,607.8097222222223,0.14212341223755967,5873.409608709685,353.18017639216487,22269.72970428694,car,0 days 01:42:16.913000
2024-10-27 20:49:50.344,0 days 01:42:17.193000,0 days 00:00:07.688000,11266,317,8,100,False,0,car,632.4652777777777,0.14788859097368906,6138.130909739333,322.0254678525569,22268.941961829136,car,0 days 01:42:17.193000
2024-10-27 20:49:50.624,0 days 01:42:17.473000,0 days 00:00:07.968000,11252,318,8,100,False,0,car,657.1986111111111,0.15367195639352865,6423.077082067014,289.67199375889027,22269.02439013072,car,0 days 01:42:17.473000
2024-10-27 20:49:50.944,0 days 01:42:17.793000,0 days 00:00:08.288000,11306,319,8,100,False,0,car,685.5541666666667,0.16030230165472842,6646.379323414712,264.0623670667127,22268.99634871586,car,0 days 01:42:17.793000
2024-10-27 20:49:51.185,0 days 01:42:18.034000,0 days 00:00:08.529000,11333,320,8,100,False,0,car,706.9763888888889,0.1653114339680486,6901.212298825736,232.7243775849508,22269.042616932005,car,0 days 01:42:18.034000
2024-10-27 20:49:51.425,0 days 01:42:18.274000,0 days 00:00:08.769000,11341,320,8,100,False,0,car,728.3097222222223,0.17029978149998573,7209.347729413308,193.24707208806447,22268.86243594528,car,0 days 01:42:18.274000
2024-10-27 20:49:51.785,0 days 01:42:18.634000,0 days 00:00:09.129000,11328,321,8,100,False,0,car,760.4097222222222,0.17780568567694732,7475.907930890534,157.68065268921774,22267.842064380653,car,0 days 01:42:18.634000
2024-10-27 20:49:52.025,0 days 01:42:18.874000,0 days 00:00:09.369000,11361,322,8,100,False,0,car,781.8763888888889,0.18282521038095906,7629.074072940969,137.47687126241289,22267.93919965196,car,0 days 01:42:18.874000
2024-10-27 20:49:52.265,0 days 01:42:19.114000,0 days 00:00:09.609000,11385,322,8,100,False,0,car,803.3430555555556,0.1878447350849708,7803.228474536381,114.90324387702876,22268.00624684938,car,0 days 01:42:19.114000
2024-10-27 20:49:52.545,0 days 01:42:19.394000,0 days 00:00:09.889000,11418,322,8,100,False,0,car,828.3874999999999,0.1937008472396511,8181.786652447022,64.827748361543,22267.999845654034,car,0 days 01:42:19.394000
2024-10-27 20:49:52.785,0 days 01:42:19.634000,0 days 00:00:10.129000,11459,322,8,100,False,0,car,849.8541666666666,0.19872037194366285,8380.196374222949,38.2990454477937,22268.00060702343,car,0 days 01:42:19.634000
2024-10-27 20:49:52.985,0 days 01:42:19.834000,0 days 00:00:10.329000,11438,323,8,100,False,0,car,867.7986111111112,0.2029162996853704,8465.428629468348,26.96533159602764,22268.00004349941,car,0 days 01:42:19.834000
2024-10-27 20:49:53.425,0 days 01:42:20.274000,0 days 00:00:10.769000,11447,323,8,100,False,0,car,907.276388888889,0.21214734071712693,8950.084506832494,-34.772109742328084,22267.999994851343,car,0 days 01:42:20.274000
2024-10-27 20:49:53.585,0 days 01:42:20.434000,0 days 00:00:10.929000,11488,323,8,100,False,0,car,921.6319444444446,0.21550408291049297,9068.843068902464,-50.662472944798836,22267.999963385624,car,0 days 01:42:20.434000
2024-10-27 20:49:53.785,0 days 01:42:20.634000,0 days 00:00:11.129000,11481,323,8,100,False,0,car,939.5763888888889,0.21970001065220046,9156.793086193684,-63.296442283090116,22267.999960277717,car,0 days 01:42:20.634000
2024-10-27 20:49:54.105,0 days 01:42:20.954000,0 days 00:00:11.449000,11388,324,8,100,False,0,car,968.376388888889,0.22643427982031558,9436.233074585994,-99.21594412262027,22267.99852755586,car,0 days 01:42:20.954000
2024-10-27 20:49:54.425,0 days 01:42:21.274000,0 days 00:00:11.769000,11427,324,8,100,False,0,car,997.176388888889,0.2331685489884307,9721.825252762905,-137.2376026731308,22267.989779563417,car,0 days 01:42:21.274000
2024-10-27 20:49:54.625,0 days 01:42:21.474000,0 days 00:00:11.969000,11428,320,8,0,False,0,car,1014.9541666666668,0.23732550526504495,9895.696355928172,-159.7658177522432,22268.061070246564,car,0 days 01:42:21.474000
2024-10-27 20:49:55.025,0 days 01:42:21.874000,0 days 00:00:12.369000,10815,311,8,0,False,0,car,1049.5097222222223,0.24540558902771392,10335.965154120295,-217.27210333660076,22266.156890533053,car,0 days 01:42:21.874000
2024-10-27 20:49:55.185,0 days 01:42:22.034000,0 days 00:00:12.529000,10412,293,8,0,True,0,car,1062.5319444444444,0.24845055950033387,10514.918847821378,-240.26762018080908,22265.14605697133,car,0 days 01:42:22.034000
2024-10-27 20:49:55.385,0 days 01:42:22.234000,0 days 00:00:12.729000,9297,267,8,0,True,0,car,1077.3652777777777,0.25191901989363386,10648.833497544105,-256.8327857164672,22265.427440041545,car,0 days 01:42:22.234000
2024-10-27 20:49:55.745,0 days 01:42:22.594000,0 days 00:00:13.089000,8862,230,8,0,True,0,car,1100.3652777777777,0.2572970820765036,10760.557991847834,-270.25714529820533,22267.388016052475,car,0 days 01:42:22.594000
2024-10-27 20:49:55.945,0 days 01:42:22.794000,0 days 00:00:13.289000,9487,208,7,0,True,0,car,1111.9208333333331,0.2599991036563028,10884.63196540964,-289.42394815896046,22268.046758225773,car,0 days 01:42:22.794000
2024-10-27 20:49:56.145,0 days 01:42:22.994000,0 days 00:00:13.489000,9703,189,6,0,True,0,car,1122.4208333333331,0.2624543059571781,11056.75430496773,-317.6206046833801,22267.97765023956,car,0 days 01:42:22.994000
2024-10-27 20:49:56.544,0 days 01:42:23.393000,0 days 00:00:13.888000,10648,162,5,0,True,0,car,1140.375833333333,0.26665270189167484,11155.519824842802,-344.68391112012125,22267.98893777983,car,0 days 01:42:23.393000
2024-10-27 20:49:56.704,0 days 01:42:23.553000,0 days 00:00:14.048000,9810,142,4,0,True,0,car,1146.6869444444442,0.2681284213698729,11222.253506235906,-365.6948701978204,22267.966199769282,car,0 days 01:42:23.553000
2024-10-27 20:49:56.904,0 days 01:42:23.753000,0 days 00:00:14.248000,9417,131,3,0,True,0,car,1153.964722222222,0.2698301753456119,11289.618885375798,-392.76912016297445,22268.05697559221,car,0 days 01:42:23.753000
2024-10-27 20:49:57.224,0 days 01:42:24.073000,0 days 00:00:14.568000,8264,120,3,0,True,0,car,1164.6313888888888,0.2723243491115805,11414.781616796676,-465.23965307816746,22265.783483202053,car,0 days 01:42:24.073000
2024-10-27 20:49:57.584,0 days 01:42:24.433000,0 days 00:00:14.928000,7578,108,3,0,True,0,car,1175.4313888888887,0.2748497000496236,11469.920475246085,-513.9850539826158,22266.01659436209,car,0 days 01:42:24.433000
2024-10-27 20:49:57.745,0 days 01:42:24.594000,0 days 00:00:15.089000,7126,106,3,0,True,0,car,1180.1719444444443,0.27595817842175957,11503.026534099472,-548.7672551400824,22265.993670825537,car,0 days 01:42:24.594000
2024-10-27 20:49:57.985,0 days 01:42:24.834000,0 days 00:00:15.329000,6876,101,3,0,True,0,car,1186.9052777777777,0.2775326256115272,11543.728482926914,-610.6724873842426,22266.001346380403,car,0 days 01:42:24.834000
2024-10-27 20:49:58.265,0 days 01:42:25.114000,0 days 00:00:15.609000,6730,97,3,0,False,0,car,1194.4497222222221,0.2792967339314154,11585.721763995763,-705.5205047210702,22265.999635335596,car,0 days 01:42:25.114000
2024-10-27 20:49:58.585,0 days 01:42:25.434000,0 days 00:00:15.929000,6980,93,3,16,False,0,car,1202.7163888888888,0.28122971860004103,11604.142490043021,-785.7636419468319,22266.000012961144,car,0 days 01:42:25.434000
2024-10-27 20:49:58.985,0 days 01:42:25.834000,0 days 00:00:16.329000,6984,94,3,40,False,0,car,1213.1608333333331,0.2836719304125519,11609.844483345207,-858.616903779713,22265.99966858862,car,0 days 01:42:25.834000
2024-10-27 20:49:59.185,0 days 01:42:26.034000,0 days 00:00:16.529000,7067,96,3,48,False,0,car,1218.4941666666664,0.28491901729553615,11606.071374313387,-929.6139844809637,22265.99811905685,car,0 days 01:42:26.034000
2024-10-27 20:49:59.425,0 days 01:42:26.274000,0 days 00:00:16.769000,7331,98,3,56,False,0,car,1225.0274999999997,0.28644669872719186,11596.837998387087,-1002.6548815776,22266.02778792444,car,0 days 01:42:26.274000
2024-10-27 20:49:59.585,0 days 01:42:26.434000,0 days 00:00:16.929000,7713,103,3,64,False,0,car,1229.6052777777775,0.2875171149684201,11588.825549128762,-1044.3044188996632,22266.021776748046,car,0 days 01:42:26.434000
2024-10-27 20:49:59.825,0 days 01:42:26.674000,0 days 00:00:17.169000,7124,107,3,0,True,0,car,1236.738611111111,0.28918509367441153,11576.229739981616,-1109.8606835101646,22265.852664603048,car,0 days 01:42:26.674000
2024-10-27 20:50:00.105,0 days 01:42:26.954000,0 days 00:00:17.449000,7164,102,3,0,True,0,car,1244.6719444444443,0.2910401354128507,11567.095561673375,-1194.4543735547409,22266.21971865838,car,0 days 01:42:26.954000
2024-10-27 20:50:00.465,0 days 01:42:27.314000,0 days 00:00:17.809000,6720,98,3,0,True,0,car,1254.4719444444443,0.2933316575603343,11571.077444528733,-1301.9972552729291,22268.011816183982,car,0 days 01:42:27.314000
2024-10-27 20:50:00.665,0 days 01:42:27.514000,0 days 00:00:18.009000,6627,97,3,3,False,0,car,1259.8608333333332,0.294591734931683,11574.294749915636,-1328.0273784373214,22268.052357026463,car,0 days 01:42:27.514000
2024-10-27 20:50:00.825,0 days 01:42:27.674000,0 days 00:00:18.169000,6673,93,3,3,False,0,car,1263.9941666666666,0.29555822726599584,11587.672206444557,-1357.3148880196654,22268.00271524776,car,0 days 01:42:27.674000
2024-10-27 20:50:01.025,0 days 01:42:27.874000,0 days 00:00:18.369000,6872,91,3,20,False,0,car,1269.049722222222,0.296740361707158,11625.227096788856,-1426.0228935311939,22268.212887846686,car,0 days 01:42:27.874000
2024-10-27 20:50:01.265,0 days 01:42:28.114000,0 days 00:00:18.609000,6920,93,3,29,False,0,car,1275.249722222222,0.29819010020862724,11650.622966991381,-1464.4081138745014,22266.645271122634,car,0 days 01:42:28.114000
2024-10-27 20:50:01.505,0 days 01:42:28.354000,0 days 00:00:18.849000,7153,93,3,43,False,0,car,1281.4497222222221,0.2996398387100965,11685.277473481417,-1496.6357673683506,22265.861866119274,car,0 days 01:42:28.354000
2024-10-27 20:50:01.705,0 days 01:42:28.554000,0 days 00:00:19.049000,7470,95,3,62,False,0,car,1286.7275,0.30087393510471633,11728.712475546643,-1532.278046711242,22266.01863294291,car,0 days 01:42:28.554000
2024-10-27 20:50:02.065,0 days 01:42:28.914000,0 days 00:00:19.409000,7883,100,3,62,False,0,car,1296.7275,0.30321222301031187,11821.704899126862,-1592.9677480968699,22266.011152624982,car,0 days 01:42:28.914000
2024-10-27 20:50:02.305,0 days 01:42:29.154000,0 days 00:00:19.649000,8233,110,3,60,False,0,car,1304.0608333333334,0.3049269674744153,11900.337078874705,-1648.0983669484867,22265.879762158453,car,0 days 01:42:29.154000
2024-10-27 20:50:02.505,0 days 01:42:29.354000,0 days 00:00:19.849000,8102,113,3,29,False,0,car,1310.3386111111113,0.3063948926595947,11939.68929356868,-1694.6934718868702,22266.128828713456,car,0 days 01:42:29.354000
2024-10-27 20:50:02.705,0 days 01:42:29.554000,0 days 00:00:20.049000,8373,114,3,27,False,0,car,1316.6719444444445,0.3078758083331385,11988.1467802531,-1782.1802816879149,22267.800363196962,car,0 days 01:42:29.554000
2024-10-27 20:50:03.064,0 days 01:42:29.913000,0 days 00:00:20.408000,8452,113,3,43,False,0,car,1327.9405555555556,0.31051073404053553,12007.055273086262,-1848.7009882557127,22267.997772547387,car,0 days 01:42:29.913000
2024-10-27 20:50:03.304,0 days 01:42:30.153000,0 days 00:00:20.648000,8359,114,3,43,False,0,car,1335.5405555555556,0.31228783284878814,12013.672981282118,-1925.6680512308817,22267.998045428212,car,0 days 01:42:30.153000
2024-10-27 20:50:03.744,0 days 01:42:30.593000,0 days 00:00:21.088000,9273,120,3,71,False,0,car,1350.2072222222223,0.3157173217769949,11995.538270755984,-2115.9261864580053,22268.000085622356,car,0 days 01:42:30.593000
2024-10-27 20:50:03.984,0 days 01:42:30.833000,0 days 00:00:21.328000,9857,129,3,85,False,0,car,1358.8072222222222,0.317728249375807,11985.641218568137,-2162.260975376149,22268.000071628157,car,0 days 01:42:30.833000
2024-10-27 20:50:04.144,0 days 01:42:30.993000,0 days 00:00:21.488000,10117,133,3,85,False,0,car,1364.7183333333332,0.31911043733778127,11977.144385548807,-2197.616207158254,22267.999962007223,car,0 days 01:42:30.993000
2024-10-27 20:50:04.305,0 days 01:42:31.154000,0 days 00:00:21.649000,10635,140,3,89,False,0,car,1370.9794444444444,0.32057446537645135,11963.878919689454,-2253.6338175832575,22267.999985045284,car,0 days 01:42:31.154000
2024-10-27 20:50:04.585,0 days 01:42:31.434000,0 days 00:00:21.929000,11489,154,3,100,False,0,car,1382.957222222222,0.3233752146678202,11913.54371361829,-2425.1285560774236,22268.0000006712,car,0 days 01:42:31.434000
2024-10-27 20:50:04.825,0 days 01:42:31.674000,0 days 00:00:22.169000,11761,164,3,100,False,0,car,1393.8905555555555,0.32593174277793796,11892.627775529876,-2488.7911403723006,22268.00000057857,car,0 days 01:42:31.674000
2024-10-27 20:50:05.025,0 days 01:42:31.874000,0 days 00:00:22.369000,10968,172,3,100,False,0,car,1403.446111111111,0.3281661067766181,11862.906150060639,-2569.506422927723,22267.999994795606,car,0 days 01:42:31.874000
2024-10-27 20:50:05.185,0 days 01:42:32.034000,0 days 00:00:22.529000,10973,180,4,100,False,0,car,1411.446111111111,0.33003673710109455,11826.707320699627,-2666.732972490383,22267.999993576534,car,0 days 01:42:32.034000
2024-10-27 20:50:05.465,0 days 01:42:32.314000,0 days 00:00:22.809000,11535,187,4,100,False,0,car,1425.9905555555554,0.3334376469548996,11775.96502743113,-2791.1117062173707,22268.000053974094,car,0 days 01:42:32.314000
2024-10-27 20:50:05.825,0 days 01:42:32.674000,0 days 00:00:23.169000,12129,198,4,100,False,0,car,1445.7905555555553,0.3380674570079787,11702.973904836846,-2951.1211507531,22268.000012395274,car,0 days 01:42:32.674000
2024-10-27 20:50:06.065,0 days 01:42:32.914000,0 days 00:00:23.409000,11009,207,4,100,False,0,car,1459.5905555555553,0.34129429431770053,11609.893450758664,-3139.1429992041435,22267.99871014821,car,0 days 01:42:32.914000
2024-10-27 20:50:06.425,0 days 01:42:33.274000,0 days 00:00:23.769000,11181,219,5,100,False,0,car,1481.4905555555551,0.3464151448309547,11538.801116822528,-3264.4409863168466,22268.00490530694,car,0 days 01:42:33.274000
2024-10-27 20:50:06.825,0 days 01:42:33.674000,0 days 00:00:24.169000,11750,229,5,100,False,0,car,1506.9349999999997,0.35236478850185887,11379.684364405435,-3529.2183836509103,22267.65603125075,car,0 days 01:42:33.674000
2024-10-27 20:50:07.105,0 days 01:42:33.954000,0 days 00:00:24.449000,11391,236,5,100,False,0,car,1525.2905555555553,0.3566568458574631,11316.913998316662,-3627.7379210925637,22268.198004708032,car,0 days 01:42:33.954000
2024-10-27 20:50:07.505,0 days 01:42:34.354000,0 days 00:00:24.849000,11036,244,6,100,False,0,car,1552.4016666666664,0.36299620417929984,11147.900055662853,-3886.9124638025623,22268.901861138816,car,0 days 01:42:34.354000
2024-10-27 20:50:07.785,0 days 01:42:34.634000,0 days 00:00:25.129000,11171,251,6,100,False,0,car,1571.9238888888888,0.3675610617905569,11028.160947175566,-4068.460231234091,22269.420544112792,car,0 days 01:42:34.634000
2024-10-27 20:50:08.145,0 days 01:42:34.994000,0 days 00:00:25.489000,11481,257,6,100,False,0,car,1597.6238888888888,0.37357046170793745,10939.70777809896,-4203.474488960404,22269.921553329892,car,0 days 01:42:34.994000
2024-10-27 20:50:08.345,0 days 01:42:35.194000,0 days 00:00:25.689000,11691,260,6,100,False,0,car,1612.0683333333332,0.37694798868268653,10838.410930228558,-4366.116438692299,22270.156175331562,car,0 days 01:42:35.194000
2024-10-27 20:50:08.745,0 days 01:42:35.594000,0 days 00:00:26.089000,10955,266,6,100,False,0,car,1641.6238888888886,0.3838589284925577,10687.09516038144,-4616.081663616827,22271.02179591739,car,0 days 01:42:35.594000
2024-10-27 20:50:08.985,0 days 01:42:35.834000,0 days 00:00:26.329000,10758,270,7,100,False,0,car,1659.6238888888888,0.3880678467226297,10605.676303808244,-4753.7645239086505,22270.98937371673,car,0 days 01:42:35.834000
2024-10-27 20:50:09.265,0 days 01:42:36.114000,0 days 00:00:26.609000,10888,273,7,100,False,0,car,1680.8572222222222,0.3930328113755108,10494.697428526511,-4942.062284991217,22270.998495682714,car,0 days 01:42:36.114000
2024-10-27 20:50:09.505,0 days 01:42:36.354000,0 days 00:00:26.849000,11018,277,7,100,False,0,car,1699.3238888888886,0.39735084970784385,10394.738077327384,-5113.073705125689,22270.99494346399,car,0 days 01:42:36.354000
2024-10-27 20:50:09.784,0 days 01:42:36.633000,0 days 00:00:27.128000,11114,281,7,100,False,0,car,1721.1013888888886,0.4024430561942545,10292.299923187156,-5288.376111967474,22271.027902605725,car,0 days 01:42:36.633000
2024-10-27 20:50:10.144,0 days 01:42:36.993000,0 days 00:00:27.488000,11247,284,7,100,False,0,car,1749.5013888888884,0.40908379384614574,10135.264581962218,-5551.3699424483975,22270.884577266777,car,0 days 01:42:36.993000
2024-10-27 20:50:10.304,0 days 01:42:37.153000,0 days 00:00:27.648000,11326,286,7,100,False,0,car,1762.2124999999996,0.41205601758392496,10063.190788794649,-5671.041941756923,22271.423080738146,car,0 days 01:42:37.153000
2024-10-27 20:50:10.664,0 days 01:42:37.513000,0 days 00:00:28.008000,11445,290,7,100,False,0,car,1791.2124999999996,0.418837052510152,9922.791398870933,-5903.005908450532,22273.14935016639,car,0 days 01:42:37.513000
2024-10-27 20:50:10.985,0 days 01:42:37.834000,0 days 00:00:28.329000,11488,293,7,100,False,0,car,1817.3383333333331,0.4249460245208458,9789.125121779882,-6118.282672981785,22272.9069013157,car,0 days 01:42:37.834000
2024-10-27 20:50:11.305,0 days 01:42:38.154000,0 days 00:00:28.649000,11591,295,7,100,False,0,car,1843.5605555555553,0.4310775350288518,9636.173285877483,-6357.880036964659,22273.50498613557,car,0 days 01:42:38.154000
2024-10-27 20:50:11.585,0 days 01:42:38.434000,0 days 00:00:28.929000,11251,289,7,0,False,0,car,1866.038333333333,0.43633348662109595,9514.013079651722,-6539.3017425100115,22275.25754814256,car,0 days 01:42:38.434000
2024-10-27 20:50:11.745,0 days 01:42:38.594000,0 days 00:00:29.089000,10999,286,7,0,False,0,car,1878.7494444444442,0.43930571035887517,9404.830906057656,-6700.1977383310195,22276.01212349209,car,0 days 01:42:38.594000
2024-10-27 20:50:11.905,0 days 01:42:38.754000,0 days 00:00:29.249000,10999,281,7,0,False,0,car,1891.238333333333,0.4422259721431967,9348.467304380516,-6783.413217276895,22276.181858372714,car,0 days 01:42:38.754000
2024-10-27 20:50:12.105,0 days 01:42:38.954000,0 days 00:00:29.449000,10015,261,7,0,True,0,car,1905.7383333333332,0.44561648960631023,9295.455644719526,-6860.273479994865,22275.97593839523,car,0 days 01:42:38.954000
2024-10-27 20:50:12.425,0 days 01:42:39.274000,0 days 00:00:29.769000,8807,226,7,0,True,0,car,1925.827222222222,0.4503138501988843,9144.479123778463,-7075.140967737302,22276.012947959123,car,0 days 01:42:39.274000
2024-10-27 20:50:12.585,0 days 01:42:39.434000,0 days 00:00:29.929000,9316,202,7,0,True,0,car,1934.8049999999998,0.4524131131185746,9097.564040438698,-7140.43465342518,22276.860449876844,car,0 days 01:42:39.434000
2024-10-27 20:50:12.785,0 days 01:42:39.634000,0 days 00:00:30.129000,10124,182,7,0,True,0,car,1944.9161111111111,0.45477738200089896,9054.820502843795,-7198.736744193872,22277.966077695837,car,0 days 01:42:39.634000
2024-10-27 20:50:13.025,0 days 01:42:39.874000,0 days 00:00:30.369000,11119,166,7,0,True,0,car,1955.9827777777778,0.45736508728309133,8989.382889829705,-7291.041167643358,22277.98304151583,car,0 days 01:42:39.874000
2024-10-27 20:50:13.225,0 days 01:42:40.074000,0 days 00:00:30.569000,10551,150,6,0,True,0,car,1964.316111111111,0.45931366053775424,8944.632232757373,-7358.059711586205,22278.41772131496,car,0 days 01:42:40.074000
2024-10-27 20:50:13.585,0 days 01:42:40.434000,0 days 00:00:30.929000,10923,126,2,0,True,0,car,1976.916111111111,0.46225990329880456,8875.017367998867,-7474.9319148973445,22279.811820743904,car,0 days 01:42:40.434000
2024-10-27 20:50:13.745,0 days 01:42:40.594000,0 days 00:00:31.089000,10075,120,2,0,True,0,car,1982.2494444444442,0.46350699018178887,8851.101848359845,-7521.974280229552,22280.35931121218,car,0 days 01:42:40.594000
2024-10-27 20:50:14.025,0 days 01:42:40.874000,0 days 00:00:31.369000,9310,109,2,0,True,0,car,1990.727222222222,0.4654893387061993,8823.000604544288,-7594.532564061288,22281.01534323525,car,0 days 01:42:40.874000
2024-10-27 20:50:14.185,0 days 01:42:41.034000,0 days 00:00:31.529000,8670,101,2,0,True,0,car,1995.2161111111109,0.4665389701660444,8811.361816918421,-7638.803740412506,22280.99729465317,car,0 days 01:42:41.034000
2024-10-27 20:50:14.385,0 days 01:42:41.234000,0 days 00:00:31.729000,8149,96,2,0,True,0,car,2000.5494444444441,0.46778605704902865,8801.4577713045,-7691.333181527863,22280.99734160593,car,0 days 01:42:41.234000
2024-10-27 20:50:14.545,0 days 01:42:41.394000,0 days 00:00:31.889000,7853,93,2,0,True,0,car,2004.6827777777776,0.4687525493833415,8798.995709175255,-7732.021081380412,22281.00146190832,car,0 days 01:42:41.394000
2024-10-27 20:50:14.745,0 days 01:42:41.594000,0 days 00:00:32.089000,7567,91,2,0,True,0,car,2009.738333333333,0.46993468382450365,8801.031420656029,-7780.835281138155,22280.99136640888,car,0 days 01:42:41.594000
2024-10-27 20:50:15.025,0 days 01:42:41.874000,0 days 00:00:32.369000,7316,86,2,0,False,0,car,2016.4272222222219,0.47149873862357977,8808.453691245877,-7835.286806702478,22280.29890252071,car,0 days 01:42:41.874000
2024-10-27 20:50:15.265,0 days 01:42:42.114000,0 days 00:00:32.609000,7049,82,2,0,False,0,car,2021.8938888888886,0.47277700267863865,8856.95196328895,-7932.679310128309,22283.974762476555,car,0 days 01:42:42.114000
2024-10-27 20:50:15.545,0 days 01:42:42.394000,0 days 00:00:32.889000,7249,79,2,20,False,0,car,2028.038333333333,0.47421375069174343,8874.85798398182,-7947.962003104982,22282.945102814767,car,0 days 01:42:42.394000
2024-10-27 20:50:15.825,0 days 01:42:42.674000,0 days 00:00:33.169000,7384,81,2,34,False,0,car,2034.338333333333,0.4756868720722686,8918.240443099145,-7986.529052501915,22284.12602049092,car,0 days 01:42:42.674000
2024-10-27 20:50:16.105,0 days 01:42:42.954000,0 days 00:00:33.449000,7605,83,2,48,False,0,car,2040.7938888888884,0.47719636682021416,8972.545172045997,-8021.086488111723,22283.99927105277,car,0 days 01:42:42.954000
2024-10-27 20:50:16.265,0 days 01:42:43.114000,0 days 00:00:33.609000,7885,85,2,58,False,0,car,2044.5716666666663,0.4780797200289947,9005.97007723458,-8039.467541177653,22283.94028042458,car,0 days 01:42:43.114000
2024-10-27 20:50:16.504,0 days 01:42:43.353000,0 days 00:00:33.848000,8343,91,2,61,False,0,car,2050.613055555555,0.4794923706861835,9059.861365175153,-8067.117669852692,22284.393514523872,car,0 days 01:42:43.353000
2024-10-27 20:50:16.744,0 days 01:42:43.593000,0 days 00:00:34.088000,7791,93,2,0,True,0,car,2056.8130555555554,0.4809421091876528,9112.915414088773,-8098.474751968364,22285.078642564542,car,0 days 01:42:43.593000
2024-10-27 20:50:17.024,0 days 01:42:43.873000,0 days 00:00:34.368000,7277,86,2,0,True,0,car,2063.5019444444442,0.4825061639867289,9167.987491907683,-8139.371196149702,22285.004733491674,car,0 days 01:42:43.873000
2024-10-27 20:50:17.304,0 days 01:42:44.153000,0 days 00:00:34.648000,6390,80,2,0,True,0,car,2069.7241666666664,0.48396109868354387,9210.969355615933,-8183.482682366724,22285.553542815967,car,0 days 01:42:44.153000
2024-10-27 20:50:17.545,0 days 01:42:44.394000,0 days 00:00:34.889000,6162,76,2,0,True,0,car,2074.811944444444,0.4851507676079574,9239.807511326855,-8238.733938458121,22286.11658581331,car,0 days 01:42:44.394000
2024-10-27 20:50:17.785,0 days 01:42:44.634000,0 days 00:00:35.129000,6035,70,2,0,True,0,car,2079.4786111111107,0.4862419686305686,9257.342837469008,-8292.363464272239,22285.993509929933,car,0 days 01:42:44.634000
2024-10-27 20:50:18.025,0 days 01:42:44.874000,0 days 00:00:35.369000,5906,68,2,0,False,0,car,2084.011944444444,0.48730199248110523,9259.270272589329,-8322.184888450089,22286.06162280794,car,0 days 01:42:44.874000
2024-10-27 20:50:18.345,0 days 01:42:45.194000,0 days 00:00:35.689000,6279,67,2,23,False,0,car,2089.9674999999997,0.48869457283377105,9249.085413772053,-8383.071701679606,22286.376213970947,car,0 days 01:42:45.194000
2024-10-27 20:50:18.505,0 days 01:42:45.354000,0 days 00:00:35.849000,6322,69,2,30,False,0,car,2093.0341666666664,0.489411647791487,9230.55741853743,-8429.543344515198,22288.183948725535,car,0 days 01:42:45.354000
2024-10-27 20:50:18.905,0 days 01:42:45.754000,0 days 00:00:36.249000,6911,74,2,53,False,0,car,2101.2563888888885,0.4913342400694211,9197.906496825408,-8471.342539531945,22288.06011192179,car,0 days 01:42:45.754000
2024-10-27 20:50:19.265,0 days 01:42:46.114000,0 days 00:00:36.609000,7923,81,2,59,False,0,car,2109.3563888888884,0.49322825327295344,9141.168685605342,-8528.373817208554,22289.00648511742,car,0 days 01:42:46.114000
2024-10-27 20:50:19.465,0 days 01:42:46.314000,0 days 00:00:36.809000,8507,86,2,69,False,0,car,2114.1341666666663,0.4943454352722935,9085.336656428915,-8570.16651027214,22288.88616113846,car,0 days 01:42:46.314000
2024-10-27 20:50:19.825,0 days 01:42:46.674000,0 days 00:00:37.169000,9289,100,2,74,False,0,car,2124.1341666666663,0.49668372317788906,9019.797054650255,-8616.841819807369,22289.813457738717,car,0 days 01:42:46.674000
2024-10-27 20:50:19.985,0 days 01:42:46.834000,0 days 00:00:37.329000,10409,108,2,79,False,0,car,2128.9341666666664,0.49780610137257497,8989.748685220933,-8637.46808356493,22290.07327627546,car,0 days 01:42:46.834000
2024-10-27 20:50:20.145,0 days 01:42:46.994000,0 days 00:00:37.489000,10741,112,2,82,False,0,car,2133.911944444444,0.4989700491300269,8946.624136328655,-8666.950547536866,22289.998538630425,car,0 days 01:42:46.994000
2024-10-27 20:50:20.385,0 days 01:42:47.234000,0 days 00:00:37.729000,11600,125,2,84,False,0,car,2142.2452777777776,0.5009186223846899,8880.674926723064,-8712.916662762873,22290.000395068368,car,0 days 01:42:47.234000
2024-10-27 20:50:20.585,0 days 01:42:47.434000,0 days 00:00:37.929000,11180,134,2,86,False,0,car,2149.689722222222,0.5026593478255221,8827.247862078872,-8749.705048501264,22290.008283532832,car,0 days 01:42:47.434000
2024-10-27 20:50:20.825,0 days 01:42:47.674000,0 days 00:00:38.169000,10176,142,2,86,False,0,car,2159.156388888888,0.504872927042819,8720.244188619547,-8828.322198387747,22290.003071550895,car,0 days 01:42:47.674000
2024-10-27 20:50:21.185,0 days 01:42:48.034000,0 days 00:00:38.529000,10747,148,3,0,True,0,car,2173.9563888888883,0.5083335931431006,8617.56346642626,-8909.109276883859,22290.88189532615,car,0 days 01:42:48.034000
2024-10-27 20:50:21.385,0 days 01:42:48.234000,0 days 00:00:38.729000,10467,131,3,0,True,0,car,2181.234166666666,0.5100353471188395,8560.940595070617,-8949.713106660336,22290.999597916296,car,0 days 01:42:48.234000
2024-10-27 20:50:21.545,0 days 01:42:48.394000,0 days 00:00:38.889000,11064,128,3,0,True,0,car,2186.923055555555,0.5113655731273561,8513.130699139465,-8979.999557071696,22291.037941922707,car,0 days 01:42:48.394000
2024-10-27 20:50:21.905,0 days 01:42:48.754000,0 days 00:00:39.249000,9374,110,2,0,True,0,car,2197.923055555555,0.5139376898235111,8401.506812176201,-9027.78872486581,22289.95682461129,car,0 days 01:42:48.754000
2024-10-27 20:50:22.145,0 days 01:42:48.994000,0 days 00:00:39.489000,8654,103,2,0,True,0,car,2204.7897222222214,0.5155433141853533,8297.11751212705,-9044.837162182554,22289.901571144866,car,0 days 01:42:48.994000
2024-10-27 20:50:22.345,0 days 01:42:49.194000,0 days 00:00:39.689000,7934,96,2,0,True,0,car,2210.123055555555,0.5167904010683376,8254.201236039464,-9042.732695663362,22289.359756391386,car,0 days 01:42:49.194000
2024-10-27 20:50:22.625,0 days 01:42:49.474000,0 days 00:00:39.969000,7369,89,2,0,True,0,car,2217.0452777777773,0.5184090159185444,8198.82410732525,-9026.655296524266,22288.917262622515,car,0 days 01:42:49.474000
2024-10-27 20:50:22.865,0 days 01:42:49.714000,0 days 00:00:40.209000,6886,85,2,0,True,0,car,2222.711944444444,0.5197340457317151,8145.371174820423,-9004.98554393236,22288.98955202292,car,0 days 01:42:49.714000
2024-10-27 20:50:23.104,0 days 01:42:49.953000,0 days 00:00:40.448000,6770,80,2,0,False,0,car,2228.023055555555,0.5209759364193536,8110.685309289265,-8983.289444425276,22288.9685468954,car,0 days 01:42:49.953000
2024-10-27 20:50:23.344,0 days 01:42:50.193000,0 days 00:00:40.688000,6470,77,2,0,False,0,car,2233.156388888888,0.5221762575442259,8079.930341674371,-8951.989631740193,22289.09096524729,car,0 days 01:42:50.193000
2024-10-27 20:50:23.544,0 days 01:42:50.393000,0 days 00:00:40.888000,6653,74,2,5,False,0,car,2237.267499999999,0.5231375536831929,8054.8694117071755,-8918.41165187532,22288.197959799385,car,0 days 01:42:50.393000
2024-10-27 20:50:23.904,0 days 01:42:50.753000,0 days 00:00:41.248000,6942,75,2,29,False,0,car,2244.767499999999,0.5248912696123896,8021.310293870909,-8850.739326733823,22288.04107174721,car,0 days 01:42:50.753000
2024-10-27 20:50:24.065,0 days 01:42:50.914000,0 days 00:00:41.409000,7181,77,2,47,False,0,car,2248.2111111111103,0.5256964850336582,8010.296104827933,-8818.4663741651,22288.00763182359,car,0 days 01:42:50.914000
2024-10-27 20:50:24.345,0 days 01:42:51.194000,0 days 00:00:41.689000,7730,81,2,59,False,0,car,2254.5111111111105,0.5271696064141834,7996.437646723307,-8758.817718203853,22287.99250619219,car,0 days 01:42:51.194000
2024-10-27 20:50:24.705,0 days 01:42:51.554000,0 days 00:00:42.049000,8619,91,2,64,False,0,car,2263.6111111111104,0.5292974484082753,7988.103585617824,-8673.203700897662,22288.050279218864,car,0 days 01:42:51.554000
2024-10-27 20:50:24.985,0 days 01:42:51.834000,0 days 00:00:42.329000,9611,101,2,74,False,0,car,2271.466666666666,0.5311343034630042,7989.466716110657,-8592.435289952453,22286.165313753143,car,0 days 01:42:51.834000
2024-10-27 20:50:25.225,0 days 01:42:52.074000,0 days 00:00:42.569000,10424,108,2,80,False,0,car,2278.666666666666,0.5328178707550331,7994.155277268616,-8525.112670236787,22285.9152264421,car,0 days 01:42:52.074000
2024-10-27 20:50:25.505,0 days 01:42:52.354000,0 days 00:00:42.849000,11896,122,2,87,False,0,car,2288.1555555555547,0.5350366461676759,8002.389885861192,-8442.249869124047,22286.085277629863,car,0 days 01:42:52.354000
2024-10-27 20:50:25.665,0 days 01:42:52.514000,0 days 00:00:43.009000,12316,127,2,90,False,0,car,2293.7999999999993,0.5363564797855009,8015.751992409642,-8360.888790974013,22285.672371661316,car,0 days 01:42:52.514000
2024-10-27 20:50:25.985,0 days 01:42:52.834000,0 days 00:00:43.329000,11028,144,3,92,False,0,car,2306.5999999999995,0.5393494883046632,8040.646361793784,-8224.651770392002,22284.86165583613,car,0 days 01:42:52.834000
2024-10-27 20:50:26.225,0 days 01:42:53.074000,0 days 00:00:43.569000,11615,154,3,100,False,0,car,2316.8666666666663,0.541750130554408,8051.780953867277,-8163.540490471473,22285.065192493894,car,0 days 01:42:53.074000
2024-10-27 20:50:26.385,0 days 01:42:53.234000,0 days 00:00:43.729000,12097,163,3,100,False,0,car,2324.1111111111104,0.5434440902371283,8065.405010677174,-8091.129318701195,22284.686832974265,car,0 days 01:42:53.234000
2024-10-27 20:50:26.705,0 days 01:42:53.554000,0 days 00:00:44.049000,10141,172,3,100,False,0,car,2339.399999999999,0.5470190726350165,8093.457834559488,-7943.558692784291,22283.998224663315,car,0 days 01:42:53.554000
2024-10-27 20:50:26.905,0 days 01:42:53.754000,0 days 00:00:44.249000,11269,184,4,100,False,0,car,2349.6222222222214,0.5494093224940697,8111.567591369607,-7843.769661375615,22283.477162963438,car,0 days 01:42:53.754000
2024-10-27 20:50:27.265,0 days 01:42:54.114000,0 days 00:00:44.609000,11929,194,4,100,False,0,car,2369.0222222222214,0.5539456010309249,8146.828538183975,-7641.697730421894,22280.60672473049,car,0 days 01:42:54.114000
2024-10-27 20:50:27.545,0 days 01:42:54.394000,0 days 00:00:44.889000,11370,201,4,100,False,0,car,2384.6555555555547,0.5576011244566726,8189.211183137811,-7410.090955840494,22279.770676668726,car,0 days 01:42:54.394000
2024-10-27 20:50:27.745,0 days 01:42:54.594000,0 days 00:00:45.089000,10925,210,5,100,False,0,car,2396.322222222221,0.5603291270132007,8209.162655169805,-7303.020448659371,22279.243408892,car,0 days 01:42:54.594000
2024-10-27 20:50:27.945,0 days 01:42:54.794000,0 days 00:00:45.289000,11214,215,5,100,False,0,car,2408.266666666666,0.563122082011551,8224.524949263954,-7223.538172144572,22278.744135637127,car,0 days 01:42:54.794000
2024-10-27 20:50:28.145,0 days 01:42:54.994000,0 days 00:00:45.489000,11466,221,5,100,False,0,car,2420.5444444444433,0.5659929799400877,8239.458112993138,-7149.6148118860365,22278.081592923627,car,0 days 01:42:54.994000
2024-10-27 20:50:28.385,0 days 01:42:55.234000,0 days 00:00:45.729000,11732,229,5,100,False,0,car,2435.81111111111,0.5695627661426301,8268.170272063795,-7007.547393426569,22276.459022789055,car,0 days 01:42:55.234000
2024-10-27 20:50:28.665,0 days 01:42:55.514000,0 days 00:00:46.009000,11852,230,5,100,False,0,car,2453.6999999999994,0.5737457033959733,8302.465832349648,-6828.4566197606355,22275.99561162939,car,0 days 01:42:55.514000
2024-10-27 20:50:28.865,0 days 01:42:55.714000,0 days 00:00:46.209000,12255,238,5,100,False,0,car,2466.922222222222,0.5768374396267053,8325.69841459738,-6698.733894551474,22275.21845994461,car,0 days 01:42:55.714000
2024-10-27 20:50:29.065,0 days 01:42:55.914000,0 days 00:00:46.409000,12402,238,5,0,True,0,car,2480.1444444444437,0.579929175857437,8349.426336211587,-6569.681410429477,22273.98503025401,car,0 days 01:42:55.914000
2024-10-27 20:50:29.505,0 days 01:42:56.354000,0 days 00:00:46.849000,9893,200,5,0,True,0,car,2504.588888888888,0.5856449907377816,8400.062742637954,-6208.551702709324,22273.97532885637,car,0 days 01:42:56.354000
2024-10-27 20:50:29.745,0 days 01:42:56.594000,0 days 00:00:47.089000,9261,188,5,0,True,0,car,2517.1222222222214,0.5885756449127947,8398.886774326622,-6071.989340941743,22273.388721364016,car,0 days 01:42:56.594000
2024-10-27 20:50:30.144,0 days 01:42:56.993000,0 days 00:00:47.488000,8513,172,5,0,True,0,car,2536.185555555555,0.5930332010901617,8383.640865133515,-5948.197021821012,22271.363621498862,car,0 days 01:42:56.993000
2024-10-27 20:50:30.384,0 days 01:42:57.233000,0 days 00:00:47.728000,8319,166,5,1,False,0,car,2547.2522222222215,0.595620906372354,8364.709512668953,-5865.956731854716,22270.934268541278,car,0 days 01:42:57.233000
2024-10-27 20:50:30.705,0 days 01:42:57.554000,0 days 00:00:48.049000,8254,162,5,43,False,0,car,2561.697222222221,0.5989985632519866,8266.854870972575,-5667.551657348,22270.97869690162,car,0 days 01:42:57.554000
2024-10-27 20:50:30.865,0 days 01:42:57.714000,0 days 00:00:48.209000,8069,162,5,55,False,0,car,2568.8972222222214,0.6006821305440155,8239.637970361659,-5626.422683436957,22270.6836105159,car,0 days 01:42:57.714000
2024-10-27 20:50:31.025,0 days 01:42:57.874000,0 days 00:00:48.369000,8413,162,5,64,False,0,car,2576.0972222222213,0.6023656978360442,8217.460287814916,-5606.416345161398,22270.9094968141,car,0 days 01:42:57.874000
2024-10-27 20:50:31.345,0 days 01:42:58.194000,0 days 00:00:48.689000,8654,164,5,83,False,0,car,2590.6749999999993,0.605774401982868,8097.517488444191,-5498.7535641672075,22273.52108740256,car,0 days 01:42:58.194000
2024-10-27 20:50:31.745,0 days 01:42:58.594000,0 days 00:00:49.089000,9088,174,5,97,False,0,car,2610.0083333333328,0.610295091933686,7939.530268340999,-5391.83939229447,22273.955134299686,car,0 days 01:42:58.594000
2024-10-27 20:50:31.905,0 days 01:42:58.754000,0 days 00:00:49.249000,9263,180,5,100,False,0,car,2618.0083333333328,0.6121657222581625,7880.67099941611,-5350.3852058260045,22274.168365168534,car,0 days 01:42:58.754000
2024-10-27 20:50:32.065,0 days 01:42:58.914000,0 days 00:00:49.409000,9663,184,5,100,False,0,car,2626.18611111111,0.6140779221454049,7768.116337778359,-5266.33833731665,22274.77384625002,car,0 days 01:42:58.914000
2024-10-27 20:50:32.305,0 days 01:42:59.154000,0 days 00:00:49.649000,9982,194,5,100,False,0,car,2639.1194444444436,0.6171021078366419,7649.75829939844,-5171.918138953144,22274.868287133268,car,0 days 01:42:59.154000
2024-10-27 20:50:32.625,0 days 01:42:59.474000,0 days 00:00:49.969000,10074,196,5,71,False,0,car,2656.541666666666,0.6211759249877239,7576.4934030661625,-5089.855901894093,22273.86989012845,car,0 days 01:42:59.474000
2024-10-27 20:50:32.945,0 days 01:42:59.794000,0 days 00:00:50.289000,10387,196,5,78,False,0,car,2673.9638888888885,0.6252497421388059,7466.242925586189,-4948.293730663791,22271.588694257014,car,0 days 01:42:59.794000
2024-10-27 20:50:33.105,0 days 01:42:59.954000,0 days 00:00:50.449000,10860,200,5,97,False,0,car,2682.852777777777,0.627328220277113,7417.686706240294,-4874.552066320892,22270.750554214574,car,0 days 01:42:59.954000
2024-10-27 20:50:33.465,0 days 01:43:00.314000,0 days 00:00:50.809000,10930,209,5,98,False,0,car,2703.7527777777773,0.6322152419998076,7313.195077729359,-4698.421131178771,22271.06639334968,car,0 days 01:43:00.314000
2024-10-27 20:50:33.865,0 days 01:43:00.714000,0 days 00:00:51.209000,11086,217,5,67,False,0,car,2727.8638888888886,0.6378531139499658,7153.366283728569,-4492.244142509253,22270.003638524653,car,0 days 01:43:00.714000
2024-10-27 20:50:34.025,0 days 01:43:00.874000,0 days 00:00:51.369000,11023,216,5,67,False,0,car,2737.4638888888885,0.6400978703393375,7091.358786836515,-4431.758903321879,22270.689186608666,car,0 days 01:43:00.874000
2024-10-27 20:50:34.265,0 days 01:43:01.114000,0 days 00:00:51.609000,11153,216,5,70,False,0,car,2751.8638888888886,0.6434650049233951,6989.998774062695,-4352.557079858013,22270.650154485942,car,0 days 01:43:01.114000
2024-10-27 20:50:34.425,0 days 01:43:01.274000,0 days 00:00:51.769000,11117,216,5,71,False,0,car,2761.4638888888885,0.6457097613127667,6909.323616870374,-4299.25526445916,22269.910720410542,car,0 days 01:43:01.274000
2024-10-27 20:50:34.665,0 days 01:43:01.514000,0 days 00:00:52.009000,11211,216,5,77,False,0,car,2775.8638888888886,0.6490768958968243,6781.6955280318425,-4235.2284601611045,22271.06747552294,car,0 days 01:43:01.514000
2024-10-27 20:50:34.825,0 days 01:43:01.674000,0 days 00:00:52.169000,11171,217,5,77,False,0,car,2785.5083333333328,0.6513320446768874,6690.729670371699,-4200.006750252472,22270.97959538679,car,0 days 01:43:01.674000
2024-10-27 20:50:35.065,0 days 01:43:01.914000,0 days 00:00:52.409000,11379,218,5,80,False,0,car,2800.041666666666,0.6547303564330196,6549.904005097269,-4160.580829213907,22270.994144922654,car,0 days 01:43:01.914000
2024-10-27 20:50:35.305,0 days 01:43:02.154000,0 days 00:00:52.649000,11457,221,5,89,False,0,car,2814.7749999999996,0.6581754339472637,6403.529851378513,-4137.83336238718,22271.000872220753,car,0 days 01:43:02.154000
2024-10-27 20:50:35.545,0 days 01:43:02.394000,0 days 00:00:52.889000,11688,224,5,100,False,0,car,2829.708333333333,0.6616672772196197,6251.214424908022,-4126.6172213752625,22271.043643636367,car,0 days 01:43:02.394000
2024-10-27 20:50:35.745,0 days 01:43:02.594000,0 days 00:00:53.089000,11573,228,5,29,False,0,car,2842.3749999999995,0.6646291085667073,6112.975416296942,-4125.024179386737,22270.649254144628,car,0 days 01:43:02.594000
2024-10-27 20:50:36.145,0 days 01:43:02.994000,0 days 00:00:53.489000,10407,208,5,0,True,0,car,2865.4861111111104,0.6700331517263058,5866.000343357198,-4117.838146948866,22269.98350390258,car,0 days 01:43:02.994000
2024-10-27 20:50:36.385,0 days 01:43:03.234000,0 days 00:00:53.729000,10990,187,4,0,True,0,car,2877.952777777777,0.6729482173152816,5758.967256115815,-4106.375181279772,22269.89503181028,car,0 days 01:43:03.234000
2024-10-27 20:50:36.704,0 days 01:43:03.553000,0 days 00:00:54.048000,9971,170,4,0,True,0,car,2893.016666666666,0.6764705882352939,5565.483574881357,-4060.2674051706213,22270.788377978,car,0 days 01:43:03.553000
2024-10-27 20:50:36.944,0 days 01:43:03.793000,0 days 00:00:54.288000,9510,166,4,0,True,0,car,2904.0833333333326,0.6790582935174864,5439.316606029537,-4008.6561412527517,22271.355256957155,car,0 days 01:43:03.793000
2024-10-27 20:50:37.105,0 days 01:43:03.954000,0 days 00:00:54.449000,9168,156,4,0,True,0,car,2911.0599999999995,0.6806896390462902,5393.456119848102,-3977.8324969616606,22271.076763267432,car,0 days 01:43:03.954000
2024-10-27 20:50:37.425,0 days 01:43:04.274000,0 days 00:00:54.769000,8830,148,4,0,True,0,car,2924.215555555555,0.6837657866909848,5325.83393180122,-3927.274182570685,22270.98201022667,car,0 days 01:43:04.274000
2024-10-27 20:50:37.665,0 days 01:43:04.514000,0 days 00:00:55.009000,8828,146,4,50,False,0,car,2933.9488888888886,0.6860417202524312,5243.552915336353,-3837.2905973361403,22271.008846966168,car,0 days 01:43:04.514000
2024-10-27 20:50:37.825,0 days 01:43:04.674000,0 days 00:00:55.169000,8828,144,4,50,False,0,car,2940.3488888888887,0.6875382245120123,5184.722376792493,-3762.678215548606,22270.992887471588,car,0 days 01:43:04.674000
2024-10-27 20:50:38.105,0 days 01:43:04.954000,0 days 00:00:55.449000,9329,148,4,75,False,0,car,2951.8599999999997,0.69022985370112,5122.339962266232,-3661.847441005642,22271.003077372676,car,0 days 01:43:04.954000
2024-10-27 20:50:38.425,0 days 01:43:05.274000,0 days 00:00:55.769000,9969,158,4,100,False,0,car,2965.904444444444,0.6935138491596452,5082.408050164938,-3586.5183366140936,22271.27338189195,car,0 days 01:43:05.274000
2024-10-27 20:50:38.585,0 days 01:43:05.434000,0 days 00:00:55.929000,10315,166,4,100,False,0,car,2973.2822222222217,0.6952389860144401,5056.1356899708135,-3529.0961622751083,22270.462640248366,car,0 days 01:43:05.434000
2024-10-27 20:50:39.025,0 days 01:43:05.874000,0 days 00:00:56.369000,11233,182,4,100,False,0,car,2995.526666666666,0.7004403775555538,4960.670283180189,-3292.919395802239,22270.006180318862,car,0 days 01:43:05.874000
2024-10-27 20:50:39.385,0 days 01:43:06.234000,0 days 00:00:56.729000,11810,192,4,100,False,0,car,3014.726666666666,0.7049298903342971,4895.739361157084,-3164.788433321068,22270.22688742501,car,0 days 01:43:06.234000
2024-10-27 20:50:39.585,0 days 01:43:06.434000,0 days 00:00:56.929000,10690,200,4,100,False,0,car,3025.8377777777773,0.7075279880071811,4838.697579709583,-3069.8210609996386,22270.969269219593,car,0 days 01:43:06.434000
2024-10-27 20:50:40.025,0 days 01:43:06.874000,0 days 00:00:57.369000,11060,210,5,100,False,0,car,3051.504444444444,0.7135295936315429,4688.093831341775,-2904.8899739175895,22270.99614431437,car,0 days 01:43:06.874000
2024-10-27 20:50:40.265,0 days 01:43:07.114000,0 days 00:00:57.609000,11239,215,5,100,False,0,car,3065.8377777777773,0.7168811396295631,4586.592386001143,-2826.1000111025032,22271.000704007845,car,0 days 01:43:07.114000
2024-10-27 20:50:40.465,0 days 01:43:07.314000,0 days 00:00:57.809000,11569,220,5,100,False,0,car,3078.0599999999995,0.7197390470697355,4454.847008514462,-2743.7794123635695,22270.999496154705,car,0 days 01:43:07.314000
2024-10-27 20:50:40.785,0 days 01:43:07.634000,0 days 00:00:58.129000,11830,230,5,100,False,0,car,3098.504444444444,0.7245195467878418,4232.4593330574535,-2622.9971651567726,22270.999930956437,car,0 days 01:43:07.634000
2024-10-27 20:50:40.985,0 days 01:43:07.834000,0 days 00:00:58.329000,11540,235,5,100,False,0,car,3111.5599999999995,0.7275723115534805,4122.807601506674,-2567.7556544233803,22270.99984900135,car,0 days 01:43:07.834000
2024-10-27 20:50:41.145,0 days 01:43:07.994000,0 days 00:00:58.489000,10746,236,6,100,False,0,car,3122.048888888888,0.7300249157566828,4048.1001639627425,-2531.547696972996,22271.00093529977,car,0 days 01:43:07.994000
2024-10-27 20:50:41.505,0 days 01:43:08.354000,0 days 00:00:58.849000,10989,244,6,100,False,0,car,3146.448888888888,0.7357303382463359,3875.1978911227934,-2454.4331006320854,22270.996574577697,car,0 days 01:43:08.354000
2024-10-27 20:50:41.785,0 days 01:43:08.634000,0 days 00:00:59.129000,11193,251,6,100,False,0,car,3165.9711111111105,0.740295195857593,3629.6810784092418,-2359.7673293162034,22271.047433159747,car,0 days 01:43:08.634000
2024-10-27 20:50:42.105,0 days 01:43:08.954000,0 days 00:00:59.449000,11521,257,6,100,False,0,car,3188.815555555555,0.7456368846730422,3432.361450466278,-2292.6227698203616,22270.44025524024,car,0 days 01:43:08.954000
2024-10-27 20:50:42.465,0 days 01:43:09.314000,0 days 00:00:59.809000,11764,261,6,100,False,0,car,3214.915555555555,0.7517398161066465,3232.1387123563127,-2235.339318836787,22269.993809552416,car,0 days 01:43:09.314000
2024-10-27 20:50:42.625,0 days 01:43:09.474000,0 days 00:00:59.969000,11064,265,6,100,False,0,car,3226.6933333333327,0.7544937996399035,3117.1567354575454,-2204.271418486787,22270.003316900766,car,0 days 01:43:09.474000
2024-10-27 20:50:42.945,0 days 01:43:09.794000,0 days 00:01:00.289000,10517,267,7,100,False,0,car,3250.4266666666663,0.7600433362691836,2887.0378167693316,-2150.3523380015204,22271.005250513583,car,0 days 01:43:09.794000
2024-10-27 20:50:43.344,0 days 01:43:10.193000,0 days 00:01:00.688000,10905,274,7,100,False,0,car,3280.7949999999996,0.7671443269238263,2576.1563838265074,-2089.8725561782035,22271.001476917707,car,0 days 01:43:10.193000
2024-10-27 20:50:43.745,0 days 01:43:10.594000,0 days 00:01:01.089000,11113,279,7,100,False,0,car,3311.8724999999995,0.7744111411624408,2229.225309803051,-2032.7969018274255,22270.998918893507,car,0 days 01:43:10.594000
2024-10-27 20:50:44.105,0 days 01:43:10.954000,0 days 00:01:01.449000,11288,284,7,100,False,0,car,3340.2724999999996,0.781051878814332,1979.4966752781736,-1998.3986940709117,22270.998444506036,car,0 days 01:43:10.954000
2024-10-27 20:50:44.385,0 days 01:43:11.234000,0 days 00:01:01.729000,11336,287,7,100,False,0,car,3362.594722222222,0.7862714570391559,1759.3254296522573,-1971.6868214207668,22271.05471865082,car,0 days 01:43:11.234000
2024-10-27 20:50:44.625,0 days 01:43:11.474000,0 days 00:01:01.969000,11448,289,7,100,False,0,car,3381.861388888889,0.7907765584039367,1571.2399887399038,-1950.2284744371823,22270.364544807006,car,0 days 01:43:11.474000
2024-10-27 20:50:44.985,0 days 01:43:11.834000,0 days 00:01:02.329000,11536,292,7,100,False,0,car,3411.061388888889,0.7976043590882755,1250.718486210599,-1914.9918894287075,22269.015032516974,car,0 days 01:43:11.834000
2024-10-27 20:50:45.265,0 days 01:43:12.114000,0 days 00:01:02.609000,11550,292,7,100,False,0,car,3433.7725,0.8029148707316504,1040.283502035582,-1891.3507620927915,22269.632828623202,car,0 days 01:43:12.114000
2024-10-27 20:50:45.465,0 days 01:43:12.314000,0 days 00:01:02.809000,11275,290,7,0,False,0,car,3449.883611111111,0.8066821123573319,897.3458396126186,-1876.138400541594,22270.03480867308,car,0 days 01:43:12.314000
2024-10-27 20:50:45.825,0 days 01:43:12.674000,0 days 00:01:03.169000,10449,273,7,0,True,0,car,3477.1836111111106,0.8130656383396077,558.0145788929476,-1838.5055513747006,22270.0035457463,car,0 days 01:43:12.674000
2024-10-27 20:50:46.265,0 days 01:43:13.114000,0 days 00:01:03.609000,9356,226,7,0,True,0,car,3504.8058333333333,0.8195245091543972,330.7181739691116,-1812.80023024317,22270.224153523333,car,0 days 01:43:13.114000
2024-10-27 20:50:46.545,0 days 01:43:13.394000,0 days 00:01:03.889000,10309,201,6,0,True,0,car,3520.4391666666666,0.8231800325801448,136.48212464573447,-1790.5437262436549,22271.04435288029,car,0 days 01:43:13.394000
2024-10-27 20:50:46.745,0 days 01:43:13.594000,0 days 00:01:04.089000,10643,183,5,0,True,0,car,3530.605833333333,0.8255572919508336,-56.41380047333806,-1764.7182083027496,22270.944685907467,car,0 days 01:43:13.594000
2024-10-27 20:50:46.985,0 days 01:43:13.834000,0 days 00:01:04.329000,10205,158,5,0,True,0,car,3541.1391666666664,0.8280202885447275,-147.24191825480827,-1744.7078803361248,22270.840206615645,car,0 days 01:43:13.834000
2024-10-27 20:50:47.305,0 days 01:43:14.154000,0 days 00:01:04.649000,10126,150,3,0,True,0,car,3554.4725,0.8311380057521882,-238.67158064955808,-1713.7983699090523,22272.80770469154,car,0 days 01:43:14.154000
2024-10-27 20:50:47.505,0 days 01:43:14.354000,0 days 00:01:04.849000,9656,138,3,0,True,0,car,3562.139166666667,0.8329306931464782,-294.8646554383438,-1689.9997811979435,22272.700361991436,car,0 days 01:43:14.354000
2024-10-27 20:50:47.705,0 days 01:43:14.554000,0 days 00:01:05.049000,9386,133,3,0,True,0,car,3569.528055555556,0.8346584280989461,-361.78602771743533,-1649.6534156450905,22270.973335262093,car,0 days 01:43:14.554000
2024-10-27 20:50:48.105,0 days 01:43:14.954000,0 days 00:01:05.449000,8768,124,3,0,True,0,car,3583.3058333333333,0.837880069213322,-485.24303129937937,-1540.959592437469,22267.370332601375,car,0 days 01:43:14.954000
2024-10-27 20:50:48.345,0 days 01:43:15.194000,0 days 00:01:05.689000,8623,120,3,0,False,0,car,3591.3058333333333,0.8397506995377985,-512.9163264763117,-1500.6302285801457,22265.47013275452,car,0 days 01:43:15.194000
2024-10-27 20:50:48.625,0 days 01:43:15.474000,0 days 00:01:05.969000,8458,117,3,18,False,0,car,3600.4058333333332,0.8418785415318903,-565.7803172581018,-1407.0811949013478,22264.464051012183,car,0 days 01:43:15.474000
2024-10-27 20:50:48.785,0 days 01:43:15.634000,0 days 00:01:06.129000,8862,119,3,61,False,0,car,3605.6947222222225,0.8431152360241831,-588.0497339932344,-1349.9957865067076,22263.9718380685,car,0 days 01:43:15.634000
2024-10-27 20:50:49.025,0 days 01:43:15.874000,0 days 00:01:06.369000,9141,123,3,71,False,0,car,3613.8947222222223,0.8450326321067715,-603.0015879450178,-1289.6662591565073,22264.866564366883,car,0 days 01:43:15.874000
2024-10-27 20:50:49.225,0 days 01:43:16.074000,0 days 00:01:06.569000,9967,125,3,83,False,0,car,3620.8391666666666,0.8466564431523239,-615.0139299572107,-1210.9022568700516,22265.43183955836,car,0 days 01:43:16.074000
2024-10-27 20:50:49.465,0 days 01:43:16.314000,0 days 00:01:06.809000,10262,136,3,85,False,0,car,3629.9058333333332,0.8487764908533971,-625.2586753199104,-1121.0026234542502,22266.78661121797,car,0 days 01:43:16.314000
2024-10-27 20:50:49.705,0 days 01:43:16.554000,0 days 00:01:07.049000,11204,147,3,92,False,0,car,3639.7058333333334,0.8510680130008808,-626.8697748258008,-1033.6344258747413,22267.921092606925,car,0 days 01:43:16.554000
2024-10-27 20:50:49.984,0 days 01:43:16.833000,0 days 00:01:07.328000,12147,160,3,100,False,0,car,3652.105833333333,0.8539674900038192,-622.0841242732726,-871.1463544306877,22265.95061860515,car,0 days 01:43:16.833000
2024-10-27 20:50:50.184,0 days 01:43:17.033000,0 days 00:01:07.528000,11727,168,3,100,False,0,car,3661.4391666666666,0.8561498920490417,-617.3154206633232,-811.2799132114326,22267.350497203104,car,0 days 01:43:17.033000
2024-10-27 20:50:50.545,0 days 01:43:17.394000,0 days 00:01:07.889000,10971,179,4,100,False,0,car,3679.3888888888882,0.8603470538871437,-606.298882689642,-650.6879880141988,22268.039977216227,car,0 days 01:43:17.394000
2024-10-27 20:50:50.745,0 days 01:43:17.594000,0 days 00:01:08.089000,10434,180,4,20,True,0,car,3689.3888888888882,0.8626853417927393,-601.3237315523071,-550.6454494199597,22268.914338452658,car,0 days 01:43:17.594000
2024-10-27 20:50:50.905,0 days 01:43:17.754000,0 days 00:01:08.249000,9665,160,4,0,True,0,car,3696.499999999999,0.8643481243033849,-598.5540307506622,-476.6984622609773,22269.798682241522,car,0 days 01:43:17.754000
2024-10-27 20:50:51.225,0 days 01:43:18.074000,0 days 00:01:08.569000,9919,143,4,0,True,0,car,3709.2111111111103,0.8673203480411641,-596.4030962143302,-339.02469951785304,22271.80425108359,car,0 days 01:43:18.074000
2024-10-27 20:50:51.465,0 days 01:43:18.314000,0 days 00:01:08.809000,10757,130,3,0,True,0,car,3717.877777777777,0.8693468642260135,-601.1062410407977,-251.628296765029,22273.000059288726,car,0 days 01:43:18.314000
2024-10-27 20:50:51.705,0 days 01:43:18.554000,0 days 00:01:09.049000,10117,113,2,0,True,0,car,3725.4111111111106,0.8711083744482289,-610.1937061028204,-178.20658444429253,22273.33880449455,car,0 days 01:43:18.554000
2024-10-27 20:50:52.025,0 days 01:43:18.874000,0 days 00:01:09.369000,8537,101,2,0,True,0,car,3734.3888888888882,0.8732076373679191,-639.2918464252317,-65.10344064523419,22270.98147134127,car,0 days 01:43:18.874000
2024-10-27 20:50:52.265,0 days 01:43:19.114000,0 days 00:01:09.609000,7712,94,2,0,True,0,car,3740.6555555555547,0.8746729644554255,-659.5416059678857,-19.347517997612204,22270.971801124662,car,0 days 01:43:19.114000
2024-10-27 20:50:52.545,0 days 01:43:19.394000,0 days 00:01:09.889000,7097,86,2,0,True,0,car,3747.3444444444435,0.8762370192545017,-695.2348377813728,20.899311559662827,22270.47204845334,car,0 days 01:43:19.394000
2024-10-27 20:50:52.825,0 days 01:43:19.674000,0 days 00:01:10.169000,6664,80,2,0,True,0,car,3753.5666666666657,0.8776919539513166,-746.4003627411432,58.591077853083924,22269.948017292372,car,0 days 01:43:19.674000
2024-10-27 20:50:52.985,0 days 01:43:19.834000,0 days 00:01:10.329000,6504,77,2,0,True,0,car,3756.9888888888877,0.8784921680345649,-776.7431579140841,72.3688255421913,22270.06553983723,car,0 days 01:43:19.834000
2024-10-27 20:50:53.145,0 days 01:43:19.994000,0 days 00:01:10.489000,6364,76,2,0,True,0,car,3760.366666666666,0.8792819897271217,-818.1409264633544,81.51458801113748,22269.576471374938,car,0 days 01:43:19.994000
2024-10-27 20:50:53.425,0 days 01:43:20.274000,0 days 00:01:10.769000,5976,72,2,0,True,0,car,3765.966666666666,0.8805914309542551,-878.293416213105,84.50188384290146,22268.63716681408,car,0 days 01:43:20.274000
2024-10-27 20:50:53.625,0 days 01:43:20.474000,0 days 00:01:10.969000,5841,71,2,0,False,0,car,3769.91111111111,0.8815137556281288,-904.9775021010244,77.98355010281831,22269.127850416284,car,0 days 01:43:20.474000
2024-10-27 20:50:53.785,0 days 01:43:20.634000,0 days 00:01:11.129000,5738,68,2,0,False,0,car,3772.9333333333325,0.8822204381951534,-935.0638575725974,67.67881549861444,22270.13277879286,car,0 days 01:43:20.634000
2024-10-27 20:50:54.025,0 days 01:43:20.874000,0 days 00:01:11.369000,5828,67,2,0,False,0,car,3777.399999999999,0.8832648734596527,-990.5180605286478,33.36285442373976,22270.940971540593,car,0 days 01:43:20.874000
2024-10-27 20:50:54.305,0 days 01:43:21.154000,0 days 00:01:11.649000,6058,65,2,23,False,0,car,3782.455555555555,0.8844470079008149,-1021.983261573916,11.26697308083558,22271.048764949574,car,0 days 01:43:21.154000
2024-10-27 20:50:54.545,0 days 01:43:21.394000,0 days 00:01:11.889000,6347,68,2,47,False,0,car,3786.988888888888,0.8855070317513515,-1049.2299584300129,-12.950066385953553,22270.98783641229,car,0 days 01:43:21.394000
2024-10-27 20:50:54.745,0 days 01:43:21.594000,0 days 00:01:12.089000,6843,72,2,54,False,0,car,3790.988888888888,0.8864423469135897,-1080.5263463089418,-39.463728075499986,22271.04180045683,car,0 days 01:43:21.594000
2024-10-27 20:50:55.105,0 days 01:43:21.954000,0 days 00:01:12.449000,7719,84,2,62,False,0,car,3799.3888888888882,0.88840650875429,-1143.0427034278835,-87.72475150544939,22271.699667285426,car,0 days 01:43:21.954000
2024-10-27 20:50:55.385,0 days 01:43:22.234000,0 days 00:01:12.729000,8345,92,2,61,False,0,car,3806.544444444444,0.8900796836556272,-1201.8920063443663,-123.0369859590367,22274.611470308646,car,0 days 01:43:22.234000
2024-10-27 20:50:55.705,0 days 01:43:22.554000,0 days 00:01:13.049000,7186,94,2,41,False,0,car,3814.8999999999996,0.892033453105636,-1281.8447925997302,-153.47820074769092,22271.053542506932,car,0 days 01:43:22.554000
2024-10-27 20:50:55.865,0 days 01:43:22.714000,0 days 00:01:13.209000,7355,96,3,41,False,0,car,3819.166666666666,0.8930311226120233,-1349.928986098893,-163.71496611308947,22271.048984750607,car,0 days 01:43:22.714000
2024-10-27 20:50:56.145,0 days 01:43:22.994000,0 days 00:01:13.489000,7258,98,3,48,False,0,car,3826.7888888888883,0.8948134176156217,-1415.2250039215028,-169.05171432792406,22270.96836529246,car,0 days 01:43:22.994000
2024-10-27 20:50:56.345,0 days 01:43:23.194000,0 days 00:01:13.689000,7612,101,3,64,False,0,car,3832.399999999999,0.896125456940428,-1451.0832103624987,-167.5741767249407,22271.03955511813,car,0 days 01:43:23.194000
2024-10-27 20:50:56.545,0 days 01:43:23.394000,0 days 00:01:13.889000,8081,107,3,69,False,0,car,3838.3444444444435,0.8975154391954209,-1513.2663714641938,-163.108110637548,22270.698690609082,car,0 days 01:43:23.394000
2024-10-27 20:50:56.985,0 days 01:43:23.834000,0 days 00:01:14.329000,9380,123,3,82,False,0,car,3853.377777777777,0.9010306653468328,-1635.685755342156,-140.2791396384211,22271.07200803055,car,0 days 01:43:23.834000
2024-10-27 20:50:57.385,0 days 01:43:24.234000,0 days 00:01:14.729000,10398,141,3,93,False,0,car,3869.044444444444,0.9046939830655992,-1779.5574048973485,-111.9636227395907,22270.77594868486,car,0 days 01:43:24.234000
2024-10-27 20:50:57.745,0 days 01:43:24.594000,0 days 00:01:15.089000,11108,149,3,85,False,0,car,3883.944444444444,0.9081780320449366,-1920.316447636474,-91.19033621583581,22269.27448875487,car,0 days 01:43:24.594000
2024-10-27 20:50:58.105,0 days 01:43:24.954000,0 days 00:01:15.449000,9606,134,3,0,True,0,car,3897.344444444444,0.9113113378384347,-2096.3565792660283,-67.52931140523786,22265.79559768042,car,0 days 01:43:24.954000
2024-10-27 20:50:58.305,0 days 01:43:25.154000,0 days 00:01:15.649000,9147,127,3,0,True,0,car,3904.3999999999996,0.9129611298607159,-2152.5777887376307,-58.63240596695088,22266.247010747633,car,0 days 01:43:25.154000
2024-10-27 20:50:58.545,0 days 01:43:25.394000,0 days 00:01:15.889000,8208,120,3,0,True,0,car,3912.3999999999996,0.9148317601851923,-2213.8806498966187,-43.35783064083288,22265.587478642727,car,0 days 01:43:25.394000
2024-10-27 20:50:58.785,0 days 01:43:25.634000,0 days 00:01:16.129000,7808,111,3,0,True,0,car,3919.7999999999997,0.916562093235333,-2282.2717555551044,-15.754394735369019,22263.889911408256,car,0 days 01:43:25.634000
2024-10-27 20:50:58.985,0 days 01:43:25.834000,0 days 00:01:16.329000,7483,107,3,0,True,0,car,3925.7444444444436,0.9179520754903259,-2328.8530318912135,15.130099080153986,22263.227982750584,car,0 days 01:43:25.834000
2024-10-27 20:50:59.145,0 days 01:43:25.994000,0 days 00:01:16.489000,7218,107,3,0,True,0,car,3930.4999999999995,0.9190640612943202,-2361.8008951512124,51.183214730936456,22262.93771694672,car,0 days 01:43:25.994000
2024-10-27 20:50:59.345,0 days 01:43:26.194000,0 days 00:01:16.689000,7075,102,3,0,True,0,car,3936.166666666666,0.920389091107491,-2396.524198584052,107.82719330248153,22263.09131625597,car,0 days 01:43:26.194000
2024-10-27 20:50:59.625,0 days 01:43:26.474000,0 days 00:01:16.969000,6850,98,3,0,True,0,car,3943.7888888888883,0.9221713861110894,-2420.3107616500574,179.52562387216685,22265.361447943622,car,0 days 01:43:26.474000
2024-10-27 20:50:59.825,0 days 01:43:26.674000,0 days 00:01:17.169000,6802,93,3,0,False,0,car,3948.955555555555,0.9233795015289803,-2428.4530085293245,243.42366897993094,22266.898107326946,car,0 days 01:43:26.674000
2024-10-27 20:51:00.025,0 days 01:43:26.874000,0 days 00:01:17.369000,7058,93,3,27,False,0,car,3954.1222222222214,0.9245876169468713,-2431.791276753933,312.51479772451535,22267.87795755457,car,0 days 01:43:26.874000
2024-10-27 20:51:00.225,0 days 01:43:27.074000,0 days 00:01:17.569000,7226,94,3,41,False,0,car,3959.3444444444435,0.9258087228531268,-2431.117138178097,354.4844634621097,22268.004370514154,car,0 days 01:43:27.074000
2024-10-27 20:51:00.465,0 days 01:43:27.314000,0 days 00:01:17.809000,7630,98,3,59,False,0,car,3965.877777777777,0.9273364042847825,-2424.8428453127785,391.9009655523581,22268.01420677844,car,0 days 01:43:27.314000
2024-10-27 20:51:00.625,0 days 01:43:27.474000,0 days 00:01:17.969000,7795,98,3,61,False,0,car,3970.233333333332,0.928354858572553,-2417.084245674913,434.9642757746416,22268.863190609896,car,0 days 01:43:27.474000
2024-10-27 20:51:00.785,0 days 01:43:27.634000,0 days 00:01:18.129000,7976,104,3,64,False,0,car,3974.855555555555,0.9294356672044728,-2406.415720036983,480.75592652190676,22269.155107299914,car,0 days 01:43:27.634000
2024-10-27 20:51:01.185,0 days 01:43:28.034000,0 days 00:01:18.529000,8974,118,3,75,False,0,car,3987.966666666666,0.9325014224584757,-2365.1808046140386,596.9388944524962,22268.8042826796,car,0 days 01:43:28.034000
2024-10-27 20:51:01.425,0 days 01:43:28.274000,0 days 00:01:18.769000,9498,124,3,80,False,0,car,3996.2333333333327,0.9344344071271014,-2330.6116964686407,669.7723229484602,22267.913636953796,car,0 days 01:43:28.274000
2024-10-27 20:51:01.665,0 days 01:43:28.514000,0 days 00:01:19.009000,10442,132,3,86,False,0,car,4005.0333333333324,0.9364921004840254,-2284.990630432725,743.2846469978252,22268.010646258834,car,0 days 01:43:28.514000
2024-10-27 20:51:01.985,0 days 01:43:28.834000,0 days 00:01:19.329000,11271,147,3,87,False,0,car,4018.099999999999,0.9395474633473369,-2208.8948729366352,842.498658952353,22267.421351284953,car,0 days 01:43:28.834000
2024-10-27 20:51:02.145,0 days 01:43:28.994000,0 days 00:01:19.489000,11271,151,3,87,False,0,car,4024.8111111111107,0.9411167143417589,-2164.660780659412,890.8445963520224,22265.986122256232,car,0 days 01:43:28.994000
2024-10-27 20:51:02.305,0 days 01:43:29.154000,0 days 00:01:19.649000,12010,161,3,100,False,0,car,4031.9666666666662,0.9427898892430961,-2106.454787105804,944.7641533516919,22266.90173208667,car,0 days 01:43:29.154000
2024-10-27 20:51:02.505,0 days 01:43:29.354000,0 days 00:01:19.849000,11723,167,3,100,False,0,car,4041.244444444444,0.9449593007999542,-2031.6764974863618,1006.1084621746062,22267.945544387312,car,0 days 01:43:29.354000
2024-10-27 20:51:02.705,0 days 01:43:29.554000,0 days 00:01:20.049000,10834,175,4,100,False,0,car,4050.9666666666662,0.9472326362637277,-1965.9406769713912,1051.376654942194,22266.15872052739,car,0 days 01:43:29.554000
2024-10-27 20:51:02.985,0 days 01:43:29.834000,0 days 00:01:20.329000,11445,183,4,100,False,0,car,4065.199999999999,0.9505607993826918,-1847.453133738859,1119.3271393330183,22265.93131585026,car,0 days 01:43:29.834000
2024-10-27 20:51:03.185,0 days 01:43:30.034000,0 days 00:01:20.529000,11921,194,4,100,False,0,car,4075.9777777777767,0.9530809541253892,-1748.9051289588413,1162.7607633399462,22264.97533382184,car,0 days 01:43:30.034000
2024-10-27 20:51:03.345,0 days 01:43:30.194000,0 days 00:01:20.689000,12058,194,4,100,False,0,car,4084.599999999999,0.9550970779195471,-1613.2589153886274,1207.2943031246582,22263.34336861797,car,0 days 01:43:30.194000
2024-10-27 20:51:03.585,0 days 01:43:30.434000,0 days 00:01:20.929000,10675,206,4,100,False,0,car,4098.333333333333,0.9583083266432317,-1495.993810244873,1241.1848581924528,22263.500787588666,car,0 days 01:43:30.434000
2024-10-27 20:51:03.865,0 days 01:43:30.714000,0 days 00:01:21.209000,10911,211,5,100,False,0,car,4114.7444444444445,0.9621457169060814,-1379.5307679823943,1260.3413373882931,22263.301236152725,car,0 days 01:43:30.714000
2024-10-27 20:51:04.185,0 days 01:43:31.034000,0 days 00:01:21.529000,11507,221,5,100,False,0,car,4134.388888888889,0.9667391535917401,-1184.0506207847538,1280.8086789545682,22264.591089037745,car,0 days 01:43:31.034000
2024-10-27 20:51:04.385,0 days 01:43:31.234000,0 days 00:01:21.729000,11683,225,5,100,False,0,car,4146.888888888889,0.9696620134737345,-1042.9559790028707,1285.906651779839,22265.704927969357,car,0 days 01:43:31.234000
2024-10-27 20:51:04.625,0 days 01:43:31.474000,0 days 00:01:21.969000,11816,230,5,100,False,0,car,4162.222222222222,0.9732473882623143,-864.2020134539057,1281.961550226706,22266.95842975058,car,0 days 01:43:31.474000
2024-10-27 20:51:04.865,0 days 01:43:31.714000,0 days 00:01:22.209000,11011,234,5,100,False,0,car,4177.822222222222,0.9768951173950433,-706.4396947104162,1272.1030143013325,22268.099873272004,car,0 days 01:43:31.714000
2024-10-27 20:51:05.145,0 days 01:43:31.994000,0 days 00:01:22.489000,10888,239,6,100,False,0,car,4196.4111111111115,0.9812417348017782,-572.2884839182688,1259.8140816392322,22269.003895246955,car,0 days 01:43:31.994000
2024-10-27 20:51:05.305,0 days 01:43:32.154000,0 days 00:01:22.649000,11127,245,6,100,False,0,car,4207.3,0.9837878705212044,-467.4154816858878,1247.770076181408,22269.01589474159,car,0 days 01:43:32.154000
