Date_x,SessionTime_x,Time,RPM_x,Speed_x,nGear_x,Throttle_x,Brake_x,DRS_x,Source_x,Distance,RelativeDistance,X,Y,Z,Source_y,SessionTime_y
2024-04-21 07:20:34.961,0 days 01:12:16.288000,0 days 00:00:00.186000,10563,262,6,100,False,0,car,13.566666666666663,0.0025092696293961877,87,-1487,139,car,0 days 01:12:16.288000
2024-04-21 07:20:35.201,0 days 01:12:16.528000,0 days 00:00:00.426000,10654,266,7,100,False,0,car,31.299999999999994,0.005789199464380886,-76,-1529,140,car,0 days 01:12:16.528000
2024-04-21 07:20:35.481,0 days 01:12:16.808000,0 days 00:00:00.706000,10732,269,7,100,False,0,car,52.222222222222214,0.00965894124337599,-274,-1579,138,car,0 days 01:12:16.808000
2024-04-21 07:20:35.641,0 days 01:12:16.968000,0 days 00:00:00.866000,10778,271,7,100,False,0,car,64.26666666666667,0.011886663010997178,-396,-1608,139,car,0 days 01:12:16.968000
2024-04-21 07:20:36.001,0 days 01:12:17.328000,0 days 00:00:01.226000,10873,275,7,100,False,0,car,91.76666666666667,0.016973020367881345,-633,-1665,140,car,0 days 01:12:17.328000
2024-04-21 07:20:36.161,0 days 01:12:17.488000,0 days 00:00:01.386000,10969,276,7,100,False,0,car,104.03333333333333,0.01924184401313392,-748,-1693,139,car,0 days 01:12:17.488000
2024-04-21 07:20:36.481,0 days 01:12:17.808000,0 days 00:00:01.706000,11066,277,7,100,False,0,car,128.65555555555557,0.02379593205469162,-979,-1749,140,car,0 days 01:12:17.808000
2024-04-21 07:20:36.721,0 days 01:12:18.048000,0 days 00:00:01.946000,11147,281,7,100,False,0,car,147.3888888888889,0.027260820339017566,-1155,-1793,140,car,0 days 01:12:18.048000
2024-04-21 07:20:36.961,0 days 01:12:18.288000,0 days 00:00:02.186000,11213,283,7,100,False,0,car,166.2555555555556,0.03075036974992234,-1328,-1836,139,car,0 days 01:12:18.288000
2024-04-21 07:20:37.161,0 days 01:12:18.488000,0 days 00:00:02.386000,11288,285,7,100,False,0,car,182.08888888888893,0.03367887853115868,-1505,-1880,138,car,0 days 01:12:18.488000
2024-04-21 07:20:37.361,0 days 01:12:18.688000,0 days 00:00:02.586000,11344,286,7,100,False,0,car,197.9777777777778,0.03661766278180286,-1680,-1923,139,car,0 days 01:12:18.688000
2024-04-21 07:20:37.681,0 days 01:12:19.008000,0 days 00:00:02.906000,11407,288,7,100,False,0,car,223.5777777777778,0.041352599084938664,-1903,-1979,138,car,0 days 01:12:19.008000
2024-04-21 07:20:37.841,0 days 01:12:19.168000,0 days 00:00:03.066000,11407,289,7,100,False,0,car,236.42222222222222,0.04372828761203284,-2022,-2008,139,car,0 days 01:12:19.168000
2024-04-21 07:20:38.241,0 days 01:12:19.568000,0 days 00:00:03.466000,11515,291,7,100,False,0,car,268.7555555555556,0.04970861080739968,-2315,-2081,140,car,0 days 01:12:19.568000
2024-04-21 07:20:38.641,0 days 01:12:19.968000,0 days 00:00:03.866000,11578,292,7,100,False,0,car,301.20000000000005,0.05570948494158222,-2641,-2161,140,car,0 days 01:12:19.968000
2024-04-21 07:20:38.921,0 days 01:12:20.248000,0 days 00:00:04.146000,11635,294,7,100,False,0,car,324.0666666666667,0.059938868149851963,-2944,-2235,139,car,0 days 01:12:20.248000
2024-04-21 07:20:39.121,0 days 01:12:20.448000,0 days 00:00:04.346000,11608,294,7,100,False,0,car,340.4000000000001,0.06295985615575893,-3115,-2276,140,car,0 days 01:12:20.448000
2024-04-21 07:20:39.321,0 days 01:12:20.648000,0 days 00:00:04.546000,11696,296,7,100,False,0,car,356.84444444444455,0.06600139510048159,-3264,-2312,140,car,0 days 01:12:20.648000
2024-04-21 07:20:39.521,0 days 01:12:20.848000,0 days 00:00:04.746000,11775,297,7,100,False,0,car,373.34444444444455,0.06905320951461208,-3455,-2359,140,car,0 days 01:12:20.848000
2024-04-21 07:20:39.961,0 days 01:12:21.288000,0 days 00:00:05.186000,11767,297,7,100,False,0,car,409.6444444444445,0.07576720122569917,-3755,-2432,140,car,0 days 01:12:21.288000
2024-04-21 07:20:40.241,0 days 01:12:21.568000,0 days 00:00:05.466000,11414,298,7,38,True,0,car,432.8222222222223,0.08005412706265286,-3992,-2489,138,car,0 days 01:12:21.568000
2024-04-21 07:20:40.441,0 days 01:12:21.768000,0 days 00:00:05.666000,11443,295,7,0,True,0,car,449.2111111111112,0.08308539053796768,-4258,-2536,138,car,0 days 01:12:21.768000
2024-04-21 07:20:40.721,0 days 01:12:22.048000,0 days 00:00:05.946000,10883,285,7,0,True,0,car,471.37777777777785,0.08718530283169854,-4438,-2561,141,car,0 days 01:12:22.048000
2024-04-21 07:20:40.921,0 days 01:12:22.248000,0 days 00:00:06.146000,10520,276,7,0,True,0,car,486.7111111111112,0.09002133238826426,-4515,-2559,143,car,0 days 01:12:22.248000
2024-04-21 07:20:41.201,0 days 01:12:22.528000,0 days 00:00:06.426000,9900,257,7,0,True,0,car,506.7000000000001,0.09371844628120754,-4721,-2549,146,car,0 days 01:12:22.528000
2024-04-21 07:20:41.361,0 days 01:12:22.688000,0 days 00:00:06.586000,9694,257,7,0,True,0,car,518.1222222222224,0.09583108279146085,-4831,-2530,149,car,0 days 01:12:22.688000
2024-04-21 07:20:41.841,0 days 01:12:23.168000,0 days 00:00:07.066000,9994,226,6,0,True,0,car,548.2555555555557,0.10140449739827695,-5115,-2425,160,car,0 days 01:12:23.168000
2024-04-21 07:20:42.201,0 days 01:12:23.528000,0 days 00:00:07.426000,10303,209,6,0,True,0,car,569.1555555555557,0.10527012898950892,-5299,-2302,166,car,0 days 01:12:23.528000
2024-04-21 07:20:42.361,0 days 01:12:23.688000,0 days 00:00:07.586000,10202,205,5,0,True,0,car,578.2666666666668,0.10695530597239579,-5401,-2205,171,car,0 days 01:12:23.688000
2024-04-21 07:20:42.521,0 days 01:12:23.848000,0 days 00:00:07.746000,9871,199,5,0,True,0,car,587.1111111111112,0.108591160702125,-5480,-2099,175,car,0 days 01:12:23.848000
2024-04-21 07:20:42.721,0 days 01:12:24.048000,0 days 00:00:07.946000,9586,193,5,0,True,0,car,597.8333333333334,0.11057432629783942,-5537,-2007,179,car,0 days 01:12:24.048000
2024-04-21 07:20:42.921,0 days 01:12:24.248000,0 days 00:00:08.146000,9232,186,5,0,True,0,car,608.1666666666667,0.11248556360769893,-5558,-1959,181,car,0 days 01:12:24.248000
2024-04-21 07:20:43.201,0 days 01:12:24.528000,0 days 00:00:08.426000,9765,178,5,0,True,0,car,622.0111111111112,0.11504621058413435,-5604,-1824,185,car,0 days 01:12:24.528000
2024-04-21 07:20:43.481,0 days 01:12:24.808000,0 days 00:00:08.706000,9870,169,4,0,True,0,car,635.1555555555556,0.1174773866460309,-5627,-1678,189,car,0 days 01:12:24.808000
2024-04-21 07:20:43.681,0 days 01:12:25.008000,0 days 00:00:08.906000,9702,165,4,4,False,0,car,644.3222222222223,0.11917283909832563,-5630,-1600,191,car,0 days 01:12:25.008000
2024-04-21 07:20:43.921,0 days 01:12:25.248000,0 days 00:00:09.146000,9490,160,4,10,False,0,car,654.9888888888889,0.12114572922463221,-5621,-1512,194,car,0 days 01:12:25.248000
2024-04-21 07:20:44.121,0 days 01:12:25.448000,0 days 00:00:09.346000,9015,158,4,0,False,0,car,663.7666666666667,0.12276925339107199,-5605,-1431,197,car,0 days 01:12:25.448000
2024-04-21 07:20:44.441,0 days 01:12:25.768000,0 days 00:00:09.666000,8742,151,4,0,True,0,car,677.1888888888889,0.12525180680000778,-5557,-1299,201,car,0 days 01:12:25.768000
2024-04-21 07:20:44.921,0 days 01:12:26.248000,0 days 00:00:10.146000,9512,137,3,0,True,0,car,695.4555555555555,0.12863038114130781,-5446,-1136,207,car,0 days 01:12:26.248000
2024-04-21 07:20:45.081,0 days 01:12:26.408000,0 days 00:00:10.306000,9182,132,3,0,True,0,car,701.3222222222221,0.1297154707107764,-5414,-1102,208,car,0 days 01:12:26.408000
2024-04-21 07:20:45.241,0 days 01:12:26.568000,0 days 00:00:10.466000,8929,129,3,0,True,0,car,707.0555555555554,0.1307758991536662,-5378,-1074,208,car,0 days 01:12:26.568000
2024-04-21 07:20:45.521,0 days 01:12:26.848000,0 days 00:00:10.746000,8316,121,3,0,True,0,car,716.4666666666666,0.13251656367135545,-5269,-1012,210,car,0 days 01:12:26.848000
2024-04-21 07:20:45.681,0 days 01:12:27.008000,0 days 00:00:10.906000,7978,116,3,0,True,0,car,721.6222222222221,0.13347012723240365,-5227,-995,210,car,0 days 01:12:27.008000
2024-04-21 07:20:46.161,0 days 01:12:27.488000,0 days 00:00:11.386000,7492,104,3,0,False,0,car,735.4888888888888,0.1360348843966022,-5107,-979,210,car,0 days 01:12:27.488000
2024-04-21 07:20:46.481,0 days 01:12:27.808000,0 days 00:00:11.706000,6935,98,3,1,False,0,car,744.1999999999999,0.1376460779997526,-5021,-987,209,car,0 days 01:12:27.808000
2024-04-21 07:20:46.681,0 days 01:12:28.008000,0 days 00:00:11.906000,6668,95,3,0,False,0,car,749.4777777777778,0.13862224759349803,-4971,-1001,208,car,0 days 01:12:28.008000
2024-04-21 07:20:46.961,0 days 01:12:28.288000,0 days 00:00:12.186000,6323,92,3,0,False,0,car,756.6333333333333,0.1399457280532287,-4911,-1028,206,car,0 days 01:12:28.288000
2024-04-21 07:20:47.281,0 days 01:12:28.608000,0 days 00:00:12.506000,5992,86,3,0,False,0,car,764.2777777777778,0.14135963264374843,-4838,-1086,203,car,0 days 01:12:28.608000
2024-04-21 07:20:47.441,0 days 01:12:28.768000,0 days 00:00:12.666000,5909,84,3,0,False,0,car,768.0111111111112,0.14205014418795575,-4807,-1120,201,car,0 days 01:12:28.768000
2024-04-21 07:20:47.601,0 days 01:12:28.928000,0 days 00:00:12.826000,5632,83,3,0,False,0,car,771.7,0.14273243535663677,-4790,-1145,200,car,0 days 01:12:28.928000
2024-04-21 07:20:47.961,0 days 01:12:29.288000,0 days 00:00:13.186000,5677,79,3,1,False,0,car,779.6,0.1441936071064326,-4764,-1199,197,car,0 days 01:12:29.288000
2024-04-21 07:20:48.361,0 days 01:12:29.688000,0 days 00:00:13.586000,5992,80,3,20,False,0,car,788.4888888888889,0.14583768221168808,-4741,-1275,193,car,0 days 01:12:29.688000
2024-04-21 07:20:48.601,0 days 01:12:29.928000,0 days 00:00:13.826000,6247,84,3,28,False,0,car,794.088888888889,0.14687344952799902,-4735,-1325,191,car,0 days 01:12:29.928000
2024-04-21 07:20:48.961,0 days 01:12:30.288000,0 days 00:00:14.186000,6772,89,3,34,False,0,car,802.9888888888889,0.1485195797271361,-4739,-1424,183,car,0 days 01:12:30.288000
2024-04-21 07:20:49.161,0 days 01:12:30.488000,0 days 00:00:14.386000,7035,92,3,38,False,0,car,808.1,0.14946492291265798,-4743,-1456,181,car,0 days 01:12:30.488000
2024-04-21 07:20:49.601,0 days 01:12:30.928000,0 days 00:00:14.826000,7935,104,3,54,False,0,car,820.8111111111111,0.15181595031317333,-4772,-1595,170,car,0 days 01:12:30.928000
2024-04-21 07:20:49.761,0 days 01:12:31.088000,0 days 00:00:14.986000,7515,104,3,0,False,0,car,825.4333333333334,0.1526708693679062,-4776,-1629,167,car,0 days 01:12:31.088000
2024-04-21 07:20:50.241,0 days 01:12:31.568000,0 days 00:00:15.466000,7092,102,3,0,True,0,car,839.0333333333333,0.15518630427894708,-4771,-1734,161,car,0 days 01:12:31.568000
2024-04-21 07:20:50.441,0 days 01:12:31.768000,0 days 00:00:15.666000,6840,98,3,0,False,0,car,844.4777777777778,0.15619330028091608,-4760,-1784,157,car,0 days 01:12:31.768000
2024-04-21 07:20:50.761,0 days 01:12:32.088000,0 days 00:00:15.986000,6624,94,3,0,True,0,car,852.8333333333334,0.15773873087985624,-4731,-1860,151,car,0 days 01:12:32.088000
2024-04-21 07:20:50.961,0 days 01:12:32.288000,0 days 00:00:16.186000,6635,91,3,0,False,0,car,857.8888888888889,0.15867379859597028,-4703,-1901,148,car,0 days 01:12:32.288000
2024-04-21 07:20:51.121,0 days 01:12:32.448000,0 days 00:00:16.346000,6287,90,3,0,False,0,car,861.8888888888889,0.15941363239333525,-4676,-1929,147,car,0 days 01:12:32.448000
2024-04-21 07:20:51.361,0 days 01:12:32.688000,0 days 00:00:16.586000,6188,88,3,0,False,0,car,867.7555555555556,0.16049872196280388,-4632,-1963,145,car,0 days 01:12:32.688000
2024-04-21 07:20:51.641,0 days 01:12:32.968000,0 days 00:00:16.866000,5829,82,3,0,False,0,car,874.1333333333334,0.16167834585082472,-4549,-1996,143,car,0 days 01:12:32.968000
2024-04-21 07:20:51.841,0 days 01:12:33.168000,0 days 00:00:17.066000,5644,80,3,0,False,0,car,878.5777777777779,0.16250038340345246,-4511,-2005,142,car,0 days 01:12:33.168000
2024-04-21 07:20:52.081,0 days 01:12:33.408000,0 days 00:00:17.306000,5499,77,3,0,False,0,car,883.7111111111112,0.1634498367767375,-4481,-2004,142,car,0 days 01:12:33.408000
2024-04-21 07:20:52.241,0 days 01:12:33.568000,0 days 00:00:17.466000,5427,76,3,1,False,0,car,887.088888888889,0.16407458531673458,-4445,-2002,142,car,0 days 01:12:33.568000
2024-04-21 07:20:52.481,0 days 01:12:33.808000,0 days 00:00:17.706000,5829,76,3,23,False,0,car,892.1555555555556,0.1650117081267302,-4396,-1991,140,car,0 days 01:12:33.808000
2024-04-21 07:20:52.721,0 days 01:12:34.048000,0 days 00:00:17.946000,5995,76,3,30,False,0,car,897.2222222222223,0.16594883093672583,-4347,-1972,141,car,0 days 01:12:34.048000
2024-04-21 07:20:53.161,0 days 01:12:34.488000,0 days 00:00:18.386000,6517,83,3,40,False,0,car,907.3666666666667,0.16782513165059865,-4267,-1921,141,car,0 days 01:12:34.488000
2024-04-21 07:20:53.321,0 days 01:12:34.648000,0 days 00:00:18.546000,6909,89,3,42,False,0,car,911.3222222222222,0.16855674507243734,-4243,-1901,141,car,0 days 01:12:34.648000
2024-04-21 07:20:53.721,0 days 01:12:35.048000,0 days 00:00:18.946000,7590,98,3,47,False,0,car,922.2111111111111,0.1705707370763753,-4156,-1796,142,car,0 days 01:12:35.048000
2024-04-21 07:20:53.961,0 days 01:12:35.288000,0 days 00:00:19.186000,7848,103,3,55,False,0,car,929.0777777777778,0.17184078509518516,-4124,-1737,142,car,0 days 01:12:35.288000
2024-04-21 07:20:54.162,0 days 01:12:35.489000,0 days 00:00:19.387000,8360,109,3,61,False,0,car,935.1636111111111,0.17296641139146773,-4096,-1672,141,car,0 days 01:12:35.489000
2024-04-21 07:20:54.321,0 days 01:12:35.648000,0 days 00:00:19.546000,8816,115,3,62,False,0,car,940.2427777777777,0.17390584618208013,-4080,-1629,140,car,0 days 01:12:35.648000
2024-04-21 07:20:54.481,0 days 01:12:35.808000,0 days 00:00:19.706000,9248,121,3,68,False,0,car,945.6205555555555,0.1749005116207597,-4070,-1593,140,car,0 days 01:12:35.808000
2024-04-21 07:20:54.721,0 days 01:12:36.048000,0 days 00:00:19.946000,9883,127,3,76,False,0,car,954.0872222222222,0.17646649315851556,-4055,-1517,142,car,0 days 01:12:36.048000
2024-04-21 07:20:54.881,0 days 01:12:36.208000,0 days 00:00:20.106000,10293,134,3,83,False,0,car,960.0427777777777,0.17756802347903672,-4048,-1464,141,car,0 days 01:12:36.208000
2024-04-21 07:20:55.121,0 days 01:12:36.448000,0 days 00:00:20.346000,10856,142,3,87,False,0,car,969.5094444444443,0.1793189634661338,-4046,-1350,140,car,0 days 01:12:36.448000
2024-04-21 07:20:55.481,0 days 01:12:36.808000,0 days 00:00:20.706000,11390,159,3,100,False,0,car,985.4094444444443,0.18225980281065957,-4050,-1230,141,car,0 days 01:12:36.808000
2024-04-21 07:20:55.641,0 days 01:12:36.968000,0 days 00:00:20.866000,11390,163,3,100,False,0,car,992.6538888888887,0.18359972402144278,-4063,-1169,141,car,0 days 01:12:36.968000
2024-04-21 07:20:55.801,0 days 01:12:37.128000,0 days 00:00:21.026000,10623,166,4,100,False,0,car,1000.0316666666664,0.18496430635880481,-4098,-1047,140,car,0 days 01:12:37.128000
2024-04-21 07:20:56.201,0 days 01:12:37.528000,0 days 00:00:21.426000,11348,184,4,100,False,0,car,1020.4761111111108,0.18874567910089243,-4152,-900,141,car,0 days 01:12:37.528000
2024-04-21 07:20:56.361,0 days 01:12:37.688000,0 days 00:00:21.586000,11525,187,4,100,False,0,car,1028.7872222222218,0.1902828893243063,-4182,-845,140,car,0 days 01:12:37.688000
2024-04-21 07:20:56.681,0 days 01:12:38.008000,0 days 00:00:21.906000,11822,198,4,100,False,0,car,1046.3872222222217,0.19353815803271213,-4265,-702,140,car,0 days 01:12:38.008000
2024-04-21 07:20:56.921,0 days 01:12:38.248000,0 days 00:00:22.146000,10598,204,4,100,False,0,car,1059.9872222222218,0.19605359294375307,-4341,-598,139,car,0 days 01:12:38.248000
2024-04-21 07:20:57.201,0 days 01:12:38.528000,0 days 00:00:22.426000,11002,212,5,100,False,0,car,1076.4761111111106,0.19910335226400197,-4446,-470,140,car,0 days 01:12:38.528000
2024-04-21 07:20:57.521,0 days 01:12:38.848000,0 days 00:00:22.746000,11175,217,5,100,False,0,car,1095.7649999999996,0.20267099524240642,-4560,-339,140,car,0 days 01:12:38.848000
2024-04-21 07:20:57.881,0 days 01:12:39.208000,0 days 00:00:23.106000,11596,226,5,100,False,0,car,1118.3649999999998,0.2068510561975185,-4702,-181,140,car,0 days 01:12:39.208000
2024-04-21 07:20:58.401,0 days 01:12:39.728000,0 days 00:00:23.626000,10733,237,6,100,False,0,car,1152.5983333333331,0.2131828004466337,-4952,89,140,car,0 days 01:12:39.728000
2024-04-21 07:20:58.721,0 days 01:12:40.048000,0 days 00:00:23.946000,10944,243,6,100,False,0,car,1174.198333333333,0.21717790295240452,-5062,207,141,car,0 days 01:12:40.048000
2024-04-21 07:20:58.921,0 days 01:12:40.248000,0 days 00:00:24.146000,11080,246,6,100,False,0,car,1187.8649999999996,0.2197056684267348,-5167,320,142,car,0 days 01:12:40.248000
2024-04-21 07:20:59.121,0 days 01:12:40.448000,0 days 00:00:24.346000,11090,249,6,100,False,0,car,1201.6983333333328,0.22226426030928867,-5264,423,143,car,0 days 01:12:40.448000
2024-04-21 07:20:59.281,0 days 01:12:40.608000,0 days 00:00:24.506000,11298,252,6,100,False,0,car,1212.8983333333329,0.22433579494191058,-5323,488,144,car,0 days 01:12:40.608000
2024-04-21 07:20:59.441,0 days 01:12:40.768000,0 days 00:00:24.666000,11298,253,6,100,False,0,car,1224.1427777777774,0.22641554995005878,-5393,564,146,car,0 days 01:12:40.768000
2024-04-21 07:20:59.801,0 days 01:12:41.128000,0 days 00:00:25.026000,11497,257,6,100,False,0,car,1249.8427777777774,0.23116898209812872,-5555,750,150,car,0 days 01:12:41.128000
2024-04-21 07:21:00.241,0 days 01:12:41.568000,0 days 00:00:25.466000,11668,261,6,100,False,0,car,1281.7427777777775,0.23706915663211436,-5809,1076,157,car,0 days 01:12:41.568000
2024-04-21 07:21:00.641,0 days 01:12:41.968000,0 days 00:00:25.866000,10610,265,7,100,False,0,car,1311.1872222222219,0.24251515541827315,-5902,1219,159,car,0 days 01:12:41.968000
2024-04-21 07:21:00.842,0 days 01:12:42.169000,0 days 00:00:26.067000,10676,267,7,100,False,0,car,1326.094722222222,0.24527242350182774,-5985,1358,160,car,0 days 01:12:42.169000
2024-04-21 07:21:01.201,0 days 01:12:42.528000,0 days 00:00:26.426000,10606,269,7,100,False,0,car,1352.9199999999996,0.2502339852827536,-6158,1694,161,car,0 days 01:12:42.528000
2024-04-21 07:21:01.441,0 days 01:12:42.768000,0 days 00:00:26.666000,10745,269,7,100,False,0,car,1370.853333333333,0.25355090680760656,-6232,1858,162,car,0 days 01:12:42.768000
2024-04-21 07:21:01.601,0 days 01:12:42.928000,0 days 00:00:26.826000,10777,270,7,100,False,0,car,1382.853333333333,0.2557704081997015,-6274,1957,161,car,0 days 01:12:42.928000
2024-04-21 07:21:01.961,0 days 01:12:43.288000,0 days 00:00:27.186000,10791,271,7,100,False,0,car,1409.953333333333,0.26078278217684914,-6375,2213,159,car,0 days 01:12:43.288000
2024-04-21 07:21:02.121,0 days 01:12:43.448000,0 days 00:00:27.346000,10735,271,7,100,False,0,car,1421.9977777777774,0.2630105039444703,-6419,2332,157,car,0 days 01:12:43.448000
2024-04-21 07:21:02.401,0 days 01:12:43.728000,0 days 00:00:27.626000,10221,264,7,0,True,0,car,1442.531111111111,0.2668083174376105,-6478,2496,157,car,0 days 01:12:43.728000
2024-04-21 07:21:02.681,0 days 01:12:44.008000,0 days 00:00:27.906000,9459,236,7,0,True,0,car,1460.8866666666663,0.2702033325299631,-6548,2692,155,car,0 days 01:12:44.008000
2024-04-21 07:21:02.881,0 days 01:12:44.208000,0 days 00:00:28.106000,8766,212,7,0,True,0,car,1472.6644444444444,0.2723817320444266,-6608,2861,153,car,0 days 01:12:44.208000
2024-04-21 07:21:03.081,0 days 01:12:44.408000,0 days 00:00:28.306000,8766,203,6,0,True,0,car,1483.9422222222222,0.27446765233421955,-6649,2976,151,car,0 days 01:12:44.408000
2024-04-21 07:21:03.441,0 days 01:12:44.768000,0 days 00:00:28.666000,9524,173,6,0,True,0,car,1501.2422222222222,0.277667433507823,-6688,3089,151,car,0 days 01:12:44.768000
2024-04-21 07:21:03.641,0 days 01:12:44.968000,0 days 00:00:28.866000,8964,148,4,0,True,0,car,1509.4644444444443,0.2791882029801844,-6707,3145,150,car,0 days 01:12:44.968000
2024-04-21 07:21:03.921,0 days 01:12:45.248000,0 days 00:00:29.146000,9011,129,4,0,True,0,car,1519.4977777777776,0.28104395275524147,-6735,3245,149,car,0 days 01:12:45.248000
2024-04-21 07:21:04.121,0 days 01:12:45.448000,0 days 00:00:29.346000,8258,124,3,0,True,0,car,1526.3866666666665,0.2823181109618145,-6746,3310,148,car,0 days 01:12:45.448000
2024-04-21 07:21:04.481,0 days 01:12:45.808000,0 days 00:00:29.706000,7365,101,3,0,True,0,car,1536.4866666666665,0.28418619130016104,-6735,3440,148,car,0 days 01:12:45.808000
2024-04-21 07:21:04.761,0 days 01:12:46.088000,0 days 00:00:29.986000,6374,94,3,0,True,0,car,1543.7977777777776,0.28553844307423365,-6701,3517,146,car,0 days 01:12:46.088000
2024-04-21 07:21:04.921,0 days 01:12:46.248000,0 days 00:00:30.146000,6233,88,3,0,True,0,car,1547.7088888888886,0.28626183612054606,-6682,3547,145,car,0 days 01:12:46.248000
2024-04-21 07:21:05.161,0 days 01:12:46.488000,0 days 00:00:30.386000,5776,83,3,0,True,0,car,1553.242222222222,0.2872852728735676,-6664,3574,146,car,0 days 01:12:46.488000
2024-04-21 07:21:05.321,0 days 01:12:46.648000,0 days 00:00:30.546000,5471,80,3,0,True,0,car,1556.7977777777776,0.2879429029156698,-6639,3591,146,car,0 days 01:12:46.648000
2024-04-21 07:21:05.521,0 days 01:12:46.848000,0 days 00:00:30.746000,5318,77,3,0,False,0,car,1561.0755555555554,0.28873411406007404,-6577,3621,145,car,0 days 01:12:46.848000
2024-04-21 07:21:05.761,0 days 01:12:47.088000,0 days 00:00:30.986000,5318,75,3,0,False,0,car,1566.0755555555554,0.28965890630678026,-6540,3634,144,car,0 days 01:12:47.088000
2024-04-21 07:21:06.161,0 days 01:12:47.488000,0 days 00:00:31.386000,5714,72,3,18,False,0,car,1574.0755555555554,0.29113857390151016,-6474,3642,144,car,0 days 01:12:47.488000
2024-04-21 07:21:06.561,0 days 01:12:47.888000,0 days 00:00:31.786000,5918,74,3,26,False,0,car,1582.2977777777776,0.2926593433738715,-6378,3628,143,car,0 days 01:12:47.888000
2024-04-21 07:21:06.921,0 days 01:12:48.248000,0 days 00:00:32.146000,6082,79,3,37,False,0,car,1590.1977777777777,0.2941205151236673,-6322,3610,143,car,0 days 01:12:48.248000
2024-04-21 07:21:07.081,0 days 01:12:48.408000,0 days 00:00:32.306000,6222,84,3,39,False,0,car,1593.931111111111,0.2948110266678746,-6275,3590,142,car,0 days 01:12:48.408000
2024-04-21 07:21:07.362,0 days 01:12:48.689000,0 days 00:00:32.587000,6995,90,3,53,False,0,car,1600.956111111111,0.2961103597744969,-6193,3545,142,car,0 days 01:12:48.689000
2024-04-21 07:21:07.681,0 days 01:12:49.008000,0 days 00:00:32.906000,7960,103,3,60,False,0,car,1610.0830555555553,0.29779846526616494,-6129,3499,142,car,0 days 01:12:49.008000
2024-04-21 07:21:07.921,0 days 01:12:49.248000,0 days 00:00:33.146000,8262,110,3,64,False,0,car,1617.4163888888888,0.29915482722800074,-6052,3435,142,car,0 days 01:12:49.248000
2024-04-21 07:21:08.121,0 days 01:12:49.448000,0 days 00:00:33.346000,9272,119,3,78,False,0,car,1624.0274999999997,0.3003776080875345,-6000,3389,141,car,0 days 01:12:49.448000
2024-04-21 07:21:08.441,0 days 01:12:49.768000,0 days 00:00:33.666000,10103,132,3,89,False,0,car,1635.760833333333,0.30254778722647174,-5958,3345,141,car,0 days 01:12:49.768000
2024-04-21 07:21:08.601,0 days 01:12:49.928000,0 days 00:00:33.826000,10782,141,3,99,False,0,car,1642.0275,0.3037068601756769,-5914,3300,141,car,0 days 01:12:49.928000
2024-04-21 07:21:08.881,0 days 01:12:50.208000,0 days 00:00:34.106000,11377,156,3,100,False,0,car,1654.1608333333334,0.30595102269435065,-5839,3216,142,car,0 days 01:12:50.208000
2024-04-21 07:21:09.121,0 days 01:12:50.448000,0 days 00:00:34.346000,11498,165,3,100,False,0,car,1665.1608333333331,0.3079855656371043,-5777,3138,142,car,0 days 01:12:50.448000
2024-04-21 07:21:09.481,0 days 01:12:50.808000,0 days 00:00:34.706000,10890,180,4,100,False,0,car,1683.1608333333334,0.31131481772524666,-5684,3010,143,car,0 days 01:12:50.808000
2024-04-21 07:21:09.681,0 days 01:12:51.008000,0 days 00:00:34.906000,11431,188,4,100,False,0,car,1693.6052777777775,0.3132466059739218,-5629,2926,144,car,0 days 01:12:51.008000
2024-04-21 07:21:10.001,0 days 01:12:51.328000,0 days 00:00:35.226000,11783,197,4,100,False,0,car,1711.1163888888887,0.31648543393127515,-5546,2783,147,car,0 days 01:12:51.328000
2024-04-21 07:21:10.281,0 days 01:12:51.608000,0 days 00:00:35.506000,10725,206,5,100,False,0,car,1727.138611111111,0.3194488793084982,-5448,2594,150,car,0 days 01:12:51.608000
2024-04-21 07:21:10.481,0 days 01:12:51.808000,0 days 00:00:35.706000,10876,212,5,100,False,0,car,1738.916388888889,0.32162727882296177,-5418,2535,151,car,0 days 01:12:51.808000
2024-04-21 07:21:10.681,0 days 01:12:52.008000,0 days 00:00:35.906000,11269,218,5,100,False,0,car,1751.0275,0.3238673311538723,-5384,2458,152,car,0 days 01:12:52.008000
2024-04-21 07:21:10.881,0 days 01:12:52.208000,0 days 00:00:36.106000,11345,223,5,100,False,0,car,1763.416388888889,0.3261587608318222,-5333,2344,153,car,0 days 01:12:52.208000
2024-04-21 07:21:11.041,0 days 01:12:52.368000,0 days 00:00:36.266000,11559,225,5,100,False,0,car,1773.4163888888888,0.3280083453252346,-5295,2259,155,car,0 days 01:12:52.368000
2024-04-21 07:21:11.241,0 days 01:12:52.568000,0 days 00:00:36.466000,11777,230,5,100,False,0,car,1786.194166666667,0.33037170328903936,-5246,2147,156,car,0 days 01:12:52.568000
2024-04-21 07:21:11.481,0 days 01:12:52.808000,0 days 00:00:36.706000,11834,236,5,100,False,0,car,1801.9275000000005,0.33328171622534164,-5186,2013,155,car,0 days 01:12:52.808000
2024-04-21 07:21:11.721,0 days 01:12:53.048000,0 days 00:00:36.946000,10825,240,6,100,False,0,car,1817.9275000000002,0.3362410514148015,-5125,1877,156,car,0 days 01:12:53.048000
2024-04-21 07:21:11.921,0 days 01:12:53.248000,0 days 00:00:37.146000,10988,242,6,100,False,0,car,1831.3719444444448,0.33872771501150045,-5069,1756,155,car,0 days 01:12:53.248000
2024-04-21 07:21:12.081,0 days 01:12:53.408000,0 days 00:00:37.306000,11130,247,6,100,False,0,car,1842.3497222222225,0.34075814776649094,-5025,1666,154,car,0 days 01:12:53.408000
2024-04-21 07:21:12.361,0 days 01:12:53.688000,0 days 00:00:37.586000,11246,250,6,100,False,0,car,1861.794166666667,0.3443545620592373,-4916,1468,152,car,0 days 01:12:53.688000
2024-04-21 07:21:12.721,0 days 01:12:54.048000,0 days 00:00:37.946000,11556,257,6,100,False,0,car,1887.494166666667,0.34910799420730726,-4787,1261,146,car,0 days 01:12:54.048000
2024-04-21 07:21:13.161,0 days 01:12:54.488000,0 days 00:00:38.386000,11615,261,6,79,False,0,car,1919.3941666666674,0.355008168741293,-4517,978,142,car,0 days 01:12:54.488000
2024-04-21 07:21:13.601,0 days 01:12:54.928000,0 days 00:00:38.826000,11538,257,6,64,False,0,car,1950.8052777777784,0.3608179191444895,-4268,816,140,car,0 days 01:12:54.928000
2024-04-21 07:21:13.761,0 days 01:12:55.088000,0 days 00:00:38.986000,11544,256,6,59,False,0,car,1962.183055555556,0.3629223352792165,-4159,765,141,car,0 days 01:12:55.088000
2024-04-21 07:21:13.922,0 days 01:12:55.249000,0 days 00:00:39.147000,11290,254,6,57,False,0,car,1973.5425000000005,0.36502336050903894,-4052,725,140,car,0 days 01:12:55.249000
2024-04-21 07:21:14.082,0 days 01:12:55.409000,0 days 00:00:39.307000,11178,250,6,46,False,0,car,1984.6536111111118,0.3670784543906084,-3959,700,141,car,0 days 01:12:55.409000
2024-04-21 07:21:14.242,0 days 01:12:55.569000,0 days 00:00:39.467000,10991,250,6,44,False,0,car,1995.7647222222226,0.36913354827217765,-3836,678,141,car,0 days 01:12:55.569000
2024-04-21 07:21:14.441,0 days 01:12:55.768000,0 days 00:00:39.666000,10932,245,6,46,False,0,car,2009.307777777778,0.3716384508270755,-3713,663,140,car,0 days 01:12:55.768000
2024-04-21 07:21:14.801,0 days 01:12:56.128000,0 days 00:00:40.026000,10721,241,6,57,False,0,car,2033.4077777777784,0.3760959494561995,-3398,687,141,car,0 days 01:12:56.128000
2024-04-21 07:21:15.001,0 days 01:12:56.328000,0 days 00:00:40.226000,10681,239,6,62,False,0,car,2046.685555555556,0.37855178664467487,-3337,700,141,car,0 days 01:12:56.328000
2024-04-21 07:21:15.161,0 days 01:12:56.488000,0 days 00:00:40.386000,10765,239,6,70,False,0,car,2057.3077777777785,0.3805164563954552,-3266,723,140,car,0 days 01:12:56.488000
2024-04-21 07:21:15.361,0 days 01:12:56.688000,0 days 00:00:40.586000,10753,238,6,77,False,0,car,2070.53,0.3829620181145227,-3138,771,141,car,0 days 01:12:56.688000
2024-04-21 07:21:15.641,0 days 01:12:56.968000,0 days 00:00:40.866000,10886,238,6,86,False,0,car,2089.0411111111116,0.3863858045212173,-2980,855,140,car,0 days 01:12:56.968000
2024-04-21 07:21:15.881,0 days 01:12:57.208000,0 days 00:00:41.106000,10917,240,6,89,False,0,car,2105.0411111111116,0.38934513971067714,-2843,957,141,car,0 days 01:12:57.208000
2024-04-21 07:21:16.241,0 days 01:12:57.568000,0 days 00:00:41.466000,10996,243,6,100,False,0,car,2129.341111111112,0.3938396300296694,-2633,1172,144,car,0 days 01:12:57.568000
2024-04-21 07:21:16.641,0 days 01:12:57.968000,0 days 00:00:41.866000,11083,245,6,100,False,0,car,2156.563333333334,0.3988746100395143,-2519,1344,147,car,0 days 01:12:57.968000
2024-04-21 07:21:16.801,0 days 01:12:58.128000,0 days 00:00:42.026000,11173,248,6,100,False,0,car,2167.5855555555563,0.4009132631700311,-2477,1423,148,car,0 days 01:12:58.128000
2024-04-21 07:21:16.961,0 days 01:12:58.288000,0 days 00:00:42.186000,11153,248,6,100,False,0,car,2178.607777777778,0.4029519163005479,-2427,1524,149,car,0 days 01:12:58.288000
2024-04-21 07:21:17.281,0 days 01:12:58.608000,0 days 00:00:42.506000,11138,253,6,91,True,0,car,2201.0966666666673,0.40711142631684427,-2341,1718,153,car,0 days 01:12:58.608000
2024-04-21 07:21:17.521,0 days 01:12:58.848000,0 days 00:00:42.746000,10719,242,6,0,True,0,car,2217.230000000001,0.41009542263288307,-2213,1945,158,car,0 days 01:12:58.848000
2024-04-21 07:21:17.841,0 days 01:12:59.168000,0 days 00:00:43.066000,9738,223,6,0,True,0,car,2237.052222222223,0.41376171011760277,-2070,2160,163,car,0 days 01:12:59.168000
2024-04-21 07:21:18.081,0 days 01:12:59.408000,0 days 00:00:43.306000,10607,206,6,0,True,0,car,2250.785555555556,0.41630180615522244,-2003,2205,163,car,0 days 01:12:59.408000
2024-04-21 07:21:18.241,0 days 01:12:59.568000,0 days 00:00:43.466000,9931,201,6,2,True,0,car,2259.7188888888895,0.4179541016360042,-1894,2289,164,car,0 days 01:12:59.568000
2024-04-21 07:21:18.521,0 days 01:12:59.848000,0 days 00:00:43.746000,9260,188,5,2,True,0,car,2274.341111111112,0.4206586051841495,-1734,2377,165,car,0 days 01:12:59.848000
2024-04-21 07:21:18.761,0 days 01:13:00.088000,0 days 00:00:43.986000,8923,180,5,5,True,0,car,2286.3411111111113,0.42287810657624436,-1650,2405,166,car,0 days 01:13:00.088000
2024-04-21 07:21:18.921,0 days 01:13:00.248000,0 days 00:00:44.146000,8896,175,5,6,False,0,car,2294.118888888889,0.4243166722933429,-1616,2417,166,car,0 days 01:13:00.248000
2024-04-21 07:21:19.321,0 days 01:13:00.648000,0 days 00:00:44.546000,8372,169,5,6,True,0,car,2312.896666666667,0.42778978095319514,-1411,2440,166,car,0 days 01:13:00.648000
2024-04-21 07:21:19.521,0 days 01:13:00.848000,0 days 00:00:44.746000,8322,165,5,6,False,0,car,2322.063333333334,0.4294852334054899,-1350,2439,165,car,0 days 01:13:00.848000
2024-04-21 07:21:19.921,0 days 01:13:01.248000,0 days 00:00:45.146000,8031,159,5,0,False,0,car,2339.7300000000005,0.4327528326771852,-1198,2410,166,car,0 days 01:13:01.248000
2024-04-21 07:21:20.281,0 days 01:13:01.608000,0 days 00:00:45.506000,7964,155,5,28,False,0,car,2355.2300000000005,0.4356196886419744,-1051,2351,164,car,0 days 01:13:01.608000
2024-04-21 07:21:20.482,0 days 01:13:01.809000,0 days 00:00:45.707000,7982,154,5,41,False,0,car,2363.828333333334,0.4372100230422269,-986,2314,163,car,0 days 01:13:01.809000
2024-04-21 07:21:20.682,0 days 01:13:02.009000,0 days 00:00:45.907000,8103,156,5,45,False,0,car,2372.4950000000003,0.43881299626985093,-919,2267,162,car,0 days 01:13:02.009000
2024-04-21 07:21:20.922,0 days 01:13:02.249000,0 days 00:00:46.147000,8226,158,5,50,False,0,car,2383.0283333333336,0.44076122526957867,-845,2202,161,car,0 days 01:13:02.249000
2024-04-21 07:21:21.081,0 days 01:13:02.408000,0 days 00:00:46.306000,8356,158,5,53,False,0,car,2390.006666666667,0.4420519269818984,-800,2153,159,car,0 days 01:13:02.408000
2024-04-21 07:21:21.281,0 days 01:13:02.608000,0 days 00:00:46.506000,8546,162,5,59,False,0,car,2399.006666666667,0.4437165530259695,-726,2048,157,car,0 days 01:13:02.608000
2024-04-21 07:21:21.441,0 days 01:13:02.768000,0 days 00:00:46.666000,8671,164,5,69,False,0,car,2406.295555555556,0.445064694612279,-684,1983,156,car,0 days 01:13:02.768000
2024-04-21 07:21:21.641,0 days 01:13:02.968000,0 days 00:00:46.866000,8935,169,5,76,False,0,car,2415.684444444445,0.4468012489422052,-665,1948,154,car,0 days 01:13:02.968000
2024-04-21 07:21:21.921,0 days 01:13:03.248000,0 days 00:00:47.146000,8724,173,5,62,True,0,car,2429.140000000001,0.4492899676327857,-597,1777,150,car,0 days 01:13:03.248000
2024-04-21 07:21:22.121,0 days 01:13:03.448000,0 days 00:00:47.346000,8778,167,5,0,True,0,car,2438.417777777778,0.45100597102389606,-566,1697,149,car,0 days 01:13:03.448000
2024-04-21 07:21:22.281,0 days 01:13:03.608000,0 days 00:00:47.506000,8964,159,5,0,True,0,car,2445.4844444444448,0.45231301073257413,-555,1667,149,car,0 days 01:13:03.608000
2024-04-21 07:21:22.601,0 days 01:13:03.928000,0 days 00:00:47.826000,10268,145,4,0,True,0,car,2458.3733333333334,0.45469691963519454,-509,1566,147,car,0 days 01:13:03.928000
2024-04-21 07:21:22.841,0 days 01:13:04.168000,0 days 00:00:48.066000,9521,138,3,0,True,0,car,2467.5733333333337,0.45639853736913405,-399,1413,144,car,0 days 01:13:04.168000
2024-04-21 07:21:23.161,0 days 01:13:04.488000,0 days 00:00:48.386000,8932,129,3,0,True,0,car,2479.0400000000004,0.4585193942549136,-351,1367,143,car,0 days 01:13:04.488000
2024-04-21 07:21:23.481,0 days 01:13:04.808000,0 days 00:00:48.706000,8360,119,3,0,True,0,car,2489.6177777777784,0.4604758436301677,-263,1308,142,car,0 days 01:13:04.808000
2024-04-21 07:21:23.721,0 days 01:13:05.048000,0 days 00:00:48.946000,7978,117,3,0,True,0,car,2497.417777777778,0.4619185195350293,-193,1280,141,car,0 days 01:13:05.048000
2024-04-21 07:21:23.961,0 days 01:13:05.288000,0 days 00:00:49.186000,7978,111,3,0,True,0,car,2504.8177777777782,0.46328721206015455,-120,1262,142,car,0 days 01:13:05.288000
2024-04-21 07:21:24.281,0 days 01:13:05.608000,0 days 00:00:49.506000,7218,103,3,0,False,0,car,2513.973333333334,0.4649806094185677,-32,1258,142,car,0 days 01:13:05.608000
2024-04-21 07:21:24.441,0 days 01:13:05.768000,0 days 00:00:49.666000,7231,103,3,0,False,0,car,2518.5511111111114,0.46582730809777423,10,1263,142,car,0 days 01:13:05.768000
2024-04-21 07:21:24.801,0 days 01:13:06.128000,0 days 00:00:50.026000,7107,98,3,7,False,0,car,2528.3511111111115,0.46763990090131846,105,1287,141,car,0 days 01:13:06.128000
2024-04-21 07:21:25.081,0 days 01:13:06.408000,0 days 00:00:50.306000,7340,99,3,30,False,0,car,2536.0511111111114,0.46906408096124597,173,1320,142,car,0 days 01:13:06.408000
2024-04-21 07:21:25.241,0 days 01:13:06.568000,0 days 00:00:50.466000,7579,101,3,40,False,0,car,2540.5400000000004,0.4698943388894,210,1344,142,car,0 days 01:13:06.568000
2024-04-21 07:21:25.481,0 days 01:13:06.808000,0 days 00:00:50.706000,7841,106,3,46,False,0,car,2547.606666666667,0.47120137859807815,261,1384,141,car,0 days 01:13:06.808000
2024-04-21 07:21:25.641,0 days 01:13:06.968000,0 days 00:00:50.866000,7841,108,3,46,False,0,car,2552.4066666666668,0.47208917915491605,294,1415,141,car,0 days 01:13:06.968000
2024-04-21 07:21:25.801,0 days 01:13:07.128000,0 days 00:00:51.026000,8744,114,3,59,False,0,car,2557.4733333333334,0.4730263019649117,346,1475,142,car,0 days 01:13:07.128000
2024-04-21 07:21:26.041,0 days 01:13:07.368000,0 days 00:00:51.266000,8833,119,3,61,False,0,car,2565.4066666666663,0.4744936389963521,397,1538,141,car,0 days 01:13:07.368000
2024-04-21 07:21:26.321,0 days 01:13:07.648000,0 days 00:00:51.546000,9692,128,3,72,False,0,car,2575.362222222222,0.4763350031142383,427,1590,142,car,0 days 01:13:07.648000
2024-04-21 07:21:26.681,0 days 01:13:08.008000,0 days 00:00:51.906000,10556,140,3,79,False,0,car,2589.362222222222,0.4789244214050157,483,1711,142,car,0 days 01:13:08.008000
2024-04-21 07:21:26.841,0 days 01:13:08.168000,0 days 00:00:52.066000,10743,143,3,77,False,0,car,2595.717777777778,0.48009993510527343,502,1764,142,car,0 days 01:13:08.168000
2024-04-21 07:21:27.082,0 days 01:13:08.409000,0 days 00:00:52.307000,11013,151,3,78,False,0,car,2605.826388888889,0.48196960814137824,526,1857,141,car,0 days 01:13:08.409000
2024-04-21 07:21:27.482,0 days 01:13:08.809000,0 days 00:00:52.707000,9707,159,4,83,False,0,car,2623.4930555555557,0.48523720741307347,540,2028,142,car,0 days 01:13:08.809000
2024-04-21 07:21:27.682,0 days 01:13:09.009000,0 days 00:00:52.907000,10130,167,4,87,False,0,car,2632.770833333333,0.4869532108041838,532,2117,142,car,0 days 01:13:09.009000
2024-04-21 07:21:27.841,0 days 01:13:09.168000,0 days 00:00:53.066000,10738,167,4,99,False,0,car,2640.1466666666665,0.48831743350011664,518,2189,142,car,0 days 01:13:09.168000
2024-04-21 07:21:28.081,0 days 01:13:09.408000,0 days 00:00:53.306000,11207,179,4,100,False,0,car,2652.0799999999995,0.49052460432892203,489,2297,142,car,0 days 01:13:09.408000
2024-04-21 07:21:28.401,0 days 01:13:09.728000,0 days 00:00:53.626000,11347,183,4,100,False,0,car,2668.3466666666664,0.4935332617715396,433,2448,142,car,0 days 01:13:09.728000
2024-04-21 07:21:28.681,0 days 01:13:10.008000,0 days 00:00:53.906000,11008,195,4,100,False,0,car,2683.513333333333,0.49633846491988176,336,2642,142,car,0 days 01:13:10.008000
2024-04-21 07:21:29.001,0 days 01:13:10.328000,0 days 00:00:54.226000,10695,206,5,100,False,0,car,2701.824444444444,0.49972525963670805,247,2785,142,car,0 days 01:13:10.328000
2024-04-21 07:21:29.441,0 days 01:13:10.768000,0 days 00:00:54.666000,11090,213,5,100,False,0,car,2727.8577777777773,0.5045403446012251,149,2937,142,car,0 days 01:13:10.768000
2024-04-21 07:21:29.761,0 days 01:13:11.088000,0 days 00:00:54.986000,11480,223,5,100,False,0,car,2747.6799999999994,0.5082066320859447,19,3139,142,car,0 days 01:13:11.088000
2024-04-21 07:21:30.001,0 days 01:13:11.328000,0 days 00:00:55.226000,11784,229,5,100,False,0,car,2762.9466666666663,0.5110303310792211,-52,3251,142,car,0 days 01:13:11.328000
2024-04-21 07:21:30.241,0 days 01:13:11.568000,0 days 00:00:55.466000,11463,233,5,100,False,0,car,2778.4799999999996,0.5139033523256551,-112,3348,142,car,0 days 01:13:11.568000
2024-04-21 07:21:30.481,0 days 01:13:11.808000,0 days 00:00:55.706000,10734,238,6,100,False,0,car,2794.3466666666664,0.5168380263885362,-209,3505,141,car,0 days 01:13:11.808000
2024-04-21 07:21:30.801,0 days 01:13:12.128000,0 days 00:00:56.026000,10966,243,6,100,False,0,car,2815.9466666666663,0.520833128894307,-340,3719,142,car,0 days 01:13:12.128000
2024-04-21 07:21:30.961,0 days 01:13:12.288000,0 days 00:00:56.186000,10999,245,6,100,False,0,car,2826.835555555555,0.5228471208982449,-376,3778,142,car,0 days 01:13:12.288000
2024-04-21 07:21:31.121,0 days 01:13:12.448000,0 days 00:00:56.346000,11168,248,6,100,False,0,car,2837.857777777777,0.5248857740287617,-421,3853,141,car,0 days 01:13:12.448000
2024-04-21 07:21:31.481,0 days 01:13:12.808000,0 days 00:00:56.706000,11357,254,6,100,False,0,car,2863.2577777777774,0.5295837186420294,-563,4089,142,car,0 days 01:13:12.808000
2024-04-21 07:21:31.641,0 days 01:13:12.968000,0 days 00:00:56.866000,11444,255,6,100,False,0,car,2874.5911111111104,0.53167991440123,-608,4165,141,car,0 days 01:13:12.968000
2024-04-21 07:21:32.081,0 days 01:13:13.408000,0 days 00:00:57.306000,11575,261,6,100,False,0,car,2906.49111111111,0.5375800889352156,-820,4533,142,car,0 days 01:13:13.408000
2024-04-21 07:21:32.481,0 days 01:13:13.808000,0 days 00:00:57.706000,10428,262,7,100,False,0,car,2935.6022222222214,0.5429644349049273,-930,4727,142,car,0 days 01:13:13.808000
2024-04-21 07:21:32.681,0 days 01:13:14.008000,0 days 00:00:57.906000,10486,264,7,100,False,0,car,2950.268888888888,0.5456771588285989,-1008,4865,141,car,0 days 01:13:14.008000
2024-04-21 07:21:33.121,0 days 01:13:14.448000,0 days 00:00:58.346000,10642,262,7,64,True,0,car,2982.29111111111,0.5515999393952817,-1189,5194,142,car,0 days 01:13:14.448000
2024-04-21 07:21:33.441,0 days 01:13:14.768000,0 days 00:00:58.666000,9047,231,7,0,True,0,car,3002.824444444443,0.5553977528884219,-1262,5327,141,car,0 days 01:13:14.768000
2024-04-21 07:21:33.762,0 days 01:13:15.089000,0 days 00:00:58.987000,8821,200,7,0,True,0,car,3020.6577777777766,0.5586961785683408,-1344,5473,141,car,0 days 01:13:15.089000
2024-04-21 07:21:33.922,0 days 01:13:15.249000,0 days 00:00:59.147000,9055,181,7,0,True,0,car,3028.702222222221,0.5601840665385969,-1386,5547,142,car,0 days 01:13:15.249000
2024-04-21 07:21:34.402,0 days 01:13:15.729000,0 days 00:00:59.627000,9578,148,4,0,True,0,car,3048.4355555555544,0.5638339132722642,-1518,5769,142,car,0 days 01:13:15.729000
2024-04-21 07:21:34.561,0 days 01:13:15.888000,0 days 00:00:59.786000,9449,133,4,0,True,0,car,3054.309722222221,0.5649203900301027,-1559,5826,143,car,0 days 01:13:15.888000
2024-04-21 07:21:34.841,0 days 01:13:16.168000,0 days 00:01:00.066000,8536,123,3,0,True,0,car,3063.8763888888875,0.566689825862134,-1611,5886,144,car,0 days 01:13:16.168000
2024-04-21 07:21:35.241,0 days 01:13:16.568000,0 days 00:01:00.466000,7077,103,3,0,True,0,car,3075.320833333332,0.5688065725601504,-1669,5932,146,car,0 days 01:13:16.568000
2024-04-21 07:21:35.401,0 days 01:13:16.728000,0 days 00:01:00.626000,6813,97,3,0,True,0,car,3079.631944444443,0.5696039489861994,-1707,5955,147,car,0 days 01:13:16.728000
2024-04-21 07:21:35.561,0 days 01:13:16.888000,0 days 00:01:00.786000,6571,94,3,0,True,0,car,3083.809722222221,0.5703766642856695,-1745,5972,148,car,0 days 01:13:16.888000
2024-04-21 07:21:35.841,0 days 01:13:17.168000,0 days 00:01:01.066000,6188,93,3,0,False,0,car,3091.0430555555545,0.5717145304025711,-1812,5990,148,car,0 days 01:13:17.168000
2024-04-21 07:21:36.001,0 days 01:13:17.328000,0 days 00:01:01.226000,6129,85,3,3,False,0,car,3094.8208333333323,0.5724132623223047,-1849,5994,149,car,0 days 01:13:17.328000
2024-04-21 07:21:36.441,0 days 01:13:17.768000,0 days 00:01:01.666000,6313,84,3,23,False,0,car,3105.0874999999987,0.5743121690688747,-1947,5977,153,car,0 days 01:13:17.768000
2024-04-21 07:21:36.801,0 days 01:13:18.128000,0 days 00:01:02.026000,6595,87,3,32,False,0,car,3113.787499999999,0.5759213075781436,-2023,5942,155,car,0 days 01:13:18.128000
2024-04-21 07:21:37.041,0 days 01:13:18.368000,0 days 00:01:02.266000,6855,90,3,44,False,0,car,3119.787499999999,0.5770310582741911,-2069,5910,157,car,0 days 01:13:18.368000
2024-04-21 07:21:37.321,0 days 01:13:18.648000,0 days 00:01:02.546000,7390,98,3,53,False,0,car,3127.4097222222213,0.5784408526769477,-2127,5859,159,car,0 days 01:13:18.648000
2024-04-21 07:21:37.561,0 days 01:13:18.888000,0 days 00:01:02.786000,7899,98,3,60,False,0,car,3133.9430555555546,0.5796492478793105,-2170,5817,161,car,0 days 01:13:18.888000
2024-04-21 07:21:37.801,0 days 01:13:19.128000,0 days 00:01:03.026000,7737,109,3,0,False,0,car,3141.2097222222214,0.5809932792778568,-2244,5759,164,car,0 days 01:13:19.128000
2024-04-21 07:21:38.041,0 days 01:13:19.368000,0 days 00:01:03.266000,7469,107,3,0,False,0,car,3148.3430555555547,0.5823126495498243,-2298,5725,166,car,0 days 01:13:19.368000
2024-04-21 07:21:38.401,0 days 01:13:19.728000,0 days 00:01:03.626000,7172,101,3,0,False,0,car,3158.4430555555546,0.5841807298881709,-2377,5694,168,car,0 days 01:13:19.728000
2024-04-21 07:21:38.601,0 days 01:13:19.928000,0 days 00:01:03.826000,7001,98,3,0,False,0,car,3163.887499999999,0.5851877258901399,-2461,5682,171,car,0 days 01:13:19.928000
2024-04-21 07:21:38.961,0 days 01:13:20.288000,0 days 00:01:04.186000,6668,94,3,4,False,0,car,3173.287499999999,0.5869263353139476,-2590,5693,173,car,0 days 01:13:20.288000
2024-04-21 07:21:39.121,0 days 01:13:20.448000,0 days 00:01:04.346000,6818,93,3,11,False,0,car,3177.420833333332,0.5876908302378914,-2627,5703,174,car,0 days 01:13:20.448000
2024-04-21 07:21:39.321,0 days 01:13:20.648000,0 days 00:01:04.546000,7242,94,3,30,False,0,car,3182.6430555555544,0.5886567243622289,-2666,5717,174,car,0 days 01:13:20.648000
2024-04-21 07:21:39.481,0 days 01:13:20.808000,0 days 00:01:04.706000,7399,98,3,42,False,0,car,3186.9986111111098,0.589462321163804,-2703,5734,173,car,0 days 01:13:20.808000
2024-04-21 07:21:39.761,0 days 01:13:21.088000,0 days 00:01:04.986000,7694,101,3,49,False,0,car,3194.854166666665,0.5909152725380736,-2789,5791,174,car,0 days 01:13:21.088000
2024-04-21 07:21:39.961,0 days 01:13:21.288000,0 days 00:01:05.186000,8149,106,3,52,False,0,car,3200.7430555555543,0.5920044722953054,-2820,5816,173,car,0 days 01:13:21.288000
2024-04-21 07:21:40.162,0 days 01:13:21.489000,0 days 00:01:05.387000,8515,110,3,53,False,0,car,3206.8847222222207,0.5931404254383428,-2852,5850,172,car,0 days 01:13:21.489000
2024-04-21 07:21:40.482,0 days 01:13:21.809000,0 days 00:01:05.707000,9003,118,3,57,False,0,car,3217.3736111111093,0.5950804340625442,-2914,5932,173,car,0 days 01:13:21.809000
2024-04-21 07:21:40.762,0 days 01:13:22.089000,0 days 00:01:05.987000,8764,124,3,58,False,0,car,3227.018055555554,0.5968642555517465,-2956,6010,172,car,0 days 01:13:22.089000
2024-04-21 07:21:40.962,0 days 01:13:22.289000,0 days 00:01:06.187000,7948,126,4,59,False,0,pos,3234.018055555554,0.5981589646971351,-2983,6079,172,car,0 days 01:13:22.289000
2024-04-21 07:21:41.122,0 days 01:13:22.449000,0 days 00:01:06.347000,8381,133,4,62,False,0,car,3239.929166666665,0.59925227464213,-2999,6134,171,car,0 days 01:13:22.449000
2024-04-21 07:21:41.601,0 days 01:13:22.928000,0 days 00:01:06.826000,9238,146,4,77,False,0,car,3259.355277777776,0.6028452980299718,-3020,6323,170,car,0 days 01:13:22.928000
2024-04-21 07:21:41.921,0 days 01:13:23.248000,0 days 00:01:07.146000,9591,153,4,74,False,0,car,3272.9552777777762,0.6053607329410128,-3009,6441,168,car,0 days 01:13:23.248000
2024-04-21 07:21:42.081,0 days 01:13:23.408000,0 days 00:01:07.306000,9652,157,4,73,False,0,car,3279.933055555554,0.6066513318986383,-2995,6513,168,car,0 days 01:13:23.408000
2024-04-21 07:21:42.361,0 days 01:13:23.688000,0 days 00:01:07.586000,10093,162,4,79,False,0,car,3292.533055555554,0.6089818083603379,-2955,6631,167,car,0 days 01:13:23.688000
2024-04-21 07:21:42.641,0 days 01:13:23.968000,0 days 00:01:07.866000,10546,167,4,83,False,0,car,3305.521944444443,0.6113842131078926,-2896,6745,166,car,0 days 01:13:23.968000
2024-04-21 07:21:42.801,0 days 01:13:24.128000,0 days 00:01:08.026000,10814,172,4,86,False,0,car,3313.166388888887,0.6127981176984122,-2843,6818,165,car,0 days 01:13:24.128000
2024-04-21 07:21:43.041,0 days 01:13:24.368000,0 days 00:01:08.266000,11082,177,4,87,False,0,car,3324.9663888888876,0.614980627400639,-2749,6925,164,car,0 days 01:13:24.368000
2024-04-21 07:21:43.361,0 days 01:13:24.688000,0 days 00:01:08.586000,10769,187,4,87,False,0,car,3341.5886111111095,0.6180550478474667,-2653,7001,163,car,0 days 01:13:24.688000
2024-04-21 07:21:43.521,0 days 01:13:24.848000,0 days 00:01:08.746000,10014,188,5,87,False,0,car,3349.944166666665,0.6196004784464068,-2574,7051,163,car,0 days 01:13:24.848000
2024-04-21 07:21:43.881,0 days 01:13:25.208000,0 days 00:01:09.106000,10423,199,5,100,False,0,car,3369.844166666665,0.6232811515882976,-2365,7140,161,car,0 days 01:13:25.208000
2024-04-21 07:21:44.121,0 days 01:13:25.448000,0 days 00:01:09.346000,10745,203,5,100,False,0,car,3383.3774999999987,0.6257842559360491,-2277,7166,161,car,0 days 01:13:25.448000
2024-04-21 07:21:44.481,0 days 01:13:25.808000,0 days 00:01:09.706000,11091,213,5,100,False,0,car,3404.677499999999,0.6297238709070176,-2025,7190,158,car,0 days 01:13:25.808000
2024-04-21 07:21:44.881,0 days 01:13:26.208000,0 days 00:01:10.106000,11356,219,5,100,False,0,car,3429.010833333332,0.6342245265076545,-1843,7172,157,car,0 days 01:13:26.208000
2024-04-21 07:21:45.081,0 days 01:13:26.408000,0 days 00:01:10.306000,11548,224,5,100,False,0,car,3441.4552777777767,0.6365262316550122,-1720,7147,156,car,0 days 01:13:26.408000
2024-04-21 07:21:45.521,0 days 01:13:26.848000,0 days 00:01:10.746000,11777,230,5,100,False,0,car,3469.5663888888876,0.6417256191753826,-1466,7049,154,car,0 days 01:13:26.848000
2024-04-21 07:21:45.921,0 days 01:13:27.248000,0 days 00:01:11.146000,10869,236,6,100,False,0,car,3495.78861111111,0.6465756407358864,-1258,6920,152,car,0 days 01:13:27.248000
2024-04-21 07:21:46.121,0 days 01:13:27.448000,0 days 00:01:11.346000,10900,239,6,100,False,0,car,3509.066388888888,0.6490314779243618,-1157,6834,151,car,0 days 01:13:27.448000
2024-04-21 07:21:46.521,0 days 01:13:27.848000,0 days 00:01:11.746000,11235,246,6,100,False,0,car,3536.3997222222206,0.6540870088730223,-929,6583,149,car,0 days 01:13:27.848000
2024-04-21 07:21:46.762,0 days 01:13:28.089000,0 days 00:01:11.987000,11254,248,6,100,False,0,car,3553.001944444443,0.6571577301508632,-879,6504,149,car,0 days 01:13:28.089000
2024-04-21 07:21:47.002,0 days 01:13:28.329000,0 days 00:01:12.227000,11489,252,6,100,False,0,car,3569.8019444444435,0.6602650320997963,-784,6361,149,car,0 days 01:13:28.329000
2024-04-21 07:21:47.202,0 days 01:13:28.529000,0 days 00:01:12.427000,11477,258,6,100,False,0,car,3584.135277777777,0.6629161032070207,-712,6247,148,car,0 days 01:13:28.529000
2024-04-21 07:21:47.402,0 days 01:13:28.729000,0 days 00:01:12.627000,11664,261,6,100,False,0,car,3598.635277777776,0.6655980007224686,-650,6146,149,car,0 days 01:13:28.729000
2024-04-21 07:21:47.602,0 days 01:13:28.929000,0 days 00:01:12.827000,11653,263,6,100,False,0,car,3613.2463888888874,0.6683004491767323,-556,5997,148,car,0 days 01:13:28.929000
2024-04-21 07:21:47.961,0 days 01:13:29.288000,0 days 00:01:13.186000,10672,267,7,100,False,0,car,3639.8722222222214,0.6732251220224841,-371,5702,147,car,0 days 01:13:29.288000
2024-04-21 07:21:48.281,0 days 01:13:29.608000,0 days 00:01:13.506000,10800,272,7,100,False,0,car,3664.049999999999,0.6776970063087789,-301,5591,146,car,0 days 01:13:29.608000
2024-04-21 07:21:48.601,0 days 01:13:29.928000,0 days 00:01:13.826000,11003,275,7,100,False,0,car,3688.4944444444427,0.6822182128482315,-185,5408,145,car,0 days 01:13:29.928000
2024-04-21 07:21:48.961,0 days 01:13:30.288000,0 days 00:01:14.186000,11081,276,7,100,False,0,car,3716.094444444444,0.68732306605005,16,5088,143,car,0 days 01:13:30.288000
2024-04-21 07:21:49.161,0 days 01:13:30.488000,0 days 00:01:14.386000,11153,279,7,100,False,0,car,3731.594444444443,0.6901899220148391,127,4910,142,car,0 days 01:13:30.488000
2024-04-21 07:21:49.561,0 days 01:13:30.888000,0 days 00:01:14.786000,11253,284,7,100,False,0,car,3763.149999999999,0.6960263886384962,308,4620,141,car,0 days 01:13:30.888000
2024-04-21 07:21:49.841,0 days 01:13:31.168000,0 days 00:01:15.066000,11347,286,7,100,False,0,car,3785.3944444444437,0.7001406865893981,403,4469,142,car,0 days 01:13:31.168000
2024-04-21 07:21:50.081,0 days 01:13:31.408000,0 days 00:01:15.306000,11380,288,7,100,False,0,car,3804.594444444443,0.7036918888167498,482,4344,141,car,0 days 01:13:31.408000
2024-04-21 07:21:50.441,0 days 01:13:31.768000,0 days 00:01:15.666000,11477,290,7,100,False,0,car,3833.594444444443,0.7090556838476458,632,4105,141,car,0 days 01:13:31.768000
2024-04-21 07:21:50.721,0 days 01:13:32.048000,0 days 00:01:15.946000,11569,292,7,100,False,0,car,3856.3055555555543,0.7132562957415736,760,3900,141,car,0 days 01:13:32.048000
2024-04-21 07:21:51.041,0 days 01:13:32.368000,0 days 00:01:16.266000,11149,293,7,100,False,0,car,3882.3499999999995,0.7180734357999723,962,3580,141,car,0 days 01:13:32.368000
2024-04-21 07:21:51.281,0 days 01:13:32.608000,0 days 00:01:16.506000,10454,294,7,100,False,0,car,3901.949999999999,0.7216986214070605,1040,3455,140,car,0 days 01:13:32.608000
2024-04-21 07:21:51.681,0 days 01:13:33.008000,0 days 00:01:16.906000,10514,296,8,100,False,0,car,3934.838888888888,0.7277816992965059,1144,3291,141,car,0 days 01:13:33.008000
2024-04-21 07:21:51.841,0 days 01:13:33.168000,0 days 00:01:17.066000,10587,297,8,100,False,0,car,3948.038888888888,0.7302231508278103,1216,3177,140,car,0 days 01:13:33.168000
2024-04-21 07:21:52.121,0 days 01:13:33.448000,0 days 00:01:17.346000,10590,298,8,100,False,0,car,3971.216666666666,0.734510076664764,1336,2986,140,car,0 days 01:13:33.448000
2024-04-21 07:21:52.441,0 days 01:13:33.768000,0 days 00:01:17.666000,10643,298,8,100,False,0,car,3997.705555555554,0.7394094204784252,1470,2774,142,car,0 days 01:13:33.768000
2024-04-21 07:21:52.601,0 days 01:13:33.928000,0 days 00:01:17.826000,10689,299,8,100,False,0,car,4010.9944444444427,0.7418673127607821,1537,2669,142,car,0 days 01:13:33.928000
2024-04-21 07:21:52.761,0 days 01:13:34.088000,0 days 00:01:17.986000,10722,299,8,100,False,0,car,4024.2833333333324,0.7443252050431393,1628,2525,141,car,0 days 01:13:34.088000
2024-04-21 07:21:53.161,0 days 01:13:34.488000,0 days 00:01:18.386000,10722,301,8,100,False,0,car,4057.7277777777763,0.7505110376266629,1797,2257,140,car,0 days 01:13:34.488000
2024-04-21 07:21:53.482,0 days 01:13:34.809000,0 days 00:01:18.707000,10771,302,8,100,False,0,car,4084.6561111111096,0.7554916604033404,1928,2050,141,car,0 days 01:13:34.809000
2024-04-21 07:21:53.642,0 days 01:13:34.969000,0 days 00:01:18.867000,10780,303,8,100,False,0,car,4098.122777777777,0.7579824341878025,2042,1869,141,car,0 days 01:13:34.969000
2024-04-21 07:21:53.962,0 days 01:13:35.289000,0 days 00:01:19.187000,10834,303,8,100,False,0,car,4125.056111111109,0.7629639817567264,2204,1614,142,car,0 days 01:13:35.289000
2024-04-21 07:21:54.122,0 days 01:13:35.449000,0 days 00:01:19.347000,10860,304,8,100,False,0,car,4138.56722222222,0.7654629759167147,2276,1499,141,car,0 days 01:13:35.449000
2024-04-21 07:21:54.282,0 days 01:13:35.609000,0 days 00:01:19.507000,10860,304,8,100,False,0,car,4152.078333333332,0.7679619700767033,2345,1389,142,car,0 days 01:13:35.609000
2024-04-21 07:21:54.562,0 days 01:13:35.889000,0 days 00:01:19.787000,10863,304,8,100,False,0,car,4175.722777777776,0.7723352098566828,2460,1212,141,car,0 days 01:13:35.889000
2024-04-21 07:21:54.721,0 days 01:13:36.048000,0 days 00:01:19.946000,10874,305,8,100,False,0,car,4189.193611111109,0.7748267543013504,2538,1088,142,car,0 days 01:13:36.048000
2024-04-21 07:21:55.081,0 days 01:13:36.408000,0 days 00:01:20.306000,10917,306,8,100,False,0,car,4219.793611111109,0.7804864828511925,2717,801,141,car,0 days 01:13:36.408000
2024-04-21 07:21:55.241,0 days 01:13:36.568000,0 days 00:01:20.466000,10909,307,8,100,False,0,car,4233.438055555554,0.7830101381377595,2752,746,141,car,0 days 01:13:36.568000
2024-04-21 07:21:55.561,0 days 01:13:36.888000,0 days 00:01:20.786000,10948,307,8,100,False,0,car,4260.726944444443,0.788057448710894,2918,490,141,car,0 days 01:13:36.888000
2024-04-21 07:21:55.841,0 days 01:13:37.168000,0 days 00:01:21.066000,10897,307,8,100,False,0,car,4284.6047222222205,0.7924738454623865,3074,248,142,car,0 days 01:13:37.168000
2024-04-21 07:21:56.201,0 days 01:13:37.528000,0 days 00:01:21.426000,10964,308,8,100,False,0,car,4315.404722222221,0.7981705657020969,3173,94,141,car,0 days 01:13:37.528000
2024-04-21 07:21:56.401,0 days 01:13:37.728000,0 days 00:01:21.626000,10963,308,8,100,False,0,car,4332.515833333332,0.8013354102797137,3276,-64,142,car,0 days 01:13:37.728000
2024-04-21 07:21:56.601,0 days 01:13:37.928000,0 days 00:01:21.826000,10966,308,8,100,False,0,car,4349.626944444442,0.8045002548573303,3424,-294,141,car,0 days 01:13:37.928000
2024-04-21 07:21:56.841,0 days 01:13:38.168000,0 days 00:01:22.066000,10954,308,8,100,False,0,car,4370.160277777776,0.8082980683504706,3493,-398,141,car,0 days 01:13:38.168000
2024-04-21 07:21:57.121,0 days 01:13:38.448000,0 days 00:01:22.346000,10966,308,8,100,False,0,car,4394.1158333333315,0.8127288507591341,3582,-538,142,car,0 days 01:13:38.448000
2024-04-21 07:21:57.401,0 days 01:13:38.728000,0 days 00:01:22.626000,10963,308,8,100,False,0,car,4418.071388888887,0.8171596331677976,3764,-821,141,car,0 days 01:13:38.728000
2024-04-21 07:21:57.561,0 days 01:13:38.888000,0 days 00:01:22.786000,10946,308,8,100,False,0,car,4431.760277777776,0.8196915088298911,3839,-937,142,car,0 days 01:13:38.888000
2024-04-21 07:21:57.761,0 days 01:13:39.088000,0 days 00:01:22.986000,10951,308,8,100,False,0,car,4448.871388888887,0.8228563534075078,3916,-1057,142,car,0 days 01:13:39.088000
2024-04-21 07:21:57.921,0 days 01:13:39.248000,0 days 00:01:23.146000,10962,309,8,100,False,0,car,4462.60472222222,0.8253964494451275,4024,-1223,141,car,0 days 01:13:39.248000
2024-04-21 07:21:58.241,0 days 01:13:39.568000,0 days 00:01:23.466000,10990,309,8,100,False,0,car,4490.071388888886,0.8304766415203669,4177,-1461,141,car,0 days 01:13:39.568000
2024-04-21 07:21:58.441,0 days 01:13:39.768000,0 days 00:01:23.666000,10926,309,8,100,False,0,car,4507.238055555553,0.8336517615673916,4289,-1633,142,car,0 days 01:13:39.768000
2024-04-21 07:21:58.641,0 days 01:13:39.968000,0 days 00:01:23.866000,10880,308,8,100,False,0,car,4524.349166666664,0.8368166061450084,4414,-1826,142,car,0 days 01:13:39.968000
2024-04-21 07:21:58.841,0 days 01:13:40.168000,0 days 00:01:24.066000,10933,308,8,100,False,0,car,4541.460277777775,0.8399814507226253,4512,-1975,143,car,0 days 01:13:40.168000
2024-04-21 07:21:59.081,0 days 01:13:40.408000,0 days 00:01:24.306000,10941,306,8,100,False,0,car,4561.860277777775,0.8437546030891866,4608,-2121,143,car,0 days 01:13:40.408000
2024-04-21 07:21:59.321,0 days 01:13:40.648000,0 days 00:01:24.546000,10423,302,8,0,False,0,car,4581.993611111109,0.8474784332025904,4729,-2303,142,car,0 days 01:13:40.648000
2024-04-21 07:21:59.681,0 days 01:13:41.008000,0 days 00:01:24.906000,10278,275,8,0,True,0,car,4609.493611111109,0.8525647905594745,4850,-2483,142,car,0 days 01:13:41.008000
2024-04-21 07:21:59.841,0 days 01:13:41.168000,0 days 00:01:25.066000,9158,275,8,0,True,0,car,4621.715833333331,0.8548253938292008,4889,-2541,142,car,0 days 01:13:41.168000
2024-04-21 07:22:00.002,0 days 01:13:41.329000,0 days 00:01:25.227000,8893,275,8,0,True,0,car,4634.014444444442,0.8571001258693629,4940,-2617,143,car,0 days 01:13:41.329000
2024-04-21 07:22:00.202,0 days 01:13:41.529000,0 days 00:01:25.427000,8892,224,7,0,True,0,car,4646.458888888887,0.8594018310167205,5011,-2722,142,car,0 days 01:13:41.529000
2024-04-21 07:22:00.482,0 days 01:13:41.809000,0 days 00:01:25.707000,9496,182,6,0,True,0,car,4660.614444444442,0.8620200206218398,5099,-2852,142,car,0 days 01:13:41.809000
2024-04-21 07:22:00.642,0 days 01:13:41.969000,0 days 00:01:25.867000,9566,182,6,0,True,0,car,4668.703333333331,0.8635161289676224,5168,-2958,142,car,0 days 01:13:41.969000
2024-04-21 07:22:00.842,0 days 01:13:42.169000,0 days 00:01:26.067000,9221,164,6,0,True,0,car,4677.8144444444415,0.8652013059505091,5215,-3029,143,car,0 days 01:13:42.169000
2024-04-21 07:22:01.002,0 days 01:13:42.329000,0 days 00:01:26.227000,9852,149,6,0,True,0,car,4684.436666666664,0.8664261419039245,5223,-3040,143,car,0 days 01:13:42.329000
2024-04-21 07:22:01.361,0 days 01:13:42.688000,0 days 00:01:26.586000,9025,122,3,0,True,0,car,4696.6027777777745,0.8686763669495489,5325,-3201,142,car,0 days 01:13:42.688000
2024-04-21 07:22:01.761,0 days 01:13:43.088000,0 days 00:01:26.986000,8588,102,2,0,True,0,car,4707.936111111108,0.8707725627087497,5372,-3289,142,car,0 days 01:13:43.088000
2024-04-21 07:22:02.201,0 days 01:13:43.528000,0 days 00:01:27.426000,6957,83,2,0,True,0,car,4718.080555555553,0.8726488634226225,5395,-3363,142,car,0 days 01:13:43.528000
2024-04-21 07:22:02.641,0 days 01:13:43.968000,0 days 00:01:27.866000,5866,74,2,0,True,0,car,4727.124999999997,0.8743217098422199,5399,-3456,142,car,0 days 01:13:43.968000
2024-04-21 07:22:02.881,0 days 01:13:44.208000,0 days 00:01:28.106000,5563,66,2,0,True,0,car,4731.524999999997,0.8751355270193214,5388,-3513,143,car,0 days 01:13:44.208000
2024-04-21 07:22:03.241,0 days 01:13:44.568000,0 days 00:01:28.466000,5056,64,2,0,False,0,car,4737.9249999999965,0.8763192610951053,5359,-3567,142,car,0 days 01:13:44.568000
2024-04-21 07:22:03.481,0 days 01:13:44.808000,0 days 00:01:28.706000,5745,57,2,10,False,0,car,4741.724999999997,0.877022103202602,5332,-3590,142,car,0 days 01:13:44.808000
2024-04-21 07:22:03.721,0 days 01:13:45.048000,0 days 00:01:28.946000,5702,59,2,14,False,0,car,4745.65833333333,0.8777496064366775,5304,-3606,142,car,0 days 01:13:45.048000
2024-04-21 07:22:03.921,0 days 01:13:45.248000,0 days 00:01:29.146000,5861,62,2,18,False,0,car,4749.1027777777745,0.878386685539964,5280,-3615,142,car,0 days 01:13:45.248000
2024-04-21 07:22:04.241,0 days 01:13:45.568000,0 days 00:01:29.466000,6134,65,2,30,False,0,car,4754.880555555552,0.8794553343583801,5229,-3623,143,car,0 days 01:13:45.568000
2024-04-21 07:22:04.681,0 days 01:13:46.008000,0 days 00:01:29.906000,7107,76,2,42,False,0,car,4764.169444444441,0.881173392843372,5132,-3617,142,car,0 days 01:13:46.008000
2024-04-21 07:22:04.841,0 days 01:13:46.168000,0 days 00:01:30.066000,7548,79,2,46,False,0,car,4767.680555555552,0.8818228025099479,5057,-3595,142,car,0 days 01:13:46.168000
2024-04-21 07:22:05.201,0 days 01:13:46.528000,0 days 00:01:30.426000,8220,92,2,51,False,0,car,4776.880555555552,0.8835244202438873,4955,-3542,143,car,0 days 01:13:46.528000
2024-04-21 07:22:05.601,0 days 01:13:46.928000,0 days 00:01:30.826000,9984,107,2,72,False,0,car,4788.7694444444405,0.8857233706971666,4881,-3490,142,car,0 days 01:13:46.928000
2024-04-21 07:22:06.081,0 days 01:13:47.408000,0 days 00:01:31.306000,11676,129,2,89,False,0,car,4805.96944444444,0.8889046560258359,4749,-3375,141,car,0 days 01:13:47.408000
2024-04-21 07:22:06.321,0 days 01:13:47.648000,0 days 00:01:31.546000,11655,134,2,100,False,0,car,4814.902777777774,0.8905569515066176,4709,-3337,141,car,0 days 01:13:47.648000
2024-04-21 07:22:06.522,0 days 01:13:47.849000,0 days 00:01:31.747000,11148,148,3,100,False,0,pos,4823.166111111107,0.8920853248263408,4654,-3282,142,car,0 days 01:13:47.849000
2024-04-21 07:22:06.842,0 days 01:13:48.169000,0 days 00:01:32.067000,11916,158,3,100,False,0,car,4837.210555555551,0.8946829634926443,4538,-3150,142,car,0 days 01:13:48.169000
2024-04-21 07:22:07.122,0 days 01:13:48.449000,0 days 00:01:32.347000,10755,166,3,100,False,0,car,4850.121666666662,0.897070982583028,4489,-3087,142,car,0 days 01:13:48.449000
2024-04-21 07:22:07.322,0 days 01:13:48.649000,0 days 00:01:32.547000,11035,177,4,100,False,0,car,4859.954999999995,0.8988897406682168,4427,-3005,141,car,0 days 01:13:48.649000
2024-04-21 07:22:07.682,0 days 01:13:49.009000,0 days 00:01:32.907000,11607,194,4,100,False,0,car,4879.354999999995,0.9024779345854369,4322,-2856,141,car,0 days 01:13:49.009000
2024-04-21 07:22:07.882,0 days 01:13:49.209000,0 days 00:01:33.107000,11156,197,4,100,False,0,car,4890.299444444439,0.9045022020587826,4262,-2766,142,car,0 days 01:13:49.209000
2024-04-21 07:22:08.161,0 days 01:13:49.488000,0 days 00:01:33.386000,10637,203,5,100,False,0,car,4906.031944444439,0.9074120608630438,4154,-2596,143,car,0 days 01:13:49.488000
2024-04-21 07:22:08.321,0 days 01:13:49.648000,0 days 00:01:33.546000,10896,205,5,100,False,0,car,4915.143055555551,0.9090972378459307,4101,-2510,143,car,0 days 01:13:49.648000
2024-04-21 07:22:08.761,0 days 01:13:50.088000,0 days 00:01:33.986000,11347,219,5,100,False,0,car,4941.909722222217,0.9140479590066313,3973,-2290,142,car,0 days 01:13:50.088000
2024-04-21 07:22:09.161,0 days 01:13:50.488000,0 days 00:01:34.386000,11784,229,5,100,False,0,car,4967.3541666666615,0.9187541239954251,3884,-2136,141,car,0 days 01:13:50.488000
2024-04-21 07:22:09.521,0 days 01:13:50.848000,0 days 00:01:34.746000,10756,235,5,100,False,0,car,4990.8541666666615,0.9231006475549443,3720,-1853,143,car,0 days 01:13:50.848000
2024-04-21 07:22:09.721,0 days 01:13:51.048000,0 days 00:01:34.946000,10817,237,5,100,False,0,car,5004.0208333333285,0.925535933804604,3683,-1789,143,car,0 days 01:13:51.048000
2024-04-21 07:22:09.921,0 days 01:13:51.248000,0 days 00:01:35.146000,10953,242,6,100,False,0,car,5017.465277777773,0.9280225974013029,3631,-1707,144,car,0 days 01:13:51.248000
2024-04-21 07:22:10.081,0 days 01:13:51.408000,0 days 00:01:35.306000,10830,246,6,81,False,0,car,5028.398611111106,0.9300448097807672,3541,-1560,148,car,0 days 01:13:51.408000
2024-04-21 07:22:10.361,0 days 01:13:51.688000,0 days 00:01:35.586000,9898,235,6,0,True,0,car,5046.6763888888845,0.9334254392159489,3438,-1398,151,car,0 days 01:13:51.688000
2024-04-21 07:22:10.761,0 days 01:13:52.088000,0 days 00:01:35.986000,9899,190,6,0,True,0,car,5067.787499999996,0.9373301175909307,3302,-1206,154,car,0 days 01:13:52.088000
2024-04-21 07:22:10.961,0 days 01:13:52.288000,0 days 00:01:36.186000,10567,184,6,0,True,0,car,5078.009722222218,0.9392208039619746,3201,-1097,156,car,0 days 01:13:52.288000
2024-04-21 07:22:11.201,0 days 01:13:52.528000,0 days 00:01:36.426000,9885,175,4,0,True,0,car,5089.6763888888845,0.9413786525376223,3129,-1034,157,car,0 days 01:13:52.528000
2024-04-21 07:22:11.561,0 days 01:13:52.888000,0 days 00:01:36.786000,9676,164,4,3,False,0,car,5106.076388888884,0.9444119711068186,2998,-961,158,car,0 days 01:13:52.888000
2024-04-21 07:22:11.801,0 days 01:13:53.128000,0 days 00:01:37.026000,9506,161,4,28,False,0,car,5116.809722222217,0.9463971917964145,2848,-924,159,car,0 days 01:13:53.128000
2024-04-21 07:22:12.041,0 days 01:13:53.368000,0 days 00:01:37.266000,9822,158,4,58,False,0,car,5127.343055555551,0.9483454207961423,2760,-918,159,car,0 days 01:13:53.368000
2024-04-21 07:22:12.241,0 days 01:13:53.568000,0 days 00:01:37.466000,9797,158,4,65,False,0,car,5136.120833333328,0.949968944962582,2707,-927,159,car,0 days 01:13:53.568000
2024-04-21 07:22:12.641,0 days 01:13:53.968000,0 days 00:01:37.866000,11131,165,4,100,False,0,car,5154.454166666662,0.9533598498671716,2547,-951,157,car,0 days 01:13:53.968000
2024-04-21 07:22:12.841,0 days 01:13:54.168000,0 days 00:01:38.066000,11282,167,4,100,False,0,car,5163.73194444444,0.955075853258282,2455,-970,158,car,0 days 01:13:54.168000
2024-04-21 07:22:13.082,0 days 01:13:54.409000,0 days 00:01:38.307000,11315,183,4,100,False,0,car,5175.982777777774,0.9573417483947535,2344,-993,157,car,0 days 01:13:54.409000
2024-04-21 07:22:13.242,0 days 01:13:54.569000,0 days 00:01:38.467000,11033,183,4,100,False,0,car,5184.116111111107,0.9588460771160622,2267,-1009,157,car,0 days 01:13:54.569000
2024-04-21 07:22:13.402,0 days 01:13:54.729000,0 days 00:01:38.627000,10193,192,4,100,False,0,car,5192.64944444444,0.9604243892171074,2188,-1026,156,car,0 days 01:13:54.729000
2024-04-21 07:22:13.722,0 days 01:13:55.049000,0 days 00:01:38.947000,10584,204,5,100,False,0,car,5210.782777777774,0.9637783024318287,1963,-1076,157,car,0 days 01:13:55.049000
2024-04-21 07:22:14.082,0 days 01:13:55.409000,0 days 00:01:39.307000,11030,209,5,100,False,0,car,5231.6827777777735,0.9676439340230606,1839,-1103,156,car,0 days 01:13:55.409000
2024-04-21 07:22:14.322,0 days 01:13:55.649000,0 days 00:01:39.547000,11321,217,5,100,False,0,car,5246.14944444444,0.9703196662568638,1697,-1133,155,car,0 days 01:13:55.649000
2024-04-21 07:22:14.522,0 days 01:13:55.849000,0 days 00:01:39.747000,11592,223,5,100,False,0,car,5258.538333333328,0.9726110959348137,1579,-1158,153,car,0 days 01:13:55.849000
2024-04-21 07:22:14.761,0 days 01:13:56.088000,0 days 00:01:39.986000,11779,227,5,100,False,0,car,5273.608611111106,0.9753984711437332,1421,-1192,149,car,0 days 01:13:56.088000
2024-04-21 07:22:15.161,0 days 01:13:56.488000,0 days 00:01:40.386000,10745,236,6,100,False,0,car,5299.830833333328,0.9802484927042369,1139,-1250,144,car,0 days 01:13:56.488000
2024-04-21 07:22:15.481,0 days 01:13:56.808000,0 days 00:01:40.706000,10994,244,6,100,False,0,car,5321.519722222218,0.9842600359610604,992,-1281,142,car,0 days 01:13:56.808000
2024-04-21 07:22:15.721,0 days 01:13:57.048000,0 days 00:01:40.946000,11145,248,6,100,False,0,car,5338.053055555551,0.9873180156568355,824,-1318,140,car,0 days 01:13:57.048000
2024-04-21 07:22:15.961,0 days 01:13:57.288000,0 days 00:01:41.186000,11333,251,6,100,False,0,car,5354.786388888884,0.990412987042479,616,-1364,139,car,0 days 01:13:57.288000
2024-04-21 07:22:16.401,0 days 01:13:57.728000,0 days 00:01:41.626000,11591,258,6,100,False,0,car,5386.319722222217,0.9962453434783728,297,-1436,140,car,0 days 01:13:57.728000
