Date_x,SessionTime_x,Time,RPM_x,Speed_x,nGear_x,Throttle_x,Brake_x,DRS_x,Source_x,Distance,RelativeDistance,X,Y,Z,Source_y,SessionTime_y
2024-09-14 12:12:27.468,0 days 00:25:21.918000,0 days 00:00:00.296000,11889,339,8,67,False,12,car,27.873333333333335,0.004702793560794684,1356.0071911199532,-470.213117206635,-244.04818106120445,car,0 days 00:25:21.918000
2024-09-14 12:12:27.628,0 days 00:25:22.078000,0 days 00:00:00.456000,11986,337,8,0,False,8,car,42.851111111111116,0.007229846785681567,1484.7244184027124,-416.9285315300644,-244.03449484317113,car,0 days 00:25:22.078000
2024-09-14 12:12:27.989,0 days 00:25:22.439000,0 days 00:00:00.817000,11498,322,8,0,True,8,car,75.14055555555555,0.012677727367419345,1788.0070486491882,-289.72888273216745,-242.93154929415473,car,0 days 00:25:22.439000
2024-09-14 12:12:28.349,0 days 00:25:22.799000,0 days 00:00:01.177000,10319,291,8,0,True,8,car,104.24055555555556,0.017587484337729987,2067.512494810864,-172.0004674187294,-243.00120246631474,car,0 days 00:25:22.799000
2024-09-14 12:12:28.549,0 days 00:25:22.999000,0 days 00:00:01.377000,9534,272,8,0,True,8,car,119.35166666666667,0.020137033585390346,2209.958730536719,-112.26471137196505,-243.00498943418856,car,0 days 00:25:22.999000
2024-09-14 12:12:28.909,0 days 00:25:23.359000,0 days 00:00:01.737000,9722,244,8,0,True,8,car,143.75166666666667,0.024253805752936036,2439.8507202586775,-17.241641397220768,-242.9710090960902,car,0 days 00:25:23.359000
2024-09-14 12:12:29.189,0 days 00:25:23.639000,0 days 00:00:02.017000,8867,220,7,0,True,8,car,160.86277777777775,0.027140795342198494,2685.8959805259087,86.76220382418352,-244.17467931885042,car,0 days 00:25:23.639000
2024-09-14 12:12:29.589,0 days 00:25:24.039000,0 days 00:00:02.417000,8822,193,6,0,True,8,car,182.30722222222218,0.030758905671598852,2795.8774343754835,136.17821658687325,-244.1730507856829,car,0 days 00:25:24.039000
2024-09-14 12:12:29.789,0 days 00:25:24.239000,0 days 00:00:02.617000,9168,187,6,0,True,8,car,192.69611111111107,0.032511720779365344,2897.940906479359,180.07896499489974,-244.94941255404638,car,0 days 00:25:24.239000
2024-09-14 12:12:29.989,0 days 00:25:24.439000,0 days 00:00:02.817000,8726,167,6,0,True,8,car,201.97388888888884,0.034077069030686226,3024.745154841792,231.04362975299523,-245.7916473748132,car,0 days 00:25:24.439000
2024-09-14 12:12:30.149,0 days 00:25:24.599000,0 days 00:00:02.977000,8248,155,5,0,True,8,car,208.86277777777772,0.035239363540649035,3098.43619434945,259.5819139844594,-246.13986729202742,car,0 days 00:25:24.599000
2024-09-14 12:12:30.389,0 days 00:25:24.839000,0 days 00:00:03.217000,8889,144,5,0,True,8,car,218.46277777777772,0.03685907718033914,3149.466658463989,277.2097479592324,-246.0277169643159,car,0 days 00:25:24.839000
2024-09-14 12:12:30.629,0 days 00:25:25.079000,0 days 00:00:03.457000,8507,133,4,0,True,8,car,227.32944444444436,0.03835506269477514,3226.729284937081,303.0132084584363,-245.97244023564664,car,0 days 00:25:25.079000
2024-09-14 12:12:31.108,0 days 00:25:25.558000,0 days 00:00:03.936000,7990,108,3,0,True,8,car,241.69944444444437,0.04077957154918627,3390.4769645035476,366.4915062973877,-246.97518241015084,car,0 days 00:25:25.558000
2024-09-14 12:12:31.548,0 days 00:25:25.998000,0 days 00:00:04.376000,7710,92,2,0,True,8,car,252.9438888888888,0.04267673613641589,3473.624379359747,408.03462001079333,-247.07350250677956,car,0 days 00:25:25.998000
2024-09-14 12:12:31.828,0 days 00:25:26.278000,0 days 00:00:04.656000,7088,87,2,0,True,8,car,259.71055555555546,0.04381840929216968,3530.989695834888,445.06618990323506,-246.37695636402887,car,0 days 00:25:26.278000
2024-09-14 12:12:32.028,0 days 00:25:26.478000,0 days 00:00:04.856000,6810,84,2,0,True,8,car,264.37722222222214,0.04460577008924126,3572.6361236290622,479.5521696774037,-245.87966339741774,car,0 days 00:25:26.478000
2024-09-14 12:12:32.228,0 days 00:25:26.678000,0 days 00:00:05.056000,6569,80,2,0,True,8,car,268.8216666666666,0.04535563751502372,3602.486879219681,506.44947790829485,-246.1747737380049,car,0 days 00:25:26.678000
2024-09-14 12:12:32.428,0 days 00:25:26.878000,0 days 00:00:05.256000,6248,77,2,0,True,8,car,273.0994444444444,0.04607738491233934,3618.9619084040637,524.4377771744266,-245.8379104728997,car,0 days 00:25:26.878000
2024-09-14 12:12:32.708,0 days 00:25:27.158000,0 days 00:00:05.536000,5890,73,2,0,False,8,car,278.7772222222221,0.04703534054877642,3654.362690507379,569.2760306502707,-243.78525698163622,car,0 days 00:25:27.158000
2024-09-14 12:12:32.868,0 days 00:25:27.318000,0 days 00:00:05.696000,5952,70,2,0,False,8,car,281.8883333333332,0.04756024774682414,3671.1602715478743,598.0706157250877,-244.12835780314072,car,0 days 00:25:27.318000
2024-09-14 12:12:33.068,0 days 00:25:27.518000,0 days 00:00:05.896000,6010,69,2,0,False,8,car,285.7216666666665,0.04820700840156151,3696.8852569955798,653.4076865183092,-245.6842751772295,car,0 days 00:25:27.518000
2024-09-14 12:12:33.348,0 days 00:25:27.798000,0 days 00:00:06.176000,5788,68,2,0,False,8,car,291.0105555555554,0.04909935063824263,3711.262555920057,688.6052062029803,-246.3422590066418,car,0 days 00:25:27.798000
2024-09-14 12:12:33.708,0 days 00:25:28.158000,0 days 00:00:06.536000,5741,68,2,0,False,8,car,297.8105555555554,0.05024664779968979,3720.413647788705,761.357553711693,-245.20154870097454,car,0 days 00:25:28.158000
2024-09-14 12:12:33.948,0 days 00:25:28.398000,0 days 00:00:06.776000,5630,67,2,2,False,8,car,302.2772222222221,0.05100026456260117,3722.7428587661107,801.2416988131084,-244.88507096999854,car,0 days 00:25:28.398000
2024-09-14 12:12:34.268,0 days 00:25:28.718000,0 days 00:00:07.096000,5732,65,2,3,False,8,car,308.0549999999999,0.05197509221611837,3717.5675569896,848.7914220676626,-245.14086296539372,car,0 days 00:25:28.718000
2024-09-14 12:12:34.589,0 days 00:25:29.039000,0 days 00:00:07.417000,5739,65,2,7,False,8,car,313.85083333333324,0.052952966206052804,3705.5433073129693,906.6440807662713,-243.9816316785772,car,0 days 00:25:29.039000
2024-09-14 12:12:34.789,0 days 00:25:29.239000,0 days 00:00:07.617000,5848,66,2,9,False,8,car,317.5174999999999,0.053571606832323336,3689.131887192524,962.0359164475549,-243.98019497616144,car,0 days 00:25:29.239000
2024-09-14 12:12:34.989,0 days 00:25:29.439000,0 days 00:00:07.817000,5871,67,2,9,False,8,car,321.23972222222216,0.054199620801416146,3681.1443000280997,987.201300209709,-244.01994409318016,car,0 days 00:25:29.439000
2024-09-14 12:12:35.149,0 days 00:25:29.599000,0 days 00:00:07.977000,5928,68,2,9,False,8,car,324.2619444444444,0.05470953065094822,3674.3677826597796,1004.7373925592151,-243.99135102155603,car,0 days 00:25:29.599000
2024-09-14 12:12:35.389,0 days 00:25:29.839000,0 days 00:00:08.217000,6121,70,2,9,False,8,car,328.9286111111111,0.0554968914480198,3656.5505386369473,1049.5687014207392,-244.0337016414976,car,0 days 00:25:29.839000
2024-09-14 12:12:35.549,0 days 00:25:29.999000,0 days 00:00:08.377000,6096,70,2,9,False,8,car,332.03972222222217,0.05602179864606752,3644.9943325079603,1077.647194824924,-244.0369387483749,car,0 days 00:25:29.999000
2024-09-14 12:12:35.789,0 days 00:25:30.239000,0 days 00:00:08.617000,6020,71,2,6,False,8,car,336.7730555555555,0.05682040745452584,3625.9626301747303,1121.696007949777,-242.94101887924757,car,0 days 00:25:30.239000
2024-09-14 12:12:36.029,0 days 00:25:30.479000,0 days 00:00:08.857000,6051,71,2,7,False,8,car,341.5063888888888,0.05761901626298415,3604.76255605726,1169.350113696024,-243.02464869433163,car,0 days 00:25:30.479000
2024-09-14 12:12:36.189,0 days 00:25:30.639000,0 days 00:00:09.017000,6100,72,2,7,False,8,car,344.7063888888888,0.058158920809547515,3583.754658959329,1214.6660859740364,-242.97595490954154,car,0 days 00:25:30.639000
2024-09-14 12:12:36.429,0 days 00:25:30.879000,0 days 00:00:09.257000,6324,72,2,12,False,8,car,349.5063888888888,0.05896877762939257,3563.6019820275737,1258.2356802759996,-243.12222529158953,car,0 days 00:25:30.879000
2024-09-14 12:12:36.669,0 days 00:25:31.119000,0 days 00:00:09.497000,6364,74,2,14,False,8,car,354.43972222222214,0.0598011304720111,3553.3811511480308,1281.7251114972937,-243.18441904116943,car,0 days 00:25:31.119000
2024-09-14 12:12:37.149,0 days 00:25:31.599000,0 days 00:00:09.977000,6765,78,2,20,False,8,car,364.8397222222222,0.06155582024834206,3510.912997505457,1381.2111709766393,-241.9232776186473,car,0 days 00:25:31.599000
2024-09-14 12:12:37.429,0 days 00:25:31.879000,0 days 00:00:10.257000,7011,80,2,18,False,8,car,371.0619444444444,0.0626056346444375,3489.94216360455,1430.5101525060795,-241.99906695656387,car,0 days 00:25:31.879000
2024-09-14 12:12:37.589,0 days 00:25:32.039000,0 days 00:00:10.417000,7151,82,2,18,False,8,car,374.70638888888885,0.06322052593357912,3465.5711899535627,1489.6266171032203,-242.02622118957365,car,0 days 00:25:32.039000
2024-09-14 12:12:37.828,0 days 00:25:32.278000,0 days 00:00:10.656000,7312,84,2,22,False,8,car,380.28305555555556,0.06416142208607967,3442.550061494198,1544.8584863069586,-241.59267812774692,car,0 days 00:25:32.278000
2024-09-14 12:12:38.068,0 days 00:25:32.518000,0 days 00:00:10.896000,7463,87,2,22,False,8,car,386.0830555555556,0.06513999907672577,3431.480966032959,1571.28675107597,-240.99307765320066,car,0 days 00:25:32.518000
2024-09-14 12:12:38.308,0 days 00:25:32.758000,0 days 00:00:11.136000,7666,88,2,23,False,8,car,391.9497222222222,0.0661298240787586,3409.6273409238447,1625.866862316671,-241.00462629646825,car,0 days 00:25:32.758000
2024-09-14 12:12:38.588,0 days 00:25:33.038000,0 days 00:00:11.416000,7864,90,2,25,False,8,car,398.94972222222225,0.06731086527436599,3378.4256677355106,1699.1756166593927,-240.9909287291414,car,0 days 00:25:33.038000
2024-09-14 12:12:38.948,0 days 00:25:33.398000,0 days 00:00:11.776000,8030,94,2,26,False,8,car,408.3497222222222,0.06889683487989588,3339.691172971989,1787.337640701187,-241.2317616059694,car,0 days 00:25:33.398000
2024-09-14 12:12:39.228,0 days 00:25:33.678000,0 days 00:00:12.056000,8193,94,2,24,False,8,car,415.6608333333333,0.07013036679530801,3315.106990459649,1842.466228374904,-240.2076736873366,car,0 days 00:25:33.678000
2024-09-14 12:12:39.508,0 days 00:25:33.958000,0 days 00:00:12.336000,8367,96,2,25,False,8,car,423.1275,0.07139014407062255,3284.238163704136,1910.709129996506,-240.00331612187315,car,0 days 00:25:33.958000
2024-09-14 12:12:39.708,0 days 00:25:34.158000,0 days 00:00:12.536000,8472,98,2,24,False,8,car,428.5719444444444,0.07230873166720606,3262.227120278793,1960.756609091176,-239.9986820030953,car,0 days 00:25:34.158000
2024-09-14 12:12:39.868,0 days 00:25:34.318000,0 days 00:00:12.696000,8366,98,2,24,False,8,car,432.92749999999995,0.07304360174447286,3244.4690707485724,2000.7522446194455,-239.99272680911696,car,0 days 00:25:34.318000
2024-09-14 12:12:40.108,0 days 00:25:34.558000,0 days 00:00:12.936000,8528,99,2,20,False,8,car,439.5275,0.07415715487175982,3216.771015487595,2060.7584189278414,-240.11552545041667,car,0 days 00:25:34.558000
2024-09-14 12:12:40.308,0 days 00:25:34.758000,0 days 00:00:13.136000,8484,99,2,19,False,8,car,445.0275,0.07508511581116561,3194.2110645683765,2110.7624631070616,-238.9683963047417,car,0 days 00:25:34.758000
2024-09-14 12:12:40.588,0 days 00:25:35.038000,0 days 00:00:13.416000,8387,99,2,17,False,8,car,452.7275,0.07638426112633373,3162.5962160635586,2181.155261500103,-238.97783088870594,car,0 days 00:25:35.038000
2024-09-14 12:12:40.948,0 days 00:25:35.398000,0 days 00:00:13.776000,8338,98,2,17,False,8,car,462.52750000000003,0.07803771880018405,3114.690042459079,2287.183285422313,-239.05706217877935,car,0 days 00:25:35.398000
2024-09-14 12:12:41.269,0 days 00:25:35.719000,0 days 00:00:14.097000,8276,97,2,17,False,8,car,471.1766666666667,0.07949700767747082,3079.3302980214594,2367.643438754255,-238.5473081563572,car,0 days 00:25:35.719000
2024-09-14 12:12:41.429,0 days 00:25:35.879000,0 days 00:00:14.257000,8221,97,2,16,False,8,car,475.4877777777778,0.0802243790804798,3069.1507766348223,2390.5141333787947,-238.0838698133158,car,0 days 00:25:35.879000
2024-09-14 12:12:41.669,0 days 00:25:36.119000,0 days 00:00:14.497000,8304,97,2,16,False,8,car,481.9544444444445,0.08131543618499329,3039.2973452344045,2456.9299189617,-237.9653394347935,car,0 days 00:25:36.119000
2024-09-14 12:12:41.869,0 days 00:25:36.319000,0 days 00:00:14.697000,8286,97,2,16,False,8,car,487.34333333333336,0.08222465043875452,3011.9001825307378,2518.7317386803575,-238.07482992387716,car,0 days 00:25:36.319000
2024-09-14 12:12:42.109,0 days 00:25:36.559000,0 days 00:00:14.937000,8229,97,2,16,False,8,car,493.81000000000006,0.08331570754326799,2985.4127723440583,2579.3353290799196,-237.98590409502137,car,0 days 00:25:36.559000
2024-09-14 12:12:42.309,0 days 00:25:36.759000,0 days 00:00:15.137000,8219,96,2,16,False,8,car,499.14333333333343,0.08421554845420695,2972.74289006682,2607.836148781228,-237.3082385866218,car,0 days 00:25:36.759000
2024-09-14 12:12:42.509,0 days 00:25:36.959000,0 days 00:00:15.337000,8250,96,2,18,False,8,car,504.47666666666674,0.0851153893651459,2949.6867006017173,2659.8078185188806,-236.89882768744272,car,0 days 00:25:36.959000
2024-09-14 12:12:42.949,0 days 00:25:37.399000,0 days 00:00:15.777000,8612,99,2,35,False,8,car,516.5766666666667,0.08715690343183863,2901.983170559286,2769.1960214651476,-236.9934299662026,car,0 days 00:25:37.399000
2024-09-14 12:12:43.149,0 days 00:25:37.599000,0 days 00:00:15.977000,8848,102,2,37,False,8,car,522.2433333333335,0.08811298439971127,2883.7227726067395,2809.770250479638,-237.05648802609727,car,0 days 00:25:37.599000
2024-09-14 12:12:43.309,0 days 00:25:37.759000,0 days 00:00:16.137000,9034,103,2,38,False,8,car,526.8211111111112,0.08888534784826721,2864.525944639068,2852.195723035071,-236.79693826327576,car,0 days 00:25:37.759000
2024-09-14 12:12:43.589,0 days 00:25:38.039000,0 days 00:00:16.417000,9312,106,2,38,False,8,car,535.0655555555558,0.09027635192309368,2831.6589238555152,2926.8038434330474,-235.98410894307105,car,0 days 00:25:38.039000
2024-09-14 12:12:43.749,0 days 00:25:38.199000,0 days 00:00:16.577000,9312,109,2,39,False,8,car,539.9100000000002,0.09109370741719656,2812.2978485021126,2970.9930954222577,-236.04709595872976,car,0 days 00:25:38.199000
2024-09-14 12:12:43.909,0 days 00:25:38.359000,0 days 00:00:16.737000,9638,110,2,41,False,8,car,544.798888888889,0.09191856158555725,2792.598009013656,3014.9900812076385,-235.81812981148343,car,0 days 00:25:38.359000
2024-09-14 12:12:44.149,0 days 00:25:38.599000,0 days 00:00:16.977000,9853,113,2,43,False,8,car,552.3322222222224,0.09318958687225852,2762.417388575603,3084.0752590112825,-234.97089539524808,car,0 days 00:25:38.599000
2024-09-14 12:12:44.389,0 days 00:25:38.839000,0 days 00:00:17.217000,10065,114,2,42,False,8,car,559.9322222222223,0.09447186017034652,2730.913051633578,3154.272807452031,-234.8292269881131,car,0 days 00:25:38.839000
2024-09-14 12:12:44.668,0 days 00:25:39.118000,0 days 00:00:17.496000,9662,118,2,2,False,8,car,569.0772222222223,0.09601480613232215,2695.006962412588,3235.1624639312604,-233.96982215020475,car,0 days 00:25:39.118000
2024-09-14 12:12:45.028,0 days 00:25:39.478000,0 days 00:00:17.856000,9040,106,2,0,True,8,car,579.6772222222224,0.09780323994281333,2638.2625733979494,3364.401579951603,-233.08709622111357,car,0 days 00:25:39.478000
2024-09-14 12:12:45.268,0 days 00:25:39.718000,0 days 00:00:18.096000,8094,97,2,0,True,8,car,586.143888888889,0.09889429704732679,2621.473276929667,3401.103937589677,-233.05603068864085,car,0 days 00:25:39.718000
2024-09-14 12:12:45.668,0 days 00:25:40.118000,0 days 00:00:18.496000,7231,87,2,0,True,8,car,595.8105555555557,0.10052525869840363,2570.468402944307,3511.5076622593606,-231.95295646121613,car,0 days 00:25:40.118000
2024-09-14 12:12:46.068,0 days 00:25:40.518000,0 days 00:00:18.896000,6693,81,2,0,False,8,car,604.8105555555557,0.1020437402356131,2542.4587090193136,3564.836576486604,-231.9667774070883,car,0 days 00:25:40.518000
2024-09-14 12:12:46.268,0 days 00:25:40.718000,0 days 00:00:19.096000,6666,78,2,0,False,8,car,609.143888888889,0.102774860975751,2517.6828824534678,3602.282065751554,-232.08185236336703,car,0 days 00:25:40.718000
2024-09-14 12:12:46.708,0 days 00:25:41.158000,0 days 00:00:19.536000,6320,76,2,0,False,8,car,618.4327777777779,0.10434208389563635,2455.1497004661915,3661.801562291651,-230.7773881844682,car,0 days 00:25:41.158000
2024-09-14 12:12:46.988,0 days 00:25:41.438000,0 days 00:00:19.816000,6390,74,2,5,False,8,car,624.1883333333334,0.10531316221202461,2388.2188338144488,3684.808711984607,-233.47008963735976,car,0 days 00:25:41.438000
2024-09-14 12:12:47.268,0 days 00:25:41.718000,0 days 00:00:20.096000,6632,74,2,17,False,8,car,629.943888888889,0.1062842405284129,2340.3930234652207,3689.067814649703,-233.6765671547354,car,0 days 00:25:41.718000
2024-09-14 12:12:47.548,0 days 00:25:41.998000,0 days 00:00:20.376000,6959,77,2,27,False,8,car,635.9327777777779,0.10729468688465477,2286.0854667090516,3682.4754545216406,-232.04285246420605,car,0 days 00:25:41.998000
2024-09-14 12:12:47.749,0 days 00:25:42.199000,0 days 00:00:20.577000,7108,80,2,30,False,8,car,640.3994444444446,0.10804830364756615,2242.8261969218884,3674.0631044017537,-232.08146515543754,car,0 days 00:25:42.199000
2024-09-14 12:12:47.949,0 days 00:25:42.399000,0 days 00:00:20.777000,7385,82,2,37,False,8,car,644.9550000000002,0.10881691775899316,2193.8259113247977,3661.505658216026,-231.34223246454533,car,0 days 00:25:42.399000
2024-09-14 12:12:48.149,0 days 00:25:42.599000,0 days 00:00:20.977000,7680,86,2,42,False,8,car,649.7327777777779,0.10962302524170929,2142.3583859778782,3646.494683133369,-229.9713500825889,car,0 days 00:25:42.599000
2024-09-14 12:12:48.469,0 days 00:25:42.919000,0 days 00:00:21.297000,8347,92,2,49,False,8,car,657.9105555555557,0.11100278130514903,2075.614908217829,3623.637978832702,-229.9534744743575,car,0 days 00:25:42.919000
2024-09-14 12:12:48.629,0 days 00:25:43.079000,0 days 00:00:21.457000,8716,98,2,51,False,8,car,662.2661111111113,0.11173765138241584,2035.2229852314597,3608.247219702753,-230.00303595221362,car,0 days 00:25:43.079000
2024-09-14 12:12:48.869,0 days 00:25:43.319000,0 days 00:00:21.697000,9127,103,2,54,False,8,car,669.132777777778,0.11289619655524974,1960.9438287393891,3579.2559715477873,-230.15807271550221,car,0 days 00:25:43.319000
2024-09-14 12:12:49.189,0 days 00:25:43.639000,0 days 00:00:22.017000,9826,111,2,57,False,8,car,678.9994444444446,0.1145609022404868,1805.4092147345323,3518.4454628809444,-231.16096854390196,car,0 days 00:25:43.639000
2024-09-14 12:12:49.389,0 days 00:25:43.839000,0 days 00:00:22.217000,10366,116,2,59,False,8,car,685.4438888888891,0.11564821000787136,1779.0906264969271,3508.1555759734915,-231.02751006923424,car,0 days 00:25:43.839000
2024-09-14 12:12:49.789,0 days 00:25:44.239000,0 days 00:00:22.617000,10070,127,2,63,False,8,car,699.5550000000003,0.11802903908473068,1621.1578878388761,3448.560039378872,-231.02231098839252,car,0 days 00:25:44.239000
2024-09-14 12:12:50.189,0 days 00:25:44.639000,0 days 00:00:23.017000,10461,139,3,67,False,8,car,714.9994444444446,0.12063482838932471,1518.6370460755359,3410.541167601421,-229.9113976978506,car,0 days 00:25:44.639000
2024-09-14 12:12:50.549,0 days 00:25:44.999000,0 days 00:00:23.377000,10427,150,3,71,False,8,car,729.9994444444446,0.1231656309513405,1377.8545476441036,3359.849051960492,-230.0025661763325,car,0 days 00:25:44.999000
2024-09-14 12:12:50.749,0 days 00:25:45.199000,0 days 00:00:23.577000,9895,156,4,74,False,8,car,738.6661111111114,0.1246278724316163,1297.6657165899792,3329.8217707762346,-229.86777827050997,car,0 days 00:25:45.199000
2024-09-14 12:12:51.268,0 days 00:25:45.718000,0 days 00:00:24.096000,10807,171,4,76,False,8,car,763.3186111111113,0.12878724644228925,1079.357560298039,3248.7131750269245,-229.1002441812918,car,0 days 00:25:45.718000
2024-09-14 12:12:51.668,0 days 00:25:46.118000,0 days 00:00:24.496000,11549,179,4,78,False,8,car,783.2075000000001,0.13214290317266572,851.3164961639461,3163.1114685834345,-227.8556683790764,car,0 days 00:25:46.118000
2024-09-14 12:12:51.868,0 days 00:25:46.318000,0 days 00:00:24.696000,10990,187,4,86,False,8,car,793.5963888888891,0.13389571828043226,789.2121429266689,3140.181793762371,-227.95332270678793,car,0 days 00:25:46.318000
2024-09-14 12:12:52.188,0 days 00:25:46.638000,0 days 00:00:25.016000,10660,195,5,100,False,8,car,810.9297222222223,0.13682020124098382,594.7759111408527,3068.287451628349,-228.01184719070235,car,0 days 00:25:46.638000
2024-09-14 12:12:52.668,0 days 00:25:47.118000,0 days 00:00:25.496000,11330,208,5,100,False,12,car,838.6630555555556,0.14149937397786636,367.66274169910366,2982.495697589009,-227.96177453515864,car,0 days 00:25:47.118000
2024-09-14 12:12:52.868,0 days 00:25:47.318000,0 days 00:00:25.696000,11576,212,5,100,False,12,car,850.4408333333336,0.14348652265618989,213.8615772027261,2924.4509445697727,-228.01301010958645,car,0 days 00:25:47.318000
2024-09-14 12:12:53.148,0 days 00:25:47.598000,0 days 00:00:25.976000,11118,219,5,100,False,12,car,867.4741666666667,0.14636038956550113,108.08259337298738,2885.3505416249454,-228.94540446470134,car,0 days 00:25:47.598000
2024-09-14 12:12:53.508,0 days 00:25:47.958000,0 days 00:00:26.336000,10739,225,6,100,False,12,car,889.9741666666667,0.15015659340852483,-104.44508606576424,2804.429628082963,-229.1792890295207,car,0 days 00:25:47.958000
2024-09-14 12:12:53.788,0 days 00:25:48.238000,0 days 00:00:26.616000,11033,231,6,100,False,12,car,907.9408333333334,0.1531879324772504,-298.7332500613394,2733.191085725167,-230.02941739742354,car,0 days 00:25:48.238000
2024-09-14 12:12:54.068,0 days 00:25:48.518000,0 days 00:00:26.896000,11133,236,6,100,False,12,car,926.296388888889,0.15628488494573198,-434.4755092013427,2682.0980094174643,-229.92977085297176,car,0 days 00:25:48.518000
2024-09-14 12:12:54.269,0 days 00:25:48.719000,0 days 00:00:27.097000,11335,239,6,100,False,12,car,939.6405555555558,0.1585363150249297,-556.1781405562882,2635.177768152281,-230.7329370693186,car,0 days 00:25:48.719000
2024-09-14 12:12:54.429,0 days 00:25:48.879000,0 days 00:00:27.257000,11470,243,6,100,False,12,car,950.4405555555558,0.16035849286958107,-657.2019177376349,2595.600278883031,-231.5052205857093,car,0 days 00:25:48.879000
2024-09-14 12:12:54.629,0 days 00:25:49.079000,0 days 00:00:27.457000,11635,246,6,100,False,12,car,964.1072222222224,0.16266433520386211,-782.0705578981945,2546.283726893871,-232.0062004237379,car,0 days 00:25:49.079000
2024-09-14 12:12:54.949,0 days 00:25:49.399000,0 days 00:00:27.777000,11816,250,6,100,False,12,car,986.3294444444447,0.16641367233277443,-984.908242206752,2461.8046349313645,-232.000189515439,car,0 days 00:25:49.399000
2024-09-14 12:12:55.189,0 days 00:25:49.639000,0 days 00:00:28.017000,11184,253,6,100,False,12,car,1003.1961111111112,0.16925941921361884,-1152.6993472529946,2389.6432371303326,-232.0079650640621,car,0 days 00:25:49.639000
2024-09-14 12:12:55.429,0 days 00:25:49.879000,0 days 00:00:28.257000,10484,254,7,100,False,12,car,1020.1294444444447,0.17211641410585002,-1332.9681175918952,2311.0418234695608,-231.98966453994365,car,0 days 00:25:49.879000
2024-09-14 12:12:55.709,0 days 00:25:50.159000,0 days 00:00:28.537000,10632,259,7,100,False,12,car,1040.273888888889,0.17551518821320897,-1479.2912192722426,2247.7270530553897,-232.0140986166051,car,0 days 00:25:50.159000
2024-09-14 12:12:55.949,0 days 00:25:50.399000,0 days 00:00:28.777000,10780,262,7,100,False,12,car,1057.7405555555556,0.17846216719653404,-1715.3128885223648,2146.5304257685875,-232.86976349871279,car,0 days 00:25:50.399000
2024-09-14 12:12:56.309,0 days 00:25:50.759000,0 days 00:00:29.137000,10914,266,7,100,False,12,car,1084.3405555555555,0.182950123739842,-1948.5712959342036,2045.1897405745356,-232.98278150855776,car,0 days 00:25:50.759000
2024-09-14 12:12:56.549,0 days 00:25:50.999000,0 days 00:00:29.377000,10962,269,7,100,False,12,car,1102.2738888888887,0.18597583880287422,-2046.6712499512691,2002.865967368144,-233.2987977769842,car,0 days 00:25:50.999000
2024-09-14 12:12:56.789,0 days 00:25:51.239000,0 days 00:00:29.617000,11121,271,7,100,False,12,car,1120.3405555555555,0.18902404988867993,-2213.820189066021,1930.864424058228,-232.51340712759293,car,0 days 00:25:51.239000
2024-09-14 12:12:56.989,0 days 00:25:51.439000,0 days 00:00:29.817000,11222,272,7,100,False,12,car,1135.4516666666666,0.19157359913634028,-2408.1589828779215,1846.8742749261685,-230.8598848675911,car,0 days 00:25:51.439000
2024-09-14 12:12:57.189,0 days 00:25:51.639000,0 days 00:00:30.017000,11311,274,7,100,False,12,car,1150.6738888888888,0.1941418950696452,-2499.868666309697,1807.5715876614954,-230.80589868561734,car,0 days 00:25:51.639000
2024-09-14 12:12:57.549,0 days 00:25:51.999000,0 days 00:00:30.377000,11388,278,7,100,False,12,car,1178.4738888888887,0.19883231581791447,-2729.9728099430695,1708.799708074106,-230.8622253897214,car,0 days 00:25:51.999000
2024-09-14 12:12:57.988,0 days 00:25:52.438000,0 days 00:00:30.816000,11514,280,7,100,False,12,car,1212.618333333333,0.2045931723164882,-3147.1469765514003,1527.9377707834217,-229.99025372874294,car,0 days 00:25:52.438000
2024-09-14 12:12:58.268,0 days 00:25:52.718000,0 days 00:00:31.096000,11564,282,7,95,False,12,car,1234.5516666666665,0.20829376806272462,-3229.5328376743773,1492.6747320041457,-229.24559733839337,car,0 days 00:25:52.718000
2024-09-14 12:12:58.428,0 days 00:25:52.878000,0 days 00:00:31.256000,11620,283,7,89,False,12,car,1247.1294444444443,0.21041589287768897,-3343.5088719223813,1442.4539834049542,-228.2568885022286,car,0 days 00:25:52.878000
2024-09-14 12:12:58.628,0 days 00:25:53.078000,0 days 00:00:31.456000,11676,284,7,76,False,8,car,1262.9072222222221,0.2130779222392167,-3616.8013586776133,1321.4825704733757,-226.69836681206183,car,0 days 00:25:53.078000
2024-09-14 12:12:58.828,0 days 00:25:53.278000,0 days 00:00:31.656000,11586,285,7,55,False,8,car,1278.7405555555554,0.21574932494356672,-3780.5699388666785,1248.4137702674664,-226.18978902869537,car,0 days 00:25:53.278000
2024-09-14 12:12:59.028,0 days 00:25:53.478000,0 days 00:00:31.856000,11220,281,7,0,False,8,car,1294.3516666666667,0.21838323427662762,-3876.1643784552352,1205.5959555498557,-226.02211207740166,car,0 days 00:25:53.478000
2024-09-14 12:12:59.228,0 days 00:25:53.678000,0 days 00:00:32.056000,10772,274,7,0,True,8,car,1309.5738888888886,0.2209515302099325,-3960.9458339145335,1168.1341021293733,-225.5311150555636,car,0 days 00:25:53.678000
2024-09-14 12:12:59.388,0 days 00:25:53.838000,0 days 00:00:32.216000,10346,259,7,0,True,8,car,1321.085,0.2228936868427091,-4032.3776863475064,1136.4947559692737,-224.97365851812475,car,0 days 00:25:53.838000
2024-09-14 12:12:59.668,0 days 00:25:54.118000,0 days 00:00:32.496000,9333,232,7,0,True,8,car,1339.1294444444445,0.2259381485913859,-4199.376153409412,1061.734884350648,-224.01471643648222,car,0 days 00:25:54.118000
2024-09-14 12:12:59.868,0 days 00:25:54.318000,0 days 00:00:32.696000,8811,224,7,0,True,8,car,1351.5738888888886,0.22803777738357672,-4375.299355125221,983.5511131268863,-223.97869617902887,car,0 days 00:25:54.318000
2024-09-14 12:13:00.108,0 days 00:25:54.558000,0 days 00:00:32.936000,8013,211,7,0,True,8,car,1365.6405555555555,0.23041110778617824,-4500.795184142732,928.0868641554623,-223.26824492776908,car,0 days 00:25:54.558000
2024-09-14 12:13:00.468,0 days 00:25:54.918000,0 days 00:00:33.296000,8220,182,7,0,True,8,car,1383.8405555555555,0.2334818148947574,-4624.157865270868,872.9132694670017,-223.47301893279393,car,0 days 00:25:54.918000
2024-09-14 12:13:00.869,0 days 00:25:55.319000,0 days 00:00:33.697000,8061,162,6,0,True,8,car,1401.8855555555556,0.23652637037686242,-4785.261627911532,801.3142801910147,-223.9931907265606,car,0 days 00:25:55.319000
2024-09-14 12:13:01.069,0 days 00:25:55.519000,0 days 00:00:33.897000,8066,152,6,0,True,8,car,1410.33,0.23795111848584907,-4863.098396615925,766.3719674801077,-224.00011858133132,car,0 days 00:25:55.519000
2024-09-14 12:13:01.309,0 days 00:25:55.759000,0 days 00:00:34.137000,8261,143,5,0,True,8,car,1419.8633333333332,0.23955958411415243,-4951.531621128221,727.0590580594348,-224.0127857798372,car,0 days 00:25:55.759000
2024-09-14 12:13:01.509,0 days 00:25:55.959000,0 days 00:00:34.337000,7973,133,4,0,True,8,car,1427.2522222222221,0.24080623870951579,-5012.234424949357,699.7846021205428,-223.91166933503558,car,0 days 00:25:55.959000
2024-09-14 12:13:01.869,0 days 00:25:56.319000,0 days 00:00:34.697000,7203,118,4,0,True,8,car,1439.052222222222,0.2427971367249682,-5195.075889894313,617.6746666414881,-224.9606037815785,car,0 days 00:25:56.319000
2024-09-14 12:13:02.109,0 days 00:25:56.559000,0 days 00:00:34.937000,8170,112,4,0,True,8,car,1446.5188888888886,0.24405691400028268,-5248.582868314439,593.2926463825995,-225.08660235246015,car,0 days 00:25:56.559000
2024-09-14 12:13:02.269,0 days 00:25:56.719000,0 days 00:00:35.097000,7604,112,3,0,True,8,car,1451.4966666666664,0.24489676551715905,-5275.1169834662505,581.2443810927537,-224.99488004019406,car,0 days 00:25:56.719000
2024-09-14 12:13:02.469,0 days 00:25:56.919000,0 days 00:00:35.297000,7159,100,3,0,True,8,car,1457.0522222222219,0.2458340997993871,-5327.771851134289,557.1373460890005,-224.98310166753734,car,0 days 00:25:56.919000
2024-09-14 12:13:02.709,0 days 00:25:57.159000,0 days 00:00:35.537000,6434,94,3,0,True,8,car,1463.3188888888885,0.24689141286974037,-5386.784266286723,526.6565452382183,-225.16792116025186,car,0 days 00:25:57.159000
2024-09-14 12:13:02.909,0 days 00:25:57.359000,0 days 00:00:35.737000,6049,89,3,0,True,8,car,1468.263333333333,0.24772564038092337,-5441.454736319873,494.8303066775063,-225.8450802776212,car,0 days 00:25:57.359000
2024-09-14 12:13:03.189,0 days 00:25:57.639000,0 days 00:00:36.017000,5716,83,3,0,True,8,car,1474.7188888888886,0.2488148228168724,-5486.511400741687,463.2286922948441,-226.05775435768845,car,0 days 00:25:57.639000
2024-09-14 12:13:03.469,0 days 00:25:57.919000,0 days 00:00:36.297000,5633,80,3,0,False,8,car,1480.9411111111108,0.2498646372129678,-5522.132945949107,432.5687296380926,-225.9850762581131,car,0 days 00:25:57.919000
2024-09-14 12:13:03.669,0 days 00:25:58.119000,0 days 00:00:36.497000,5598,77,3,0,False,8,car,1485.2188888888886,0.25058638461028343,-5555.9585087459745,385.8452074533071,-226.0233477946028,car,0 days 00:25:58.119000
2024-09-14 12:13:03.869,0 days 00:25:58.319000,0 days 00:00:36.697000,5450,77,3,0,False,8,car,1489.4966666666664,0.25130813200759905,-5581.8184008522385,336.544325890158,-225.83037640853496,car,0 days 00:25:58.319000
2024-09-14 12:13:04.069,0 days 00:25:58.519000,0 days 00:00:36.897000,5291,75,3,0,False,8,car,1493.663333333333,0.2520111327192701,-5584.773429200875,315.7159963328165,-225.21507837847292,car,0 days 00:25:58.519000
2024-09-14 12:13:04.269,0 days 00:25:58.719000,0 days 00:00:37.097000,5622,73,3,9,False,8,car,1497.7188888888886,0.2526953867452966,-5583.562667175203,284.1280826016904,-224.98314944289507,car,0 days 00:25:58.719000
2024-09-14 12:13:04.549,0 days 00:25:58.999000,0 days 00:00:37.377000,5599,75,3,13,False,8,car,1503.5522222222219,0.25367958774163607,-5574.782972538361,224.5875247770823,-224.88253230972526,car,0 days 00:25:58.999000
2024-09-14 12:13:04.788,0 days 00:25:59.238000,0 days 00:00:37.616000,5798,77,3,18,False,8,car,1508.6641666666662,0.25454207588142824,-5560.045991099026,174.94757021896703,-226.4054248087083,car,0 days 00:25:59.238000
2024-09-14 12:13:05.068,0 days 00:25:59.518000,0 days 00:00:37.896000,5957,79,3,25,False,8,car,1514.8086111111106,0.2555787675975725,-5536.359769039287,117.5747991688847,-225.99372921784556,car,0 days 00:25:59.518000
2024-09-14 12:13:05.228,0 days 00:25:59.678000,0 days 00:00:38.056000,6121,81,3,30,False,8,car,1518.4086111111105,0.2561861602124562,-5521.189736827048,85.00395868407308,-225.98811661117776,car,0 days 00:25:59.678000
2024-09-14 12:13:05.508,0 days 00:25:59.958000,0 days 00:00:38.336000,6500,85,3,36,False,8,car,1525.0197222222216,0.25730158800830766,-5493.29060648988,26.587385443750897,-226.0047497977377,car,0 days 00:25:59.958000
2024-09-14 12:13:05.788,0 days 00:26:00.238000,0 days 00:00:38.616000,6885,91,3,38,False,8,car,1532.0974999999994,0.2584957518838662,-5463.0480510184625,-32.63087599474494,-227.12775939082826,car,0 days 00:26:00.238000
2024-09-14 12:13:06.268,0 days 00:26:00.718000,0 days 00:00:39.096000,7278,100,3,42,False,8,car,1545.4308333333327,0.2607453541612136,-5390.670706675375,-184.3796232124757,-226.98534201637517,car,0 days 00:26:00.718000
2024-09-14 12:13:06.548,0 days 00:26:00.998000,0 days 00:00:39.376000,7670,105,3,44,False,8,car,1553.5974999999994,0.26212323555608885,-5374.333525625262,-226.22954848682014,-226.79514668300166,car,0 days 00:26:00.998000
2024-09-14 12:13:06.788,0 days 00:26:01.238000,0 days 00:00:39.616000,8287,109,3,45,False,8,car,1560.864166666666,0.26334926879724313,-5351.428738350866,-289.04085773228695,-227.8948388347314,car,0 days 00:26:01.238000
2024-09-14 12:13:07.148,0 days 00:26:01.598000,0 days 00:00:39.976000,8489,117,3,45,False,8,car,1572.564166666666,0.2653232947956155,-5315.8050249549415,-398.3680397221525,-228.02477596935202,car,0 days 00:26:01.598000
2024-09-14 12:13:07.308,0 days 00:26:01.758000,0 days 00:00:40.136000,8899,119,3,47,False,8,car,1577.853055555555,0.2662156370322966,-5301.249770838736,-444.2866512512194,-227.95380416557373,car,0 days 00:26:01.758000
2024-09-14 12:13:07.509,0 days 00:26:01.959000,0 days 00:00:40.337000,9136,122,3,46,False,8,car,1584.6647222222218,0.2673649025957365,-5279.689639880583,-513.9748051085728,-228.03422126922266,car,0 days 00:26:01.959000
2024-09-14 12:13:07.829,0 days 00:26:02.279000,0 days 00:00:40.657000,9376,128,3,44,False,8,car,1596.0424999999993,0.2692845632057395,-5227.322849619326,-665.9598201297066,-229.7951968285478,car,0 days 00:26:02.279000
2024-09-14 12:13:07.989,0 days 00:26:02.439000,0 days 00:00:40.817000,9516,129,3,44,False,8,car,1601.775833333333,0.27025189218499895,-5219.852642599652,-682.3315816618891,-229.95766035754048,car,0 days 00:26:02.439000
2024-09-14 12:13:08.269,0 days 00:26:02.719000,0 days 00:00:41.097000,9662,132,3,39,False,8,car,1612.0424999999996,0.2719840859385564,-5189.175842376733,-755.6790106290013,-230.0226301085461,car,0 days 00:26:02.719000
2024-09-14 12:13:08.509,0 days 00:26:02.959000,0 days 00:00:41.337000,9687,132,3,32,False,8,car,1620.8424999999997,0.2734688234416057,-5154.869371781173,-836.6897818994196,-229.97968759799144,car,0 days 00:26:02.959000
2024-09-14 12:13:08.709,0 days 00:26:03.159000,0 days 00:00:41.537000,9778,134,3,31,False,8,car,1628.286944444444,0.2747248513797913,-5126.2372768647065,-901.0955391035036,-230.73060981035718,car,0 days 00:26:03.159000
2024-09-14 12:13:08.909,0 days 00:26:03.359000,0 days 00:00:41.737000,9740,135,3,30,False,8,car,1635.786944444444,0.2759902526607992,-5087.294404136691,-983.6886696873768,-231.0170825892189,car,0 days 00:26:03.359000
2024-09-14 12:13:09.189,0 days 00:26:03.639000,0 days 00:00:42.017000,9777,135,3,30,False,8,car,1646.286944444444,0.2777618144542103,-5040.209054497833,-1082.8018543471326,-231.42784673344244,car,0 days 00:26:03.639000
2024-09-14 12:13:09.469,0 days 00:26:03.919000,0 days 00:00:42.297000,9137,126,3,0,True,8,car,1656.0869444444438,0.27941527212806055,-5005.437620484809,-1157.4982478833533,-232.03689031182174,car,0 days 00:26:03.919000
2024-09-14 12:13:09.709,0 days 00:26:04.159000,0 days 00:00:42.537000,8266,123,3,0,True,8,car,1664.2869444444439,0.2807987775286292,-4971.254141650423,-1232.4242663413027,-232.05254465409456,car,0 days 00:26:04.159000
2024-09-14 12:13:09.989,0 days 00:26:04.439000,0 days 00:00:42.817000,7633,112,3,0,True,8,car,1672.998055555555,0.2822685176831628,-4937.598320662791,-1310.9238990638341,-233.0454825590391,car,0 days 00:26:04.439000
2024-09-14 12:13:10.269,0 days 00:26:04.719000,0 days 00:00:43.097000,7066,101,3,0,True,8,car,1680.8536111111107,0.28359390835823334,-4905.704338753548,-1393.1439646842864,-233.3692370109057,car,0 days 00:26:04.719000
2024-09-14 12:13:10.429,0 days 00:26:04.879000,0 days 00:00:43.257000,6733,97,3,0,True,8,car,1685.1647222222218,0.2843212797612423,-4888.651002364198,-1441.30614074601,-233.94039041185155,car,0 days 00:26:04.879000
2024-09-14 12:13:10.669,0 days 00:26:05.119000,0 days 00:00:43.497000,6489,93,3,0,True,8,car,1691.3647222222219,0.2853673448202088,-4873.798851387242,-1486.8567516560092,-234.01050607469753,car,0 days 00:26:05.119000
2024-09-14 12:13:10.909,0 days 00:26:05.359000,0 days 00:00:43.737000,6026,87,3,0,True,8,car,1697.1647222222218,0.28634592181085494,-4859.5875784839955,-1540.2144879142202,-233.9980213398185,car,0 days 00:26:05.359000
2024-09-14 12:13:11.189,0 days 00:26:05.639000,0 days 00:00:44.017000,5687,82,3,0,False,8,car,1703.5424999999996,0.2874219815668528,-4850.216635903217,-1602.8087915007377,-233.92737087888298,car,0 days 00:26:05.639000
2024-09-14 12:13:11.708,0 days 00:26:06.158000,0 days 00:00:44.536000,5378,77,3,0,False,8,car,1714.643333333333,0.2892949160628868,-4858.39992950576,-1710.3314134598709,-235.25992139500354,car,0 days 00:26:06.158000
2024-09-14 12:13:12.068,0 days 00:26:06.518000,0 days 00:00:44.896000,5269,73,3,4,False,8,car,1721.943333333333,0.29052657330973447,-4890.350503198613,-1774.8284486442344,-234.21990062025034,car,0 days 00:26:06.518000
2024-09-14 12:13:12.308,0 days 00:26:06.758000,0 days 00:00:45.136000,5357,73,3,10,False,8,car,1726.8099999999997,0.2913476781409663,-4922.717399940564,-1811.2815431750212,-235.0538650920359,car,0 days 00:26:06.758000
2024-09-14 12:13:12.708,0 days 00:26:07.158000,0 days 00:00:45.536000,5675,75,3,18,False,8,car,1735.143333333333,0.29275367956430837,-4989.278291554725,-1860.7978191226368,-235.00040593286315,car,0 days 00:26:07.158000
2024-09-14 12:13:12.988,0 days 00:26:07.438000,0 days 00:00:45.816000,5896,78,3,21,False,8,car,1741.2099999999996,0.2937772486005014,-5043.285401050796,-1890.8380442778034,-235.00722898893304,car,0 days 00:26:07.438000
2024-09-14 12:13:13.308,0 days 00:26:07.758000,0 days 00:00:46.136000,6213,82,3,30,False,8,car,1748.4988888888886,0.2950070311787847,-5108.7985102943585,-1921.1578589129913,-234.87873883068687,car,0 days 00:26:07.758000
2024-09-14 12:13:13.748,0 days 00:26:08.198000,0 days 00:00:46.576000,6658,89,3,35,False,8,car,1759.3766666666663,0.29684233170338725,-5206.521830018225,-1960.9665167948783,-235.98504236578145,car,0 days 00:26:08.198000
2024-09-14 12:13:13.989,0 days 00:26:08.439000,0 days 00:00:46.817000,6870,93,3,35,False,8,car,1765.6024999999997,0.2978927553667661,-5264.034917630975,-1983.0974761102138,-236.02122644004237,car,0 days 00:26:08.439000
2024-09-14 12:13:14.189,0 days 00:26:08.639000,0 days 00:00:47.017000,7144,95,3,38,False,8,car,1770.8802777777776,0.2987832229348828,-5313.263024700946,-2001.6815851289598,-235.83907432769251,car,0 days 00:26:08.639000
2024-09-14 12:13:14.389,0 days 00:26:08.839000,0 days 00:00:47.217000,7520,100,3,41,False,8,car,1776.435833333333,0.2997205572171109,-5365.236668522284,-2020.054435339752,-236.56805691553475,car,0 days 00:26:08.839000
2024-09-14 12:13:14.629,0 days 00:26:09.079000,0 days 00:00:47.457000,7658,105,3,41,False,8,car,1783.435833333333,0.30090159841271824,-5429.5926156344685,-2043.6929473202256,-237.01331384137663,car,0 days 00:26:09.079000
2024-09-14 12:13:14.949,0 days 00:26:09.399000,0 days 00:00:47.777000,8064,110,3,43,False,8,car,1793.2136111111108,0.30255130674943964,-5523.554507970482,-2081.3170517296335,-237.10318653305953,car,0 days 00:26:09.399000
2024-09-14 12:13:15.149,0 days 00:26:09.599000,0 days 00:00:47.977000,8220,113,3,45,False,8,car,1799.4913888888884,0.30361049448835736,-5609.705976234403,-2118.018188783651,-237.82962851401393,car,0 days 00:26:09.599000
2024-09-14 12:13:15.429,0 days 00:26:09.879000,0 days 00:00:48.257000,8641,118,3,48,False,8,car,1808.6691666666663,0.3051589707225981,-5666.49862252068,-2142.467003836504,-238.02295409507485,car,0 days 00:26:09.879000
2024-09-14 12:13:15.829,0 days 00:26:10.279000,0 days 00:00:48.657000,9107,122,3,49,False,8,car,1822.2247222222218,0.3074460663712346,-5780.870516635023,-2193.9159116018363,-237.88339859713358,car,0 days 00:26:10.279000
2024-09-14 12:13:16.029,0 days 00:26:10.479000,0 days 00:00:48.857000,9321,126,3,50,False,8,car,1829.2247222222218,0.308627107566842,-5845.95257662039,-2222.289724964429,-238.02588966156063,car,0 days 00:26:10.479000
2024-09-14 12:13:16.469,0 days 00:26:10.919000,0 days 00:00:49.297000,9625,128,3,51,False,8,car,1844.8691666666662,0.31126664090559625,-5992.453437791741,-2284.707641925456,-239.04083679041514,car,0 days 00:26:10.919000
2024-09-14 12:13:16.669,0 days 00:26:11.119000,0 days 00:00:49.497000,9958,134,3,53,False,8,car,1852.3136111111107,0.3125226688437819,-6058.641216749032,-2311.4720215311995,-238.94482539862756,car,0 days 00:26:11.119000
2024-09-14 12:13:16.869,0 days 00:26:11.319000,0 days 00:00:49.697000,10160,134,3,53,False,8,car,1859.7580555555553,0.3137786967819675,-6128.097475982102,-2340.4491371051163,-239.45663949946405,car,0 days 00:26:11.319000
2024-09-14 12:13:17.029,0 days 00:26:11.479000,0 days 00:00:49.857000,10254,134,3,54,False,8,car,1865.7136111111108,0.314783519132516,-6182.841137023821,-2364.1725896999956,-239.98327596523185,car,0 days 00:26:11.479000
2024-09-14 12:13:17.469,0 days 00:26:11.919000,0 days 00:00:50.297000,10265,146,3,55,False,8,car,1883.5580555555553,0.31779423684703256,-6364.125307103968,-2449.0759403845286,-240.0136683309713,car,0 days 00:26:11.919000
2024-09-14 12:13:17.629,0 days 00:26:12.079000,0 days 00:00:50.457000,9468,148,3,53,False,8,car,1890.1358333333333,0.31890404063719063,-6414.054888167591,-2474.640082361546,-239.88458647309577,car,0 days 00:26:12.079000
2024-09-14 12:13:18.109,0 days 00:26:12.559000,0 days 00:00:50.937000,9845,156,4,52,False,8,car,1910.9358333333332,0.32241342018985253,-6603.49562247225,-2580.299764526587,-241.29394733540414,car,0 days 00:26:12.559000
2024-09-14 12:13:18.548,0 days 00:26:12.998000,0 days 00:00:51.376000,10115,162,4,51,False,8,car,1930.6908333333333,0.3257464871640274,-6750.918425505066,-2669.430486494672,-240.06638641107804,car,0 days 00:26:12.998000
2024-09-14 12:13:18.748,0 days 00:26:13.198000,0 days 00:00:51.576000,10228,164,4,51,False,8,car,1939.8019444444446,0.32728371538688145,-6824.337209472491,-2713.765167198718,-239.98948524596133,car,0 days 00:26:13.198000
2024-09-14 12:13:18.988,0 days 00:26:13.438000,0 days 00:00:51.816000,10344,166,4,50,False,8,car,1950.8686111111115,0.32915088527707975,-6919.294116136403,-2771.1806612467044,-239.99714313441694,car,0 days 00:26:13.438000
2024-09-14 12:13:19.308,0 days 00:26:13.758000,0 days 00:00:52.136000,9597,167,4,0,True,8,car,1965.713055555556,0.33165544247919315,-7031.14168935552,-2836.335218113966,-239.76320760340343,car,0 days 00:26:13.758000
2024-09-14 12:13:19.508,0 days 00:26:13.958000,0 days 00:00:52.336000,9178,155,4,0,True,8,car,1974.3241666666668,0.33310831061664664,-7109.117224477259,-2880.2441398014994,-239.0195516546674,car,0 days 00:26:13.958000
2024-09-14 12:13:19.788,0 days 00:26:14.238000,0 days 00:00:52.616000,8450,140,4,0,True,8,car,1985.2130555555557,0.33494548580981365,-7204.230691771145,-2932.667383286388,-238.9486326869938,car,0 days 00:26:14.238000
2024-09-14 12:13:20.148,0 days 00:26:14.598000,0 days 00:00:52.976000,7560,123,4,0,True,8,car,1997.5130555555556,0.3370207439106666,-7361.594872511098,-3018.4494346839615,-240.01997602128174,car,0 days 00:26:14.598000
2024-09-14 12:13:20.508,0 days 00:26:14.958000,0 days 00:00:53.336000,7770,113,3,0,True,8,car,2008.8130555555556,0.3389272818407185,-7425.766216457575,-3056.8344226996974,-240.0418113737718,car,0 days 00:26:14.958000
2024-09-14 12:13:20.669,0 days 00:26:15.119000,0 days 00:00:53.497000,7516,113,3,0,True,8,car,2013.8666666666668,0.3397799279705473,-7460.671978484185,-3080.1232931465793,-239.9967599230665,car,0 days 00:26:15.119000
2024-09-14 12:13:20.989,0 days 00:26:15.439000,0 days 00:00:53.817000,6930,99,3,0,True,8,car,2022.6666666666667,0.3412646654735966,-7535.233129770818,-3132.809690445157,-240.00042223981794,car,0 days 00:26:15.439000
2024-09-14 12:13:21.389,0 days 00:26:15.839000,0 days 00:00:54.217000,6381,91,3,0,True,8,car,2032.7777777777778,0.34297061386725164,-7626.131644997098,-3210.5136258991984,-239.80725813832223,car,0 days 00:26:15.839000
2024-09-14 12:13:21.589,0 days 00:26:16.039000,0 days 00:00:54.417000,6123,90,3,0,False,8,car,2037.7777777777778,0.3438142147212569,-7646.584978305336,-3236.8689389560764,-240.08814486743887,car,0 days 00:26:16.039000
2024-09-14 12:13:21.909,0 days 00:26:16.359000,0 days 00:00:54.737000,5891,85,3,0,False,8,car,2045.3333333333335,0.3450889893450871,-7702.36003433812,-3309.6207627341173,-241.1345419284521,car,0 days 00:26:16.359000
2024-09-14 12:13:22.069,0 days 00:26:16.519000,0 days 00:00:54.897000,5986,83,3,0,False,8,car,2049.0222222222224,0.34571137930848655,-7710.133107623938,-3326.686867541893,-241.01060325801453,car,0 days 00:26:16.519000
2024-09-14 12:13:22.429,0 days 00:26:16.879000,0 days 00:00:55.257000,5738,82,3,0,False,8,car,2057.222222222222,0.34709488470905514,-7741.377041736894,-3423.4657627848687,-240.97419287230167,car,0 days 00:26:16.879000
2024-09-14 12:13:22.589,0 days 00:26:17.039000,0 days 00:00:55.417000,5660,80,3,0,False,8,car,2060.777777777778,0.3476947786496811,-7745.470103959518,-3448.108580251229,-241.51410020036064,car,0 days 00:26:17.039000
2024-09-14 12:13:22.869,0 days 00:26:17.319000,0 days 00:00:55.697000,5846,78,3,6,False,8,car,2066.8444444444444,0.3487183476858742,-7741.275858664631,-3494.3710834103367,-242.04179002440745,car,0 days 00:26:17.319000
2024-09-14 12:13:23.029,0 days 00:26:17.479000,0 days 00:00:55.857000,5767,78,3,8,False,8,car,2070.311111111111,0.3493032442779845,-7734.673223500555,-3529.6005642454943,-241.98633911873685,car,0 days 00:26:17.479000
2024-09-14 12:13:23.189,0 days 00:26:17.639000,0 days 00:00:56.017000,5727,77,3,10,False,8,car,2073.7333333333336,0.34988064219583703,-7724.061826628369,-3562.342692958799,-241.99704718155658,car,0 days 00:26:17.639000
2024-09-14 12:13:23.349,0 days 00:26:17.799000,0 days 00:00:56.177000,5770,78,3,10,False,8,car,2077.2000000000003,0.35046553878794734,-7710.715300084065,-3595.3233480655076,-242.00052969208727,car,0 days 00:26:17.799000
2024-09-14 12:13:23.589,0 days 00:26:18.039000,0 days 00:00:56.417000,5631,79,3,8,False,8,car,2082.466666666667,0.35135413168749957,-7688.169134045086,-3643.6960557328666,-241.99998500106403,car,0 days 00:26:18.039000
2024-09-14 12:13:23.749,0 days 00:26:18.199000,0 days 00:00:56.577000,5484,78,3,0,False,8,car,2085.933333333334,0.35193902827960993,-7672.152145032595,-3674.7629289056263,-241.9999448697838,car,0 days 00:26:18.199000
2024-09-14 12:13:23.989,0 days 00:26:18.439000,0 days 00:00:56.817000,5386,77,3,0,False,8,car,2091.066666666667,0.3528051251563886,-7651.210413821608,-3717.6552564701333,-242.00277444465755,car,0 days 00:26:18.439000
2024-09-14 12:13:24.269,0 days 00:26:18.719000,0 days 00:00:57.097000,5344,76,3,1,False,8,car,2096.977777777778,0.3538024488326793,-7621.3257368854665,-3790.8000082739286,-242.00203320562701,car,0 days 00:26:18.719000
2024-09-14 12:13:24.429,0 days 00:26:18.879000,0 days 00:00:57.257000,5307,74,3,2,False,8,car,2100.266666666667,0.35435735072775826,-7613.588815987802,-3814.6152878756516,-242.08901766559887,car,0 days 00:26:18.879000
2024-09-14 12:13:24.629,0 days 00:26:19.079000,0 days 00:00:57.457000,5256,73,3,7,False,8,car,2104.3222222222225,0.35504160475378477,-7609.787453071983,-3842.1786783690745,-241.83522355882857,car,0 days 00:26:19.079000
2024-09-14 12:13:25.108,0 days 00:26:19.558000,0 days 00:00:57.936000,5656,74,3,14,False,8,car,2114.1683333333335,0.3567028423021776,-7621.14498467091,-3934.98626783452,-241.00531735143485,car,0 days 00:26:19.558000
2024-09-14 12:13:25.308,0 days 00:26:19.758000,0 days 00:00:58.136000,5799,76,3,18,False,8,car,2118.3905555555557,0.3574152163566709,-7642.303002264431,-3971.8513251806794,-240.99907371212805,car,0 days 00:26:19.758000
2024-09-14 12:13:25.548,0 days 00:26:19.998000,0 days 00:00:58.376000,5992,79,3,23,False,8,car,2123.657222222222,0.35830380925622307,-7677.145249003522,-4012.0687211980326,-240.99981200125785,car,0 days 00:26:19.998000
2024-09-14 12:13:25.908,0 days 00:26:20.358000,0 days 00:00:58.736000,6262,82,3,32,False,8,car,2131.857222222222,0.3596873146567917,-7741.1431162088975,-4066.280379346139,-240.86366089669195,car,0 days 00:26:20.358000
2024-09-14 12:13:26.068,0 days 00:26:20.518000,0 days 00:00:58.896000,6464,85,3,37,False,8,car,2135.6349999999998,0.3603247019687068,-7775.058162035887,-4091.0526567833017,-240.27530890372518,car,0 days 00:26:20.518000
2024-09-14 12:13:26.268,0 days 00:26:20.718000,0 days 00:00:59.096000,6699,89,3,40,False,8,car,2140.579444444444,0.36115892947988976,-7814.4451355645515,-4118.048538944029,-239.94168575307015,car,0 days 00:26:20.718000
2024-09-14 12:13:26.588,0 days 00:26:21.038000,0 days 00:00:59.416000,7271,95,3,44,False,8,car,2149.0238888888885,0.3625836775888764,-7881.128471699526,-4159.643704710169,-240.03816394853519,car,0 days 00:26:21.038000
2024-09-14 12:13:26.788,0 days 00:26:21.238000,0 days 00:00:59.616000,7551,99,3,45,False,8,car,2154.5238888888885,0.3635116385282822,-7950.303196198587,-4201.732945347417,-239.1203845499695,car,0 days 00:26:21.238000
2024-09-14 12:13:27.028,0 days 00:26:21.478000,0 days 00:00:59.856000,7856,104,3,47,False,8,car,2161.457222222222,0.36468143171250283,-8030.32655049518,-4253.102418942048,-238.8467142233345,car,0 days 00:26:21.478000
2024-09-14 12:13:27.269,0 days 00:26:21.719000,0 days 00:01:00.097000,7984,110,3,48,False,8,car,2168.821111111111,0.3659238683035962,-8098.206896969142,-4299.528514674281,-238.99196274769818,car,0 days 00:26:21.719000
2024-09-14 12:13:28.109,0 days 00:26:22.559000,0 days 00:01:00.937000,9400,126,3,53,False,8,car,2198.221111111111,0.37088424132514713,-8281.08072113804,-4439.698377237055,-238.13365065688942,car,0 days 00:26:22.559000
2024-09-14 12:13:28.429,0 days 00:26:22.879000,0 days 00:01:01.257000,9809,133,3,53,False,8,car,2210.043333333333,0.37287888867772845,-8404.42371277582,-4538.730070735978,-237.11861050956085,car,0 days 00:26:22.879000
2024-09-14 12:13:28.829,0 days 00:26:23.279000,0 days 00:01:01.657000,10149,139,3,54,False,8,car,2225.4877777777774,0.3754846779823225,-8499.003836471507,-4611.528476706511,-237.01243962880224,car,0 days 00:26:23.279000
2024-09-14 12:13:29.069,0 days 00:26:23.519000,0 days 00:01:01.897000,10452,143,3,55,False,8,car,2235.0211111111107,0.37709314361062585,-8617.161848256976,-4700.586517637209,-237.0054095970511,car,0 days 00:26:23.519000
2024-09-14 12:13:29.269,0 days 00:26:23.719000,0 days 00:01:02.097000,10074,146,3,55,False,8,car,2243.132222222222,0.37846165166267887,-8658.527230545998,-4731.535126890072,-236.99743947990186,car,0 days 00:26:23.719000
2024-09-14 12:13:29.469,0 days 00:26:23.919000,0 days 00:01:02.297000,9388,150,3,54,False,8,car,2251.465555555555,0.37986765308602094,-8696.560420417965,-4759.848923063944,-237.0008060023535,car,0 days 00:26:23.919000
2024-09-14 12:13:29.709,0 days 00:26:24.159000,0 days 00:01:02.537000,9577,153,4,54,False,8,car,2261.6655555555553,0.38158859882819174,-8784.862177329267,-4826.159928829057,-236.99998727324572,car,0 days 00:26:24.159000
2024-09-14 12:13:30.149,0 days 00:26:24.599000,0 days 00:01:02.977000,9999,160,4,56,False,8,car,2281.221111111111,0.38488801550163454,-8936.996077894719,-4941.8117565687635,-237.00092692460106,car,0 days 00:26:24.599000
2024-09-14 12:13:30.389,0 days 00:26:24.839000,0 days 00:01:03.217000,10237,163,4,56,False,8,car,2292.087777777778,0.38672144135767267,-9023.4050661285,-5007.255751517245,-236.9978400917401,car,0 days 00:26:24.839000
2024-09-14 12:13:30.789,0 days 00:26:25.239000,0 days 00:01:03.617000,10555,167,4,57,False,8,car,2310.6433333333334,0.3898521378603145,-9178.228825216702,-5125.194601915666,-236.7165894520178,car,0 days 00:26:25.239000
2024-09-14 12:13:31.109,0 days 00:26:25.559000,0 days 00:01:03.937000,10770,172,4,58,False,8,car,2325.932222222222,0.3924316818050061,-9310.114157809954,-5226.29857678469,-235.89303994509794,car,0 days 00:26:25.559000
2024-09-14 12:13:31.349,0 days 00:26:25.799000,0 days 00:01:04.177000,10885,175,4,57,False,8,car,2337.598888888889,0.3944000837976851,-9382.806598570427,-5281.109228072353,-236.00095610964405,car,0 days 00:26:25.799000
2024-09-14 12:13:31.708,0 days 00:26:26.158000,0 days 00:01:04.536000,11186,178,4,57,False,8,car,2355.3494444444445,0.39739496056283197,-9524.478257531095,-5389.242378482681,-236.10218440002646,car,0 days 00:26:26.158000
2024-09-14 12:13:31.908,0 days 00:26:26.358000,0 days 00:01:04.736000,11320,180,4,56,False,8,car,2365.3494444444445,0.39908216227084253,-9601.924196267468,-5447.557621216958,-235.130770830419,car,0 days 00:26:26.358000
2024-09-14 12:13:32.068,0 days 00:26:26.518000,0 days 00:01:04.896000,10973,182,4,56,False,8,car,2373.438333333333,0.4004469209857665,-9684.478687609702,-5511.204239668724,-234.9762138949012,car,0 days 00:26:26.518000
2024-09-14 12:13:32.268,0 days 00:26:26.718000,0 days 00:01:05.096000,9834,185,4,54,False,8,car,2383.716111111111,0.40218098940788843,-9769.144191924528,-5576.220477472794,-235.00425827055992,car,0 days 00:26:26.718000
2024-09-14 12:13:32.588,0 days 00:26:27.038000,0 days 00:01:05.416000,9872,182,5,36,True,8,car,2399.8938888888883,0.40491050683773655,-9898.897054095092,-5674.046774757169,-234.99991227334073,car,0 days 00:26:27.038000
2024-09-14 12:13:33.028,0 days 00:26:27.478000,0 days 00:01:05.856000,8130,157,5,0,True,8,car,2419.082777777777,0.4081480594485523,-10060.284043996196,-5794.720161426094,-234.9967551275206,car,0 days 00:26:27.478000
2024-09-14 12:13:33.508,0 days 00:26:27.958000,0 days 00:01:06.336000,7993,139,4,0,True,8,car,2437.6161111111105,0.41127500661406513,-10234.808266952783,-5927.341715666313,-235.9252411492944,car,0 days 00:26:27.958000
2024-09-14 12:13:33.909,0 days 00:26:28.359000,0 days 00:01:06.737000,8363,119,4,0,True,8,car,2450.8713888888883,0.4135114393447472,-10324.403067622123,-5999.472865401958,-233.80608566326964,car,0 days 00:26:28.359000
2024-09-14 12:13:34.189,0 days 00:26:28.639000,0 days 00:01:07.017000,7580,107,3,0,True,8,car,2459.1936111111104,0.41491556609952485,-10405.48713808396,-6066.176236299044,-234.16387329938271,car,0 days 00:26:28.639000
2024-09-14 12:13:34.389,0 days 00:26:28.839000,0 days 00:01:07.217000,7221,100,3,0,True,8,car,2464.749166666666,0.41585290038175293,-10431.537671325344,-6086.899903999397,-234.65324528601298,car,0 days 00:26:28.839000
2024-09-14 12:13:34.549,0 days 00:26:28.999000,0 days 00:01:07.377000,7880,93,3,0,True,8,car,2468.8824999999993,0.4165502770877306,-10459.077437885142,-6108.789331645113,-235.54453814100964,car,0 days 00:26:28.999000
2024-09-14 12:13:34.749,0 days 00:26:29.199000,0 days 00:01:07.577000,7801,88,2,0,True,8,car,2473.7713888888884,0.4173751312560914,-10508.743081252076,-6145.1772014864255,-236.5812984058242,car,0 days 00:26:29.199000
2024-09-14 12:13:35.069,0 days 00:26:29.519000,0 days 00:01:07.897000,6815,80,2,0,True,8,car,2480.8824999999997,0.4185749191373433,-10584.454660726096,-6194.758125035623,-237.0852750310226,car,0 days 00:26:29.519000
2024-09-14 12:13:35.429,0 days 00:26:29.879000,0 days 00:01:08.257000,6047,76,2,0,True,8,car,2488.4824999999996,0.4198571924354313,-10631.962410233675,-6218.064227153656,-237.0676117301528,car,0 days 00:26:29.879000
2024-09-14 12:13:35.589,0 days 00:26:30.039000,0 days 00:01:08.417000,5870,72,2,0,True,8,car,2491.6824999999994,0.4203970969819946,-10655.139630060785,-6226.354065722174,-236.9819358746478,car,0 days 00:26:30.039000
2024-09-14 12:13:35.869,0 days 00:26:30.319000,0 days 00:01:08.697000,5551,68,2,0,False,8,car,2496.971388888888,0.42128943921867573,-10704.524203286881,-6238.0033393452595,-235.68833384322807,car,0 days 00:26:30.319000
2024-09-14 12:13:36.029,0 days 00:26:30.479000,0 days 00:01:08.857000,5512,67,2,0,False,8,car,2499.949166666666,0.42179185039394995,-10731.005274460667,-6238.9676680635985,-235.10814326586095,car,0 days 00:26:30.479000
2024-09-14 12:13:36.269,0 days 00:26:30.719000,0 days 00:01:09.097000,5249,63,2,0,False,8,car,2504.1491666666657,0.4225004751113144,-10783.112449713986,-6220.260601085354,-234.95239127317672,car,0 days 00:26:30.719000
2024-09-14 12:13:36.429,0 days 00:26:30.879000,0 days 00:01:09.257000,5367,62,2,0,False,8,car,2506.9047222222216,0.42296539291529955,-10806.530815170412,-6207.345221602181,-235.03100864852536,car,0 days 00:26:30.879000
2024-09-14 12:13:36.669,0 days 00:26:31.119000,0 days 00:01:09.497000,5120,61,2,5,False,8,car,2510.971388888888,0.4236515216098905,-10822.66024545358,-6190.7692763327195,-234.88235858636406,car,0 days 00:26:31.119000
2024-09-14 12:13:36.949,0 days 00:26:31.399000,0 days 00:01:09.777000,5475,61,2,9,False,8,car,2515.7158333333327,0.4244520050869133,-10855.75116353692,-6148.307948026991,-233.87727964947044,car,0 days 00:26:31.399000
2024-09-14 12:13:37.269,0 days 00:26:31.719000,0 days 00:01:10.097000,5481,64,2,11,False,8,car,2521.4047222222216,0.42541183539191485,-10891.749794185393,-6086.267325358512,-232.5352659945173,car,0 days 00:26:31.719000
2024-09-14 12:13:37.429,0 days 00:26:31.879000,0 days 00:01:10.257000,5696,64,2,13,False,8,car,2524.249166666666,0.4258917505444156,-10898.520865561717,-6071.2491408620635,-232.13067649083706,car,0 days 00:26:31.879000
2024-09-14 12:13:37.709,0 days 00:26:32.159000,0 days 00:01:10.537000,6016,67,2,20,False,8,car,2529.4602777777773,0.42677097010114556,-10918.145230724846,-6027.210585397963,-231.87070591770535,car,0 days 00:26:32.159000
2024-09-14 12:13:38.069,0 days 00:26:32.519000,0 days 00:01:10.897000,6485,72,2,24,False,8,car,2536.660277777777,0.4279857553309131,-10948.392310868086,-5947.15685369833,-230.91417841056096,car,0 days 00:26:32.519000
2024-09-14 12:13:38.388,0 days 00:26:32.838000,0 days 00:01:11.216000,6960,78,2,30,False,8,car,2543.5719444444435,0.429151892911433,-10969.746646203299,-5885.484203369197,-230.98791783790406,car,0 days 00:26:32.838000
2024-09-14 12:13:38.668,0 days 00:26:33.118000,0 days 00:01:11.496000,7216,83,2,34,False,8,car,2550.0274999999992,0.43024107534738204,-10984.550582290662,-5838.0603529402615,-231.08981657163463,car,0 days 00:26:33.118000
2024-09-14 12:13:38.868,0 days 00:26:33.318000,0 days 00:01:11.696000,7449,86,2,35,False,8,car,2554.805277777777,0.4310471828300982,-10999.415901681976,-5791.529351185178,-230.40383085195094,car,0 days 00:26:33.318000
2024-09-14 12:13:39.228,0 days 00:26:33.678000,0 days 00:01:12.056000,8023,91,2,41,False,8,car,2563.905277777777,0.43258253638438776,-11027.013380187645,-5704.002554228933,-230.0152372349024,car,0 days 00:26:33.678000
2024-09-14 12:13:39.388,0 days 00:26:33.838000,0 days 00:01:12.216000,8023,92,2,41,False,8,car,2567.994166666666,0.43327241441610764,-11046.708839806091,-5637.599329217414,-229.99170087665956,car,0 days 00:26:33.838000
2024-09-14 12:13:39.668,0 days 00:26:34.118000,0 days 00:01:12.496000,8023,92,2,41,False,8,car,2575.1497222222215,0.4344797009716174,-11060.758157863736,-5589.453193138145,-229.169944772015,car,0 days 00:26:34.118000
2024-09-14 12:13:39.948,0 days 00:26:34.398000,0 days 00:01:12.776000,8023,92,2,41,False,8,car,2582.305277777777,0.43568698752712715,-11077.561266669203,-5530.415714311592,-229.06019776119143,car,0 days 00:26:34.398000
2024-09-14 12:13:40.268,0 days 00:26:34.718000,0 days 00:01:13.096000,8163,92,2,41,True,8,car,2590.483055555555,0.4370667435905669,-11100.643155539576,-5452.1961440326395,-227.96218762197583,car,0 days 00:26:34.718000
2024-09-14 12:13:40.429,0 days 00:26:34.879000,0 days 00:01:13.257000,9283,110,2,48,False,8,car,2595.4024999999997,0.4378967530974799,-11117.467314749396,-5395.244359473899,-227.86982204020896,car,0 days 00:26:34.879000
2024-09-14 12:13:40.829,0 days 00:26:35.279000,0 days 00:01:13.657000,10074,115,2,49,False,8,car,2608.180277777777,0.4400526219466044,-11167.97382728802,-5228.156183599462,-226.73192189836755,car,0 days 00:26:35.279000
2024-09-14 12:13:40.989,0 days 00:26:35.439000,0 days 00:01:13.817000,10265,117,2,49,False,8,car,2613.380277777777,0.44092996683476987,-11183.618202341455,-5177.503566612672,-225.8636478151917,car,0 days 00:26:35.439000
2024-09-14 12:13:41.189,0 days 00:26:35.639000,0 days 00:01:14.017000,10363,120,2,50,False,8,car,2620.046944444444,0.44205476797344356,-11202.816507712443,-5114.951024256836,-225.0756688648478,car,0 days 00:26:35.639000
2024-09-14 12:13:41.349,0 days 00:26:35.799000,0 days 00:01:14.177000,10554,122,2,50,False,8,car,2625.4691666666663,0.4429696062328982,-11218.668539162316,-5063.043541701977,-225.0457374065779,car,0 days 00:26:35.799000
2024-09-14 12:13:41.549,0 days 00:26:35.999000,0 days 00:01:14.377000,10669,124,2,50,False,8,car,2632.358055555555,0.444131900742861,-11238.707568427102,-4997.326567791044,-224.44228268478977,car,0 days 00:26:35.999000
2024-09-14 12:13:41.869,0 days 00:26:36.319000,0 days 00:01:14.697000,11020,127,2,49,False,8,car,2643.646944444444,0.4460365640043485,-11270.676140463178,-4890.314461553756,-223.85161596441515,car,0 days 00:26:36.319000
2024-09-14 12:13:42.149,0 days 00:26:36.599000,0 days 00:01:14.977000,10450,128,2,0,True,8,car,2653.6025,0.44771626703810125,-11298.995792605474,-4793.487752914652,-222.43368288923705,car,0 days 00:26:36.599000
2024-09-14 12:13:43.029,0 days 00:26:37.479000,0 days 00:01:15.857000,7735,93,2,0,True,8,car,2676.335833333333,0.4515518389209785,-11380.723095889829,-4521.532201316766,-218.9826837150368,car,0 days 00:26:37.479000
2024-09-14 12:13:43.189,0 days 00:26:37.639000,0 days 00:01:16.017000,7397,90,2,0,True,8,car,2680.335833333333,0.4522267196041827,-11387.995278434859,-4499.851486936349,-219.0963439858029,car,0 days 00:26:37.639000
2024-09-14 12:13:43.429,0 days 00:26:37.879000,0 days 00:01:16.257000,7097,86,2,0,True,8,car,2686.0691666666667,0.4531940485834421,-11399.80152413635,-4460.605161927999,-218.80839387929672,car,0 days 00:26:37.879000
2024-09-14 12:13:43.589,0 days 00:26:38.039000,0 days 00:01:16.417000,6883,83,2,0,False,8,car,2689.7580555555555,0.45381643854684156,-11412.927052585219,-4424.110303752888,-217.93898222034358,car,0 days 00:26:38.039000
2024-09-14 12:13:43.829,0 days 00:26:38.279000,0 days 00:01:16.657000,6765,80,2,0,False,8,car,2695.0913888888886,0.4547162794577804,-11451.898444734723,-4367.867204247235,-215.50467334138403,car,0 days 00:26:38.279000
2024-09-14 12:13:44.069,0 days 00:26:38.519000,0 days 00:01:16.897000,6642,78,2,7,False,8,car,2700.291388888889,0.45559362434594597,-11483.107633815584,-4342.066220256077,-214.67478860518293,car,0 days 00:26:38.519000
2024-09-14 12:13:44.229,0 days 00:26:38.679000,0 days 00:01:17.057000,6920,78,2,15,False,8,car,2703.7580555555555,0.4561785209380563,-11504.831072806588,-4333.957442517913,-214.11131686005268,car,0 days 00:26:38.679000
2024-09-14 12:13:44.429,0 days 00:26:38.879000,0 days 00:01:17.257000,7075,78,2,20,False,8,car,2708.091388888889,0.4569096416781942,-11546.956410007022,-4314.23152885126,-211.7362020352592,car,0 days 00:26:38.879000
2024-09-14 12:13:44.589,0 days 00:26:39.039000,0 days 00:01:17.417000,7181,79,2,20,False,8,car,2711.6025,0.4575020369445623,-11579.383115317429,-4299.700476079888,-210.72278045561328,car,0 days 00:26:39.039000
2024-09-14 12:13:44.949,0 days 00:26:39.399000,0 days 00:01:17.777000,7229,83,2,29,False,8,car,2719.9025,0.4589024143622111,-11653.353607521287,-4267.330120128209,-202.6934864149968,car,0 days 00:26:39.399000
2024-09-14 12:13:45.268,0 days 00:26:39.718000,0 days 00:01:18.096000,7535,87,2,32,False,8,car,2727.6116666666667,0.46020310627894484,-11737.87018262407,-4236.517507490207,-195.4876602190947,car,0 days 00:26:39.718000
2024-09-14 12:13:45.588,0 days 00:26:40.038000,0 days 00:01:18.416000,7654,89,2,23,False,8,car,2735.5227777777777,0.4615378702968376,-11802.72446205458,-4217.285370596821,-186.68028417208825,car,0 days 00:26:40.038000
2024-09-14 12:13:45.908,0 days 00:26:40.358000,0 days 00:01:18.736000,7579,89,2,20,False,8,car,2743.433888888889,0.46287263431473047,-11871.850365883545,-4201.709581803617,-180.4398629701033,car,0 days 00:26:40.358000
2024-09-14 12:13:46.068,0 days 00:26:40.518000,0 days 00:01:18.896000,7660,89,2,19,False,8,car,2747.3894444444445,0.4635400163236768,-11926.771401219894,-4193.780567891624,-174.21555821880096,car,0 days 00:26:40.518000
2024-09-14 12:13:46.348,0 days 00:26:40.798000,0 days 00:01:19.176000,7356,88,2,5,False,8,car,2754.233888888889,0.4646948121593818,-12018.35325854121,-4184.34482121397,-163.5710491540632,car,0 days 00:26:40.798000
2024-09-14 12:13:46.628,0 days 00:26:41.078000,0 days 00:01:19.456000,7244,86,2,0,False,8,car,2760.922777777778,0.46582336263518437,-12072.020662726216,-4180.465323725963,-158.2112846321596,car,0 days 00:26:41.078000
2024-09-14 12:13:46.989,0 days 00:26:41.439000,0 days 00:01:19.817000,6932,83,2,0,False,8,car,2769.245833333333,0.4672276299901043,-12127.901505713313,-4176.165460090498,-150.26354729666008,car,0 days 00:26:41.439000
2024-09-14 12:13:47.189,0 days 00:26:41.639000,0 days 00:01:20.017000,6753,82,2,0,False,8,car,2773.8013888888886,0.46799624410153134,-12172.507939400617,-4171.890299931362,-145.12999823543697,car,0 days 00:26:41.639000
2024-09-14 12:13:47.469,0 days 00:26:41.919000,0 days 00:01:20.297000,6711,79,2,0,False,8,car,2779.945833333333,0.4690329358176756,-12232.123726315262,-4163.585105810958,-141.44135026305938,car,0 days 00:26:41.919000
2024-09-14 12:13:47.749,0 days 00:26:42.199000,0 days 00:01:20.577000,6482,76,2,0,False,8,car,2785.8569444444443,0.47003025949396626,-12307.824853668244,-4145.227694068916,-139.85647155365447,car,0 days 00:26:42.199000
2024-09-14 12:13:47.989,0 days 00:26:42.439000,0 days 00:01:20.817000,6295,75,2,0,False,8,car,2790.8569444444443,0.4708738603479715,-12349.594496247151,-4132.100121192105,-140.5158989902448,car,0 days 00:26:42.439000
2024-09-14 12:13:48.469,0 days 00:26:42.919000,0 days 00:01:21.297000,6081,71,2,0,False,8,car,2800.323611111111,0.47247107796488813,-12423.86016933752,-4091.3432130494843,-142.0173329900612,car,0 days 00:26:42.919000
2024-09-14 12:13:48.869,0 days 00:26:43.319000,0 days 00:01:21.697000,6321,71,2,14,False,8,car,2808.2125,0.47380209264565204,-12479.073234561476,-4039.501037642474,-143.05341086441922,car,0 days 00:26:43.319000
2024-09-14 12:13:49.029,0 days 00:26:43.479000,0 days 00:01:21.857000,6410,72,2,16,False,8,car,2811.4125,0.4743419971922154,-12500.578076573795,-4004.5148299212005,-144.39457138032736,car,0 days 00:26:43.479000
2024-09-14 12:13:49.429,0 days 00:26:43.879000,0 days 00:01:22.257000,6713,77,2,22,False,8,car,2819.9680555555556,0.47578549198684666,-12522.32275131392,-3937.077586398812,-147.72451209561396,car,0 days 00:26:43.879000
2024-09-14 12:13:49.669,0 days 00:26:44.119000,0 days 00:01:22.497000,6880,80,2,23,False,8,car,2825.3013888888886,0.47668533289778553,-12529.11176605953,-3882.134014515022,-151.13133992597818,car,0 days 00:26:44.119000
2024-09-14 12:13:50.029,0 days 00:26:44.479000,0 days 00:01:22.857000,7091,83,2,15,False,8,car,2833.601388888889,0.47808571031543434,-12532.07773058544,-3797.102265408217,-156.09374195264414,car,0 days 00:26:44.479000
2024-09-14 12:13:50.269,0 days 00:26:44.719000,0 days 00:01:23.097000,7174,84,2,9,False,8,car,2839.2013888888887,0.4790305432719202,-12535.839958774446,-3741.1169019742647,-158.75543246040357,car,0 days 00:26:44.719000
2024-09-14 12:13:50.669,0 days 00:26:45.119000,0 days 00:01:23.497000,7021,82,2,0,False,8,car,2848.3125,0.48056777149477425,-12565.993831549105,-3660.619980173452,-161.02798467112615,car,0 days 00:26:45.119000
2024-09-14 12:13:50.989,0 days 00:26:45.439000,0 days 00:01:23.817000,6748,80,2,0,False,8,car,2855.423611111111,0.48176755937602617,-12618.105482734396,-3617.2479013197794,-160.08232476455262,car,0 days 00:26:45.439000
2024-09-14 12:13:51.229,0 days 00:26:45.679000,0 days 00:01:24.057000,6987,79,2,10,False,8,car,2860.6902777777777,0.4826561522755784,-12693.419488510972,-3595.9512064268874,-158.306803614356,car,0 days 00:26:45.679000
2024-09-14 12:13:51.429,0 days 00:26:45.879000,0 days 00:01:24.257000,6864,78,2,18,False,8,car,2865.023611111111,0.4833872730157163,-12731.112468091978,-3588.6289283719125,-157.41681700071024,car,0 days 00:26:45.879000
2024-09-14 12:13:51.589,0 days 00:26:46.039000,0 days 00:01:24.417000,6987,79,2,20,False,8,car,2868.534722222222,0.48397966828208444,-12750.54947257313,-3588.0780809477965,-156.41263140180715,car,0 days 00:26:46.039000
2024-09-14 12:13:51.988,0 days 00:26:46.438000,0 days 00:01:24.816000,7331,83,2,29,False,8,car,2877.733888888889,0.4855317532533118,-12859.722366066926,-3588.4425223954963,-148.98825050801952,car,0 days 00:26:46.438000
2024-09-14 12:13:52.268,0 days 00:26:46.718000,0 days 00:01:25.096000,7385,86,2,35,False,8,car,2884.422777777778,0.4866603037291144,-12908.22943983956,-3592.340073175089,-146.35862684450265,car,0 days 00:26:46.718000
2024-09-14 12:13:52.508,0 days 00:26:46.958000,0 days 00:01:25.336000,7913,89,2,42,False,8,car,2890.356111111111,0.487661376742534,-12964.762654158561,-3598.215475305779,-142.8448760625941,car,0 days 00:26:46.958000
2024-09-14 12:13:52.988,0 days 00:26:47.438000,0 days 00:01:25.816000,8267,96,2,43,False,8,car,2903.1561111111114,0.4898209949287875,-13088.223433084013,-3618.5847766951238,-131.92197354189324,car,0 days 00:26:47.438000
2024-09-14 12:13:53.228,0 days 00:26:47.678000,0 days 00:01:26.056000,8832,99,2,46,False,8,car,2909.7561111111113,0.49093454805607445,-13151.47953368258,-3632.4563370884184,-127.23292799213004,car,0 days 00:26:47.678000
2024-09-14 12:13:53.469,0 days 00:26:47.919000,0 days 00:01:26.297000,9096,99,2,47,False,8,car,2916.3836111111113,0.49205274098805846,-13217.183464692087,-3650.266681064879,-121.94065498053823,car,0 days 00:26:47.919000
2024-09-14 12:13:53.789,0 days 00:26:48.239000,0 days 00:01:26.617000,9626,109,2,50,False,8,car,2926.0725000000007,0.4936874519762643,-13293.237296243811,-3674.5903801452378,-116.85678007573209,car,0 days 00:26:48.239000
2024-09-14 12:13:53.989,0 days 00:26:48.439000,0 days 00:01:26.817000,9948,112,2,52,False,8,car,2932.2947222222224,0.4947372663723596,-13425.898700386742,-3727.750643613627,-107.4223784337325,car,0 days 00:26:48.439000
2024-09-14 12:13:54.149,0 days 00:26:48.599000,0 days 00:01:26.977000,10020,116,2,52,False,8,car,2937.4502777777784,0.49560711258626733,-13496.549349679055,-3757.5191768685354,-101.72297872132036,car,0 days 00:26:48.599000
2024-09-14 12:13:54.629,0 days 00:26:49.079000,0 days 00:01:27.457000,10640,124,2,56,False,8,car,2953.9836111111113,0.498396619410178,-13618.640969799857,-3814.826361348627,-93.13547643745642,car,0 days 00:26:49.079000
2024-09-14 12:13:54.909,0 days 00:26:49.359000,0 days 00:01:27.737000,10648,126,2,57,False,8,car,2963.7836111111114,0.5000500770840284,-13706.890418916326,-3854.8332438033685,-86.32097471205117,car,0 days 00:26:49.359000
2024-09-14 12:13:55.189,0 days 00:26:49.639000,0 days 00:01:28.017000,9802,133,3,53,False,8,car,2974.128055555556,0.501795393517537,-13800.708511094223,-3894.2944190773887,-79.745895167205,car,0 days 00:26:49.639000
2024-09-14 12:13:55.349,0 days 00:26:49.799000,0 days 00:01:28.177000,10005,136,3,53,False,8,car,2980.1725000000006,0.5028152132166013,-13856.38640646513,-3917.4176802862544,-76.06823451274114,car,0 days 00:26:49.799000
2024-09-14 12:13:55.549,0 days 00:26:49.999000,0 days 00:01:28.377000,10206,139,3,54,False,8,car,2987.8947222222223,0.5041181078688981,-13927.390961768982,-3947.1474925397306,-71.72867198091303,car,0 days 00:26:49.999000
2024-09-14 12:13:55.829,0 days 00:26:50.279000,0 days 00:01:28.657000,10511,142,3,56,False,8,car,2998.939166666667,0.5059815284219676,-14028.219838210525,-3989.3397247892754,-65.3288012178705,car,0 days 00:26:50.279000
2024-09-14 12:13:56.109,0 days 00:26:50.559000,0 days 00:01:28.937000,10426,146,3,54,False,8,car,3010.2947222222224,0.5078974396948418,-14131.448449301384,-4035.951966368681,-58.72505656727743,car,0 days 00:26:50.559000
2024-09-14 12:13:56.269,0 days 00:26:50.719000,0 days 00:01:29.097000,9306,146,3,55,False,8,car,3016.783611111111,0.5089922461364841,-14190.543441356222,-4063.850430250901,-54.3147863751027,car,0 days 00:26:50.719000
2024-09-14 12:13:56.949,0 days 00:26:51.399000,0 days 00:01:29.777000,9882,158,4,55,False,8,car,3046.628055555556,0.5140276059006134,-14449.305203843842,-4196.54369101418,-40.20114289659191,car,0 days 00:26:51.399000
2024-09-14 12:13:57.309,0 days 00:26:51.759000,0 days 00:01:30.137000,10240,162,4,57,False,8,car,3062.8280555555557,0.5167608726675904,-14592.333628108328,-4270.19471986928,-33.64349798941694,car,0 days 00:26:51.759000
2024-09-14 12:13:57.549,0 days 00:26:51.999000,0 days 00:01:30.377000,10333,165,4,57,False,8,car,3073.8280555555552,0.5186167945464019,-14692.070112849731,-4319.6125871646,-30.103227218784074,car,0 days 00:26:51.999000
2024-09-14 12:13:57.869,0 days 00:26:52.319000,0 days 00:01:30.697000,10596,169,4,58,False,8,car,3088.8502777777776,0.5211513464455466,-14821.063699541672,-4382.165794336343,-26.911945393959797,car,0 days 00:26:52.319000
2024-09-14 12:13:58.189,0 days 00:26:52.639000,0 days 00:01:31.017000,10844,173,4,57,False,8,car,3104.228055555555,0.5237458877387539,-15008.153483164408,-4476.8120354058765,-19.48532006966672,car,0 days 00:26:52.639000
2024-09-14 12:13:58.508,0 days 00:26:52.958000,0 days 00:01:31.336000,11002,176,4,57,False,8,car,3119.8236111111105,0.5263771725358245,-15137.287500414466,-4545.54410832679,-17.2024593532311,car,0 days 00:26:52.958000
2024-09-14 12:13:58.708,0 days 00:26:53.158000,0 days 00:01:31.536000,11129,178,4,54,False,8,car,3129.7124999999996,0.5280456275581905,-15207.148377022764,-4584.610107527674,-15.649441436354989,car,0 days 00:26:53.158000
2024-09-14 12:13:58.988,0 days 00:26:53.438000,0 days 00:01:31.816000,11238,180,4,55,False,8,car,3143.7124999999996,0.5304077099494052,-15307.709791133679,-4642.57105234993,-12.941439888278985,car,0 days 00:26:53.438000
2024-09-14 12:13:59.348,0 days 00:26:53.798000,0 days 00:01:32.176000,11063,183,4,52,False,8,car,3162.0125,0.5334952890750646,-15488.487047664805,-4748.659987070167,-8.540974336477001,car,0 days 00:26:53.798000
2024-09-14 12:13:59.508,0 days 00:26:53.958000,0 days 00:01:32.336000,10083,184,5,48,False,8,car,3170.1902777777773,0.5348750451385043,-15557.655724744285,-4789.396692901908,-6.2282220525688246,car,0 days 00:26:53.958000
2024-09-14 12:13:59.708,0 days 00:26:54.158000,0 days 00:01:32.536000,9955,185,5,46,False,8,car,3180.468055555555,0.5366091135606261,-15622.014198926987,-4826.790436149032,-3.591240184168133,car,0 days 00:26:54.158000
2024-09-14 12:13:59.868,0 days 00:26:54.318000,0 days 00:01:32.696000,9938,185,5,42,False,8,car,3188.6902777777773,0.5379963682983238,-15690.989652588005,-4866.336705784472,-0.8955123473856944,car,0 days 00:26:54.318000
2024-09-14 12:14:00.149,0 days 00:26:54.599000,0 days 00:01:32.977000,9865,184,5,35,False,8,car,3203.0525,0.5404195648847397,-15855.036502719735,-4955.942057868733,3.4868610215535902,car,0 days 00:26:54.599000
2024-09-14 12:14:00.349,0 days 00:26:54.799000,0 days 00:01:33.177000,9703,182,5,29,False,8,car,3213.163611111111,0.5421255132783949,-15936.513732979913,-4998.779425935736,6.7068490418610365,car,0 days 00:26:54.799000
2024-09-14 12:14:00.589,0 days 00:26:55.039000,0 days 00:01:33.417000,9636,181,5,28,False,8,car,3225.2302777777777,0.5441614033393942,-16015.03690681818,-5042.700804379694,10.816891313337639,car,0 days 00:26:55.039000
2024-09-14 12:14:00.789,0 days 00:26:55.239000,0 days 00:01:33.617000,9528,179,5,28,False,8,car,3235.1747222222225,0.5458392317045826,-16097.574202565567,-5096.704853502043,14.553727213486923,car,0 days 00:26:55.239000
2024-09-14 12:14:01.069,0 days 00:26:55.519000,0 days 00:01:33.897000,9595,177,5,32,False,8,car,3248.9413888888894,0.5481619460559438,-16195.362311316756,-5184.793933063933,19.129030408685058,car,0 days 00:26:55.519000
2024-09-14 12:14:01.389,0 days 00:26:55.839000,0 days 00:01:34.217000,9570,177,5,43,False,8,car,3264.6747222222225,0.5508164767432137,-16288.62480249725,-5310.301900150548,20.950705728376743,car,0 days 00:26:55.839000
2024-09-14 12:14:01.589,0 days 00:26:56.039000,0 days 00:01:34.417000,9664,178,5,48,False,8,car,3274.5636111111116,0.5524849317655797,-16335.575273610031,-5397.963540712541,20.941786618658178,car,0 days 00:26:56.039000
2024-09-14 12:14:01.869,0 days 00:26:56.319000,0 days 00:01:34.697000,9646,180,5,50,False,8,car,3288.5636111111116,0.5548470141567944,-16389.569355304662,-5519.051655078119,20.037964792204715,car,0 days 00:26:56.319000
2024-09-14 12:14:02.229,0 days 00:26:56.679000,0 days 00:01:35.057000,9832,181,5,51,False,8,car,3306.6636111111115,0.5579008492482934,-16471.81789552022,-5748.426084227221,19.514810773278384,car,0 days 00:26:56.679000
2024-09-14 12:14:02.429,0 days 00:26:56.879000,0 days 00:01:35.257000,9878,182,5,52,False,8,car,3316.774722222223,0.5596067976419485,-16485.94267786082,-5796.066500738147,18.994244230115985,car,0 days 00:26:56.879000
2024-09-14 12:14:02.709,0 days 00:26:57.159000,0 days 00:01:35.537000,10004,185,5,53,False,8,car,3331.163611111112,0.5620344934329193,-16533.121994802463,-5952.754296303586,18.749150499274297,car,0 days 00:26:57.159000
2024-09-14 12:14:02.869,0 days 00:26:57.319000,0 days 00:01:35.697000,10021,186,5,55,False,8,car,3339.4302777777784,0.5634292468448746,-16565.993971639233,-6066.18871579455,18.167151524057427,car,0 days 00:26:57.319000
2024-09-14 12:14:03.109,0 days 00:26:57.559000,0 days 00:01:35.937000,10263,188,5,60,False,8,car,3351.9636111111113,0.5655438729855811,-16608.96559619498,-6207.8442250428825,17.514134567783877,car,0 days 00:26:57.559000
2024-09-14 12:14:03.349,0 days 00:26:57.799000,0 days 00:01:36.177000,10322,192,5,61,False,8,car,3364.763611111112,0.5677034911718347,-16642.30334980269,-6313.524354449601,16.91809754510172,car,0 days 00:26:57.799000
2024-09-14 12:14:03.589,0 days 00:26:58.039000,0 days 00:01:36.417000,10646,195,5,62,False,8,car,3377.7636111111115,0.5698968533922483,-16666.181275584047,-6389.543220698998,16.147292350361298,car,0 days 00:26:58.039000
2024-09-14 12:14:03.909,0 days 00:26:58.359000,0 days 00:01:36.737000,10766,199,5,59,False,8,car,3395.4525,0.5728813257468623,-16718.650656080834,-6547.389480254957,15.768168721405548,car,0 days 00:26:58.359000
2024-09-14 12:14:04.109,0 days 00:26:58.559000,0 days 00:01:36.937000,10840,201,5,58,False,8,car,3406.619166666667,0.5747653676541409,-16752.37060167329,-6652.383491467995,14.671883188607339,car,0 days 00:26:58.559000
2024-09-14 12:14:04.349,0 days 00:26:58.799000,0 days 00:01:37.177000,10907,202,5,58,False,8,car,3420.085833333334,0.5770374659542618,-16792.86051142612,-6780.619101277187,14.042647764961737,car,0 days 00:26:58.799000
2024-09-14 12:14:04.789,0 days 00:26:59.239000,0 days 00:01:37.617000,11003,205,5,52,False,8,car,3445.141388888889,0.5812648435671104,-16853.168321223784,-7014.139744344998,12.027599324437654,car,0 days 00:26:59.239000
2024-09-14 12:14:05.149,0 days 00:26:59.599000,0 days 00:01:37.977000,10886,205,5,50,False,8,car,3465.641388888889,0.5847236070685319,-16899.54324075477,-7306.623669592473,9.478146726325605,car,0 days 00:26:59.599000
2024-09-14 12:14:05.348,0 days 00:26:59.798000,0 days 00:01:38.176000,10936,204,5,52,False,8,car,3476.918055555556,0.5866262081945984,-16906.72541019582,-7403.233121082931,8.555248749341477,car,0 days 00:26:59.798000
2024-09-14 12:14:05.548,0 days 00:26:59.998000,0 days 00:01:38.376000,10966,204,5,49,False,8,car,3488.2513888888893,0.5885383701303437,-16906.991748921086,-7476.888805351686,8.030737836130628,car,0 days 00:26:59.998000
2024-09-14 12:14:05.788,0 days 00:27:00.238000,0 days 00:01:38.616000,10894,204,5,45,False,8,car,3501.8513888888892,0.5908329644532381,-16906.843825341006,-7578.4869826149,7.508043247469268,car,0 days 00:27:00.238000
2024-09-14 12:14:06.148,0 days 00:27:00.598000,0 days 00:01:38.976000,10785,202,5,46,False,8,car,3522.051388888889,0.5942411119034193,-16897.322453361096,-7814.645283963754,5.462155061766314,car,0 days 00:27:00.598000
2024-09-14 12:14:06.348,0 days 00:27:00.798000,0 days 00:01:39.176000,10785,202,5,46,False,8,car,3533.273611111111,0.59613452715352,-16887.80731481962,-7960.411019234045,3.532992658051354,car,0 days 00:27:00.798000
2024-09-14 12:14:06.508,0 days 00:27:00.958000,0 days 00:01:39.336000,10729,201,5,45,False,8,car,3542.206944444444,0.5976417606793427,-16880.501095651853,-8059.022642114576,2.089485014080064,car,0 days 00:27:00.958000
2024-09-14 12:14:06.749,0 days 00:27:01.199000,0 days 00:01:39.577000,10681,200,5,47,False,8,car,3555.595833333333,0.5999007362995123,-16874.85751533404,-8143.537295671543,1.3512533268592155,car,0 days 00:27:01.199000
2024-09-14 12:14:07.229,0 days 00:27:01.679000,0 days 00:01:40.057000,9566,178,5,0,True,8,car,3579.3291666666664,0.6039050283531907,-16857.53575742731,-8369.351473950524,-0.0432661684218065,car,0 days 00:27:01.679000
2024-09-14 12:14:07.549,0 days 00:27:01.999000,0 days 00:01:40.377000,8627,161,5,0,True,8,car,3593.640277777777,0.6063196014642102,-16844.19536945537,-8517.435263573157,-0.6935714474406893,car,0 days 00:27:01.999000
2024-09-14 12:14:07.749,0 days 00:27:02.199000,0 days 00:01:40.577000,8064,152,5,0,True,8,car,3602.0847222222214,0.6077443495731968,-16837.34112609239,-8604.775810377736,-1.6618690118693595,car,0 days 00:27:02.199000
2024-09-14 12:14:08.029,0 days 00:27:02.479000,0 days 00:01:40.857000,7473,143,5,0,True,8,car,3613.2069444444437,0.6096208928062173,-16832.097542604584,-8712.032476347256,-4.533844095514825,car,0 days 00:27:02.479000
2024-09-14 12:14:08.269,0 days 00:27:02.719000,0 days 00:01:41.097000,7825,134,5,0,True,8,car,3622.1402777777766,0.6111281263320401,-16834.105772909737,-8857.792936233845,-8.092916303416846,car,0 days 00:27:02.719000
2024-09-14 12:14:08.429,0 days 00:27:02.879000,0 days 00:01:41.257000,7781,130,4,0,True,8,car,3627.918055555555,0.6121029539855574,-16836.816356827894,-8923.348200878076,-9.850530159189159,car,0 days 00:27:02.879000
2024-09-14 12:14:08.749,0 days 00:27:03.199000,0 days 00:01:41.577000,7157,116,4,0,True,8,car,3638.2291666666656,0.6138426464133725,-16843.528955061352,-8998.810834624332,-12.671593243283148,car,0 days 00:27:03.199000
2024-09-14 12:14:08.949,0 days 00:27:03.399000,0 days 00:01:41.777000,7900,111,4,0,True,8,car,3644.3958333333326,0.6148830874666458,-16848.30001971386,-9051.440133941083,-14.843777230619718,car,0 days 00:27:03.399000
2024-09-14 12:14:09.229,0 days 00:27:03.679000,0 days 00:01:42.057000,7404,105,3,0,True,8,car,3652.562499999999,0.616260968861521,-16855.118386041835,-9129.8016854476,-17.6369666741429,car,0 days 00:27:03.679000
2024-09-14 12:14:09.389,0 days 00:27:03.839000,0 days 00:01:42.217000,7240,100,3,0,True,8,car,3657.0069444444434,0.6170108362873035,-16859.971227610517,-9185.5463785551,-19.715193078802034,car,0 days 00:27:03.839000
2024-09-14 12:14:09.629,0 days 00:27:04.079000,0 days 00:01:42.457000,6637,98,3,0,True,8,car,3663.5402777777767,0.6181131414032036,-16864.92705223231,-9245.939853623517,-21.663350301091967,car,0 days 00:27:04.079000
2024-09-14 12:14:09.869,0 days 00:27:04.319000,0 days 00:01:42.697000,7253,88,3,0,True,8,car,3669.4069444444435,0.6191029664052365,-16868.119697248716,-9295.876260063145,-22.82134869915717,car,0 days 00:27:04.319000
2024-09-14 12:14:10.269,0 days 00:27:04.719000,0 days 00:01:43.097000,6649,79,2,0,True,8,car,3678.184722222221,0.6205839545711568,-16871.085602705298,-9388.972161984695,-26.184347752060567,car,0 days 00:27:04.719000
2024-09-14 12:14:10.549,0 days 00:27:04.999000,0 days 00:01:43.377000,6277,75,2,0,True,8,car,3684.0180555555544,0.6215681555674963,-16869.36216790835,-9447.391049173231,-27.589859297355368,car,0 days 00:27:04.999000
2024-09-14 12:14:10.909,0 days 00:27:05.359000,0 days 00:01:43.737000,5894,72,2,0,False,8,car,3691.218055555554,0.6227829407972638,-16858.950950013634,-9517.482383499359,-29.653983546254143,car,0 days 00:27:05.359000
2024-09-14 12:14:11.109,0 days 00:27:05.559000,0 days 00:01:43.937000,6037,70,2,0,False,8,car,3695.1069444444433,0.6234390747948235,-16846.43771930986,-9552.349704434588,-31.126668028699424,car,0 days 00:27:05.559000
2024-09-14 12:14:11.269,0 days 00:27:05.719000,0 days 00:01:44.097000,5809,69,2,0,False,8,car,3698.17361111111,0.6239564833186134,-16832.54654593576,-9577.34932333264,-32.75435271185155,car,0 days 00:27:05.719000
2024-09-14 12:14:11.469,0 days 00:27:05.919000,0 days 00:01:44.297000,5834,68,2,1,False,8,car,3701.951388888888,0.6245938706305285,-16809.063315991963,-9605.35902263949,-35.34677220486828,car,0 days 00:27:05.919000
2024-09-14 12:14:11.669,0 days 00:27:06.119000,0 days 00:01:44.497000,6434,69,2,14,False,8,car,3705.7847222222213,0.625240631285266,-16779.849698824375,-9629.414534916434,-37.75712085006172,car,0 days 00:27:06.119000
2024-09-14 12:14:11.948,0 days 00:27:06.398000,0 days 00:01:44.776000,6345,70,2,19,False,8,car,3711.209722222221,0.6261559382118616,-16732.466473921017,-9655.932496113304,-42.29228509836432,car,0 days 00:27:06.398000
2024-09-14 12:14:12.228,0 days 00:27:06.678000,0 days 00:01:45.056000,6876,76,2,29,False,8,car,3717.120833333332,0.6271532618881522,-16670.328736974156,-9684.801931675074,-49.17293497012706,car,0 days 00:27:06.678000
2024-09-14 12:14:12.508,0 days 00:27:06.958000,0 days 00:01:45.336000,7180,80,2,28,False,8,car,3723.343055555554,0.6282030762842477,-16601.727477282468,-9719.632858963734,-55.537648503585714,car,0 days 00:27:06.958000
2024-09-14 12:14:12.708,0 days 00:27:07.158000,0 days 00:01:45.536000,7519,80,2,32,False,8,car,3727.7874999999985,0.6289529437100301,-16557.643302771645,-9742.504297773216,-59.9007140196847,car,0 days 00:27:07.158000
2024-09-14 12:14:12.948,0 days 00:27:07.398000,0 days 00:01:45.776000,7837,88,2,36,False,8,car,3733.654166666665,0.6299427687120629,-16511.001700567456,-9766.700310264392,-64.92982450848906,car,0 days 00:27:07.398000
2024-09-14 12:14:13.108,0 days 00:27:07.558000,0 days 00:01:45.936000,8235,92,2,37,False,8,car,3737.743055555554,0.6306326467437828,-16477.41267857512,-9784.363039383108,-68.29242307767795,car,0 days 00:27:07.558000
2024-09-14 12:14:13.309,0 days 00:27:07.759000,0 days 00:01:46.137000,8543,96,2,41,False,8,car,3743.1030555555535,0.6315369868592764,-16402.802703684156,-9823.616940796452,-76.18931744628362,car,0 days 00:27:07.759000
2024-09-14 12:14:13.589,0 days 00:27:08.039000,0 days 00:01:46.417000,8876,102,2,41,False,8,car,3751.036388888887,0.6328755002142981,-16350.217418047421,-9851.499399484695,-80.57081517021744,car,0 days 00:27:08.039000
2024-09-14 12:14:13.789,0 days 00:27:08.239000,0 days 00:01:46.617000,9340,104,2,44,False,8,car,3756.8141666666647,0.6338503278678153,-16304.534264449485,-9875.308251760302,-85.14603486907619,car,0 days 00:27:08.239000
2024-09-14 12:14:14.069,0 days 00:27:08.519000,0 days 00:01:46.897000,9772,112,2,45,False,8,car,3765.525277777776,0.6353200680223489,-16208.218155845603,-9924.906893550056,-96.1958804279508,car,0 days 00:27:08.519000
2024-09-14 12:14:14.389,0 days 00:27:08.839000,0 days 00:01:47.217000,10292,117,2,47,False,8,car,3775.9252777777756,0.6370747577986798,-16137.43125748542,-9960.274791819584,-103.56348560604965,car,0 days 00:27:08.839000
2024-09-14 12:14:14.549,0 days 00:27:08.999000,0 days 00:01:47.377000,10495,121,2,48,False,8,car,3781.3030555555533,0.6379820973838766,-16072.94680629481,-9992.554078887315,-110.63795431193243,car,0 days 00:27:08.999000
2024-09-14 12:14:14.829,0 days 00:27:09.279000,0 days 00:01:47.657000,10220,124,2,47,False,8,car,3790.947499999998,0.6396093096978245,-15991.181514063797,-10033.205459754736,-118.92260008340831,car,0 days 00:27:09.279000
2024-09-14 12:14:15.069,0 days 00:27:09.519000,0 days 00:01:47.897000,9406,129,2,47,False,8,car,3799.5474999999983,0.6410603031667136,-15932.09458058567,-10062.261666742324,-124.36520795875106,car,0 days 00:27:09.519000
2024-09-14 12:14:15.309,0 days 00:27:09.759000,0 days 00:01:48.137000,9806,132,3,49,False,8,car,3808.347499999998,0.6425450406697628,-15839.933064127363,-10107.778574237795,-133.9692499832134,car,0 days 00:27:09.759000
2024-09-14 12:14:15.509,0 days 00:27:09.959000,0 days 00:01:48.337000,10032,136,3,49,False,8,car,3815.9030555555537,0.643819815293593,-15754.872452569934,-10150.068962882891,-142.98570961566867,car,0 days 00:27:09.959000
2024-09-14 12:14:15.909,0 days 00:27:10.359000,0 days 00:01:48.737000,10489,141,3,48,False,8,car,3831.56972222222,0.6464630979694762,-15645.383602790716,-10206.368444697142,-153.36479088668386,car,0 days 00:27:10.359000
2024-09-14 12:14:16.069,0 days 00:27:10.519000,0 days 00:01:48.897000,10529,144,3,49,False,8,car,3837.9697222222208,0.647542907062603,-15588.752461134714,-10236.041661212108,-161.0420873448548,car,0 days 00:27:10.519000
2024-09-14 12:14:16.349,0 days 00:27:10.799000,0 days 00:01:49.177000,9330,149,3,47,False,8,car,3849.5586111111097,0.6494981863753307,-15487.921895677617,-10290.19868043922,-169.83602704703486,car,0 days 00:27:10.799000
2024-09-14 12:14:16.549,0 days 00:27:10.999000,0 days 00:01:49.377000,9529,152,4,51,False,8,car,3858.0030555555536,0.6509229344843174,-15414.968872957357,-10331.127357531175,-176.38620238320814,car,0 days 00:27:10.999000
2024-09-14 12:14:16.709,0 days 00:27:11.159000,0 days 00:01:49.537000,9731,153,4,55,False,8,car,3864.8030555555542,0.6520702316457646,-15355.622495829313,-10364.944066287337,-181.85078696115656,car,0 days 00:27:11.159000
2024-09-14 12:14:16.909,0 days 00:27:11.359000,0 days 00:01:49.737000,9921,157,4,55,False,8,car,3873.525277777776,0.6535418464688626,-15280.801129050275,-10408.612837954975,-187.69375352534814,car,0 days 00:27:11.359000
2024-09-14 12:14:17.269,0 days 00:27:11.719000,0 days 00:01:50.097000,10149,161,4,56,False,8,car,3889.625277777776,0.6562582412187595,-15142.558324454498,-10490.681417120304,-197.34521727209767,car,0 days 00:27:11.719000
2024-09-14 12:14:17.509,0 days 00:27:11.959000,0 days 00:01:50.337000,10505,167,4,57,False,8,car,3900.7586111111095,0.6581366591203447,-15046.553609301853,-10546.195624267122,-201.75683076189807,car,0 days 00:27:11.959000
2024-09-14 12:14:17.669,0 days 00:27:12.119000,0 days 00:01:50.497000,10604,170,4,57,False,8,car,3908.3141666666647,0.6594114337441748,-14981.149489589496,-10583.597522576301,-203.72123235186456,car,0 days 00:27:12.119000
2024-09-14 12:14:17.909,0 days 00:27:12.359000,0 days 00:01:50.737000,10606,172,4,55,False,8,car,3919.780833333331,0.6613460917026934,-14881.107851913654,-10638.357066035824,-205.7916138903579,car,0 days 00:27:12.359000
2024-09-14 12:14:18.149,0 days 00:27:12.599000,0 days 00:01:50.977000,10820,175,4,54,False,8,car,3931.447499999998,0.6633144936953724,-14779.476944311284,-10690.765867562766,-208.9795179260655,car,0 days 00:27:12.599000
2024-09-14 12:14:18.309,0 days 00:27:12.759000,0 days 00:01:51.137000,10911,175,4,53,False,8,car,3939.225277777776,0.6646267616904917,-14702.224161727921,-10730.25885249677,-210.9356975068528,car,0 days 00:27:12.759000
2024-09-14 12:14:18.469,0 days 00:27:12.919000,0 days 00:01:51.297000,11035,177,4,53,False,8,car,3947.091944444442,0.6659540270341266,-14608.99434472585,-10778.080552201962,-213.51267498093736,car,0 days 00:27:12.919000
2024-09-14 12:14:18.708,0 days 00:27:13.158000,0 days 00:01:51.536000,10720,174,4,0,True,8,car,3958.643611111109,0.6679030262071635,-14500.060162079475,-10837.363061294296,-216.77456779448985,car,0 days 00:27:13.158000
2024-09-14 12:14:18.868,0 days 00:27:13.318000,0 days 00:01:51.696000,10067,162,4,0,True,8,car,3965.8436111111087,0.669117811436931,-14441.48704450122,-10872.007225719775,-218.44771146211244,car,0 days 00:27:13.318000
2024-09-14 12:14:19.148,0 days 00:27:13.598000,0 days 00:01:51.976000,9030,147,4,0,True,8,car,3977.276944444442,0.6710468453897565,-14283.67433581552,-10964.730400056493,-222.33418931558154,car,0 days 00:27:13.598000
2024-09-14 12:14:19.588,0 days 00:27:14.038000,0 days 00:01:52.416000,9345,129,4,0,True,8,car,3993.0436111111085,0.6737070000827197,-14192.195535099745,-11014.451570757394,-225.22479448974968,car,0 days 00:27:14.038000
2024-09-14 12:14:19.789,0 days 00:27:14.239000,0 days 00:01:52.617000,8641,121,3,0,True,8,car,3999.799444444442,0.6748468454366232,-14128.588835018814,-11045.997818574784,-227.27122224288144,car,0 days 00:27:14.239000
2024-09-14 12:14:20.109,0 days 00:27:14.559000,0 days 00:01:52.937000,7874,113,3,0,True,8,car,4009.8438888888863,0.6765415458188915,-14035.464846806788,-11085.489044849674,-229.8063104852587,car,0 days 00:27:14.559000
2024-09-14 12:14:21.069,0 days 00:27:15.519000,0 days 00:01:53.897000,6948,98,3,0,False,8,car,4035.97722222222,0.6809507662824924,-13773.603005477202,-11136.502996119503,-235.3882421411643,car,0 days 00:27:15.519000
2024-09-14 12:14:21.229,0 days 00:27:15.679000,0 days 00:01:54.057000,6786,95,3,0,False,8,car,4040.199444444442,0.6816631403369857,-13730.87009735759,-11130.127058665097,-236.0590649153507,car,0 days 00:27:15.679000
2024-09-14 12:14:21.429,0 days 00:27:15.879000,0 days 00:01:54.257000,6753,94,3,2,False,8,car,4045.4216666666644,0.6825442345622801,-13663.547308884352,-11108.019634820916,-235.9733561312446,car,0 days 00:27:15.879000
2024-09-14 12:14:21.789,0 days 00:27:16.239000,0 days 00:01:54.617000,6886,94,3,15,False,8,car,4054.8216666666644,0.68413020416781,-13601.785762544805,-11070.235849987632,-236.93703415083294,car,0 days 00:27:16.239000
2024-09-14 12:14:21.949,0 days 00:27:16.399000,0 days 00:01:54.777000,6886,94,3,18,False,8,car,4058.999444444442,0.6848350795480455,-13574.86988847423,-11044.498144343368,-236.97321773469162,car,0 days 00:27:16.399000
2024-09-14 12:14:22.309,0 days 00:27:16.759000,0 days 00:01:55.137000,7269,97,3,30,False,8,car,4068.6994444444417,0.6864716652048156,-13490.289908131279,-10935.994222309377,-238.104172449424,car,0 days 00:27:16.759000
2024-09-14 12:14:22.509,0 days 00:27:16.959000,0 days 00:01:55.337000,7529,100,3,37,False,8,car,4074.2549999999974,0.6874089994870437,-13477.14301272848,-10913.395318950388,-237.94030543344127,car,0 days 00:27:16.959000
2024-09-14 12:14:22.789,0 days 00:27:17.239000,0 days 00:01:55.617000,7876,105,3,42,False,8,car,4082.421666666664,0.688786880881919,-13442.369471004184,-10850.339102170297,-238.73467815374158,car,0 days 00:27:17.239000
2024-09-14 12:14:23.069,0 days 00:27:17.519000,0 days 00:01:55.897000,8170,110,3,48,False,8,car,4090.9772222222196,0.6902303756765502,-13402.669396382977,-10774.356326821675,-239.00965563655612,car,0 days 00:27:17.519000
2024-09-14 12:14:23.469,0 days 00:27:17.919000,0 days 00:01:56.297000,8814,117,3,53,False,8,car,4103.977222222219,0.6924237378969639,-13326.934794360086,-10622.894367257646,-240.37270425531904,car,0 days 00:27:17.919000
2024-09-14 12:14:23.709,0 days 00:27:18.159000,0 days 00:01:56.537000,9243,123,3,57,False,8,car,4112.17722222222,0.6938072432975326,-13300.62224691731,-10570.35675279257,-240.82080149295177,car,0 days 00:27:18.159000
2024-09-14 12:14:24.069,0 days 00:27:18.519000,0 days 00:01:56.897000,9864,133,3,58,False,8,car,4125.47722222222,0.6960512215691866,-13251.410433464252,-10470.863906860195,-241.89005104215752,car,0 days 00:27:18.519000
2024-09-14 12:14:24.269,0 days 00:27:18.719000,0 days 00:01:57.097000,10211,138,3,59,False,8,car,4133.143888888886,0.6973447428786613,-13218.516594013034,-10405.227100806334,-242.01316477365722,car,0 days 00:27:18.719000
2024-09-14 12:14:24.429,0 days 00:27:18.879000,0 days 00:01:57.257000,10572,141,3,60,False,8,car,4139.410555555553,0.6984020559490146,-13187.393565113558,-10341.47361580273,-241.99125618488333,car,0 days 00:27:18.879000
2024-09-14 12:14:24.669,0 days 00:27:19.119000,0 days 00:01:57.497000,10905,148,3,61,False,8,car,4149.27722222222,0.7000667616342517,-13142.365016316551,-10247.596934847792,-242.0012995865689,car,0 days 00:27:19.119000
2024-09-14 12:14:24.829,0 days 00:27:19.279000,0 days 00:01:57.657000,10801,151,3,62,False,8,car,4155.988333333331,0.7011990614471831,-13118.832084409154,-10198.816886685363,-241.99994605433383,car,0 days 00:27:19.279000
2024-09-14 12:14:25.149,0 days 00:27:19.599000,0 days 00:01:57.977000,10016,160,4,65,False,8,car,4170.210555555554,0.7035986372096871,-13059.244068255397,-10075.523630645728,-242.0008723754581,car,0 days 00:27:19.599000
2024-09-14 12:14:25.348,0 days 00:27:19.798000,0 days 00:01:58.176000,10301,162,4,63,False,8,car,4179.1655555555535,0.7051095263392105,-12998.48946731112,-9954.869820798618,-241.99560927327437,car,0 days 00:27:19.798000
2024-09-14 12:14:25.548,0 days 00:27:19.998000,0 days 00:01:58.376000,10518,168,4,63,False,8,car,4188.4988888888865,0.7066842479333536,-12959.349391724805,-9878.556705733277,-242.1601640918555,car,0 days 00:27:19.998000
2024-09-14 12:14:25.748,0 days 00:27:20.198000,0 days 00:01:58.576000,10650,172,4,62,False,8,car,4198.054444444441,0.7082964628987858,-12931.439026950702,-9828.213042703303,-242.09634644010717,car,0 days 00:27:20.198000
2024-09-14 12:14:25.948,0 days 00:27:20.398000,0 days 00:01:58.776000,10786,172,4,59,False,8,car,4207.609999999997,0.7099086778642181,-12884.810578464985,-9748.287108896315,-241.2022287302713,car,0 days 00:27:20.398000
2024-09-14 12:14:26.268,0 days 00:27:20.718000,0 days 00:01:59.096000,11155,179,4,60,False,8,car,4223.521111111108,0.7125932032485194,-12802.21113227267,-9615.115342212655,-240.63068699101993,car,0 days 00:27:20.718000
2024-09-14 12:14:26.469,0 days 00:27:20.919000,0 days 00:01:59.297000,11350,182,4,59,False,8,car,4233.682777777774,0.7143076813841426,-12746.660265458153,-9530.576441786336,-239.81507558313905,car,0 days 00:27:20.919000
2024-09-14 12:14:26.749,0 days 00:27:21.199000,0 days 00:01:59.577000,10610,184,4,57,False,8,car,4247.9938888888855,0.7167222544951621,-12664.909232775564,-9414.060066356906,-240.01841429105497,car,0 days 00:27:21.199000
2024-09-14 12:14:26.989,0 days 00:27:21.439000,0 days 00:01:59.817000,10035,186,5,55,False,8,car,4260.393888888885,0.7188143846130951,-12590.065814651283,-9315.929539224528,-239.99143736018485,car,0 days 00:27:21.439000
2024-09-14 12:14:27.429,0 days 00:27:21.879000,0 days 00:02:00.257000,10210,189,5,56,False,8,car,4283.4938888888855,0.7227118205585995,-12424.772463187597,-9132.09931436582,-239.21681009086,car,0 days 00:27:21.879000
2024-09-14 12:14:27.869,0 days 00:27:22.319000,0 days 00:02:00.697000,10304,192,5,56,False,8,car,4306.960555555552,0.7266711205667308,-12271.404328221666,-8985.46403470362,-239.01774333344272,car,0 days 00:27:22.319000
2024-09-14 12:14:28.269,0 days 00:27:22.719000,0 days 00:02:01.097000,10435,194,5,56,False,8,car,4328.5161111111065,0.7303079775817756,-12107.883538140793,-8841.347971060472,-238.99962295175283,car,0 days 00:27:22.719000
2024-09-14 12:14:28.429,0 days 00:27:22.879000,0 days 00:02:01.257000,10498,195,5,56,False,8,car,4337.1827777777735,0.7317702190620514,-12042.297195026793,-8784.510472998338,-238.99810028408763,car,0 days 00:27:22.879000
2024-09-14 12:14:28.669,0 days 00:27:23.119000,0 days 00:02:01.497000,10554,196,5,55,False,8,car,4350.24944444444,0.7339748292938518,-11944.767966848074,-8700.418595888632,-238.97471777848494,car,0 days 00:27:23.119000
2024-09-14 12:14:28.869,0 days 00:27:23.319000,0 days 00:02:01.697000,10635,196,5,54,False,8,car,4361.138333333329,0.7358120044870189,-11862.85674239514,-8629.226805488555,-238.96861814101706,car,0 days 00:27:23.319000
2024-09-14 12:14:29.029,0 days 00:27:23.479000,0 days 00:02:01.857000,10604,198,5,56,False,8,car,4369.938333333329,0.7372967419900681,-11752.502282895859,-8527.001916173393,-239.70935312017033,car,0 days 00:27:23.479000
2024-09-14 12:14:29.309,0 days 00:27:23.759000,0 days 00:02:02.137000,10774,199,5,57,False,8,car,4385.416111111107,0.7399081553003556,-11667.862108663388,-8445.703477816334,-240.05176452131693,car,0 days 00:27:23.759000
2024-09-14 12:14:29.629,0 days 00:27:24.079000,0 days 00:02:02.457000,10790,200,5,55,False,8,car,4403.193888888884,0.7429076250034854,-11547.86692069065,-8315.11964948885,-240.11766998878852,car,0 days 00:27:24.079000
2024-09-14 12:14:29.789,0 days 00:27:24.239000,0 days 00:02:02.617000,10798,201,5,55,False,8,car,4412.127222222219,0.7444148585293082,-11480.23938612787,-8241.713965738203,-239.8748654846888,car,0 days 00:27:24.239000
2024-09-14 12:14:30.029,0 days 00:27:24.479000,0 days 00:02:02.857000,10878,202,5,50,False,8,car,4425.593888888885,0.7466869568294291,-11409.934161746503,-8167.817702447664,-239.01483326356038,car,0 days 00:27:24.479000
2024-09-14 12:14:30.269,0 days 00:27:24.719000,0 days 00:02:03.097000,10770,201,5,48,False,8,car,4438.993888888885,0.7489478071181631,-11311.746537265546,-8077.115252245809,-238.97783479510417,car,0 days 00:27:24.719000
2024-09-14 12:14:30.589,0 days 00:27:25.039000,0 days 00:02:03.417000,10676,200,5,48,False,8,car,4456.771666666663,0.751947276821293,-11124.233505934917,-7903.721565984777,-236.8175829587894,car,0 days 00:27:25.039000
2024-09-14 12:14:30.789,0 days 00:27:25.239000,0 days 00:02:03.617000,10698,199,5,49,False,8,car,4467.827222222219,0.7538125720429268,-11078.058366968473,-7854.923748877652,-235.85507459015952,car,0 days 00:27:25.239000
2024-09-14 12:14:30.949,0 days 00:27:25.399000,0 days 00:02:03.777000,10698,199,5,49,False,8,car,4476.6716666666625,0.7553048082202339,-11042.286031266129,-7806.227967370061,-236.13728313807493,car,0 days 00:27:25.399000
2024-09-14 12:14:31.389,0 days 00:27:25.839000,0 days 00:02:04.217000,10730,198,5,53,False,8,car,4500.871666666662,0.7593878363536194,-10919.658613709278,-7596.511533882763,-237.00764351523065,car,0 days 00:27:25.839000
2024-09-14 12:14:31.749,0 days 00:27:26.199000,0 days 00:02:04.577000,10755,199,5,57,False,8,car,4520.771666666662,0.7627453677525603,-10826.014546194912,-7357.283804725911,-236.9997773834279,car,0 days 00:27:26.199000
2024-09-14 12:14:31.949,0 days 00:27:26.399000,0 days 00:02:04.777000,10764,200,5,58,False,8,car,4531.882777777773,0.7646200363170165,-10799.969063030412,-7276.082629113917,-236.9960197320646,car,0 days 00:27:26.399000
2024-09-14 12:14:32.348,0 days 00:27:26.798000,0 days 00:02:05.176000,10871,202,5,61,False,8,car,4554.271111111107,0.7683973997409673,-10750.768482475858,-7079.236413562083,-236.98329454242474,car,0 days 00:27:26.798000
2024-09-14 12:14:32.548,0 days 00:27:26.998000,0 days 00:02:05.376000,10950,204,5,60,False,8,car,4565.604444444441,0.7703095616767127,-10713.019155627167,-6905.240740893834,-236.92618368148834,car,0 days 00:27:26.998000
2024-09-14 12:14:32.908,0 days 00:27:27.358000,0 days 00:02:05.736000,11016,205,5,53,False,8,car,4586.104444444441,0.7737683251781343,-10686.40010995042,-6780.54044041686,-238.01398222149595,car,0 days 00:27:27.358000
2024-09-14 12:14:33.069,0 days 00:27:27.519000,0 days 00:02:05.897000,11016,205,5,53,False,8,car,4595.272499999996,0.7753151610773812,-10663.235901869482,-6688.631837767466,-238.19681741075613,car,0 days 00:27:27.519000
2024-09-14 12:14:33.269,0 days 00:27:27.719000,0 days 00:02:06.097000,10987,204,5,54,False,8,car,4606.605833333329,0.7772273230131265,-10627.35741059063,-6562.370607980416,-237.934406919828,car,0 days 00:27:27.719000
2024-09-14 12:14:33.629,0 days 00:27:28.079000,0 days 00:02:06.457000,10962,205,5,53,False,8,car,4627.105833333329,0.7806860865145481,-10557.334315340386,-6402.900963123106,-236.9308406604926,car,0 days 00:27:28.079000
2024-09-14 12:14:33.909,0 days 00:27:28.359000,0 days 00:02:06.737000,11041,205,5,55,False,8,car,4643.050277777774,0.7833762359045425,-10469.860291889814,-6269.879920546458,-237.09034769281175,car,0 days 00:27:28.359000
2024-09-14 12:14:34.189,0 days 00:27:28.639000,0 days 00:02:07.017000,11059,205,5,61,False,8,car,4658.994722222218,0.7860663852945371,-10361.75032529058,-6151.205931485558,-236.0962011435097,car,0 days 00:27:28.639000
2024-09-14 12:14:34.389,0 days 00:27:28.839000,0 days 00:02:07.217000,11198,206,5,67,False,8,car,4670.4391666666625,0.7879972939159269,-10275.891383497681,-6073.363590777855,-236.00272682687543,car,0 days 00:27:28.839000
2024-09-14 12:14:34.589,0 days 00:27:29.039000,0 days 00:02:07.417000,11328,209,5,68,False,8,car,4682.050277777774,0.7899563225657836,-10184.45722186536,-6000.342485424759,-235.9980256607803,car,0 days 00:27:29.039000
2024-09-14 12:14:35.069,0 days 00:27:29.519000,0 days 00:02:07.897000,11513,215,5,67,False,8,car,4710.716944444441,0.7947929674620805,-9952.015321758616,-5832.733326467081,-235.99383917466704,car,0 days 00:27:29.519000
2024-09-14 12:14:35.429,0 days 00:27:29.879000,0 days 00:02:08.257000,10296,217,6,64,False,8,car,4732.416944444441,0.7984541951684634,-9747.92311473947,-5681.930463867668,-235.63802447950587,car,0 days 00:27:29.879000
2024-09-14 12:14:35.629,0 days 00:27:30.079000,0 days 00:02:08.457000,10402,219,6,67,False,8,car,4744.583611111107,0.8005069572465427,-9612.032985537753,-5577.22405476714,-234.93308785487423,car,0 days 00:27:30.079000
2024-09-14 12:14:35.869,0 days 00:27:30.319000,0 days 00:02:08.697000,10441,222,6,65,False,8,car,4759.383611111107,0.8030040157743984,-9548.161640960374,-5527.719269902409,-234.80982401000944,car,0 days 00:27:30.319000
2024-09-14 12:14:36.149,0 days 00:27:30.599000,0 days 00:02:08.977000,10622,225,6,68,False,8,car,4776.883611111107,0.8059566187634167,-9427.14346752913,-5433.503092129761,-235.7674942941033,car,0 days 00:27:30.599000
2024-09-14 12:14:36.509,0 days 00:27:30.959000,0 days 00:02:09.337000,10746,228,6,69,False,8,car,4799.683611111106,0.8098034386576807,-9243.816764082825,-5294.280129118107,-236.02787654253467,car,0 days 00:27:30.959000
2024-09-14 12:14:36.869,0 days 00:27:31.319000,0 days 00:02:09.697000,10982,233,6,72,False,8,car,4822.983611111107,0.8137346186373454,-8970.120129628538,-5084.521628506873,-237.3286312440851,car,0 days 00:27:31.319000
2024-09-14 12:14:37.349,0 days 00:27:31.799000,0 days 00:02:10.177000,11195,238,6,73,False,8,car,4854.71694444444,0.819088672057432,-8797.478404055411,-4953.301910696438,-237.03077592838298,car,0 days 00:27:31.799000
2024-09-14 12:14:37.709,0 days 00:27:32.159000,0 days 00:02:10.537000,11372,241,6,71,False,8,car,4878.816944444441,0.8231548281737376,-8620.364185673025,-4818.922455134683,-236.8400704314435,car,0 days 00:27:32.159000
2024-09-14 12:14:37.989,0 days 00:27:32.439000,0 days 00:02:10.817000,11491,243,6,72,False,8,car,4897.716944444441,0.8263436394018775,-8442.87496025695,-4684.2776968547605,-238.08856892914235,car,0 days 00:27:32.439000
2024-09-14 12:14:38.229,0 days 00:27:32.679000,0 days 00:02:11.057000,11500,244,6,70,False,8,car,4913.983611111106,0.8290881541802411,-8247.353273719073,-4533.506296614738,-238.16071994782166,car,0 days 00:27:32.679000
2024-09-14 12:14:38.549,0 days 00:27:32.999000,0 days 00:02:11.377000,11003,246,6,70,False,8,car,4935.850277777774,0.8327775019150909,-8166.784204789899,-4469.398132052536,-238.99595901053453,car,0 days 00:27:32.999000
2024-09-14 12:14:39.028,0 days 00:27:33.478000,0 days 00:02:11.856000,10241,249,7,76,False,8,car,4968.981111111107,0.8383673417738721,-7904.323317377826,-4285.773800999972,-239.74676538932107,car,0 days 00:27:33.478000
2024-09-14 12:14:39.188,0 days 00:27:33.638000,0 days 00:02:12.016000,10271,251,7,76,False,8,car,4980.136666666662,0.8402495090125859,-7801.564477725306,-4226.8039682055405,-238.98186036115757,car,0 days 00:27:33.638000
2024-09-14 12:14:39.428,0 days 00:27:33.878000,0 days 00:02:12.256000,10352,252,7,78,False,8,car,4996.936666666663,0.8430840078820439,-7606.150121783721,-4125.644947877611,-240.13941905343415,car,0 days 00:27:33.878000
2024-09-14 12:14:39.789,0 days 00:27:34.239000,0 days 00:02:12.617000,10467,255,7,77,False,8,car,5022.507499999995,0.8473983232495689,-7429.874289085522,-4048.760941848921,-240.79760827517794,car,0 days 00:27:34.239000
2024-09-14 12:14:39.949,0 days 00:27:34.399000,0 days 00:02:12.777000,10525,256,7,76,False,8,car,5033.885277777773,0.849317983859572,-7318.849538224347,-4003.2309233039346,-240.08453626166548,car,0 days 00:27:34.399000
2024-09-14 12:14:40.549,0 days 00:27:34.999000,0 days 00:02:13.377000,10669,261,7,77,False,8,car,5077.385277777775,0.8566573112894181,-6915.830703705907,-3843.9804697129093,-241.03825581496125,car,0 days 00:27:34.999000
2024-09-14 12:14:40.709,0 days 00:27:35.159000,0 days 00:02:13.537000,10731,262,7,74,False,8,car,5089.029722222219,0.858621963944968,-6808.590686885855,-3800.2086942718843,-240.99409985315145,car,0 days 00:27:35.159000
2024-09-14 12:14:41.029,0 days 00:27:35.479000,0 days 00:02:13.857000,10767,262,7,74,False,8,car,5112.318611111107,0.8625512692560681,-6589.9355033906895,-3712.140999717996,-241.03331574493617,car,0 days 00:27:35.479000
2024-09-14 12:14:41.389,0 days 00:27:35.839000,0 days 00:02:14.217000,10767,262,7,74,False,8,car,5138.518611111108,0.8669717377310557,-6314.252565866816,-3600.0306025215336,-242.12799982064044,car,0 days 00:27:35.839000
2024-09-14 12:14:41.669,0 days 00:27:36.119000,0 days 00:02:14.497000,10831,262,7,74,False,8,car,5158.896388888886,0.8704098798782683,-6165.232594970953,-3539.8125705600246,-242.09279377980866,car,0 days 00:27:36.119000
2024-09-14 12:14:41.949,0 days 00:27:36.399000,0 days 00:02:14.777000,10941,267,7,74,False,8,car,5179.66305555555,0.8739136354252365,-5953.553254184604,-3452.366617609026,-241.13581012255594,car,0 days 00:27:36.399000
2024-09-14 12:14:42.269,0 days 00:27:36.719000,0 days 00:02:15.097000,11040,270,7,74,False,8,car,5203.663055555552,0.8779629195244621,-5757.833410775762,-3371.9496911139886,-240.38165130063817,car,0 days 00:27:36.719000
2024-09-14 12:14:42.669,0 days 00:27:37.119000,0 days 00:02:15.497000,11092,271,7,67,False,8,car,5233.774166666663,0.8830432713341383,-5454.289951273131,-3245.193156772549,-238.474515900276,car,0 days 00:27:37.119000
2024-09-14 12:14:42.829,0 days 00:27:37.279000,0 days 00:02:15.657000,11118,270,7,71,False,8,car,5245.774166666663,0.8850679133837509,-5348.1058572132615,-3201.353165107805,-238.04893497004008,car,0 days 00:27:37.279000
2024-09-14 12:14:42.989,0 days 00:27:37.439000,0 days 00:02:15.817000,11130,271,7,70,False,8,car,5257.818611111107,0.8871000541076213,-5238.366041339817,-3155.8860491568316,-237.23732099598575,car,0 days 00:27:37.439000
2024-09-14 12:14:43.189,0 days 00:27:37.639000,0 days 00:02:16.017000,11066,271,7,74,False,8,car,5272.874166666662,0.8896402300124592,-5098.1762142620955,-3097.7656439565894,-236.9927675534149,car,0 days 00:27:37.639000
2024-09-14 12:14:43.389,0 days 00:27:37.839000,0 days 00:02:16.217000,11112,272,7,76,False,8,car,5287.985277777774,0.8921897792601198,-4978.105440864556,-3048.1739817397433,-236.85099302885806,car,0 days 00:27:37.839000
2024-09-14 12:14:43.589,0 days 00:27:38.039000,0 days 00:02:16.417000,11159,273,7,75,False,8,car,5303.15194444444,0.8947487018506023,-4786.937779827153,-2967.673478212456,-237.3052603495438,car,0 days 00:27:38.039000
2024-09-14 12:14:43.789,0 days 00:27:38.239000,0 days 00:02:16.617000,11200,274,7,74,False,8,car,5318.374166666662,0.8973169977839072,-4587.12716363542,-2882.8074238793315,-238.14012453283607,car,0 days 00:27:38.239000
2024-09-14 12:14:43.989,0 days 00:27:38.439000,0 days 00:02:16.817000,11252,275,7,75,False,8,car,5333.651944444441,0.8998946670600345,-4542.070576125108,-2863.7557538063766,-237.99451053577081,car,0 days 00:27:38.439000
2024-09-14 12:14:44.229,0 days 00:27:38.679000,0 days 00:02:17.057000,11240,275,7,70,False,8,car,5351.985277777773,0.902987870191387,-4389.526240947366,-2798.8544469198378,-237.9550348572878,car,0 days 00:27:38.679000
2024-09-14 12:14:44.429,0 days 00:27:38.879000,0 days 00:02:17.257000,11227,275,7,73,False,8,car,5367.2630555555525,0.9055655394675144,-4210.625362189193,-2723.2857820569743,-238.05828642377736,car,0 days 00:27:38.879000
2024-09-14 12:14:44.629,0 days 00:27:39.079000,0 days 00:02:17.457000,11277,275,7,73,False,8,car,5382.540833333329,0.9081432087436414,-4046.3144199406515,-2654.294957805887,-237.69442092955205,car,0 days 00:27:39.079000
2024-09-14 12:14:44.869,0 days 00:27:39.319000,0 days 00:02:17.697000,11246,276,7,73,False,8,car,5400.9408333333295,0.9112476598863809,-3916.477172151231,-2599.831845332567,-236.16793172564047,car,0 days 00:27:39.319000
2024-09-14 12:14:45.149,0 days 00:27:39.599000,0 days 00:02:17.977000,11284,276,7,73,False,8,car,5422.407499999997,0.9148695195529102,-3725.7528231590095,-2518.56471055807,-235.0464272676865,car,0 days 00:27:39.599000
2024-09-14 12:14:45.309,0 days 00:27:39.759000,0 days 00:02:18.137000,11300,276,7,74,False,8,car,5434.674166666663,0.9169391536480698,-3562.124291775954,-2449.323548463023,-234.36425196583195,car,0 days 00:27:39.759000
2024-09-14 12:14:45.788,0 days 00:27:40.238000,0 days 00:02:18.616000,11384,277,7,74,False,8,car,5471.530555555553,0.9231575698765133,-3186.623234347514,-2290.5773022806356,-231.99542172721567,car,0 days 00:27:40.238000
2024-09-14 12:14:45.948,0 days 00:27:40.398000,0 days 00:02:18.776000,11381,279,7,72,False,8,car,5483.930555555553,0.9252496999944464,-3127.1953223713567,-2265.641020427881,-232.3038165261973,car,0 days 00:27:40.398000
2024-09-14 12:14:46.109,0 days 00:27:40.559000,0 days 00:02:18.937000,11395,278,7,74,False,8,car,5496.363333333331,0.9273473603846446,-3051.7792585134703,-2233.8541632930646,-232.9162811423173,car,0 days 00:27:40.559000
2024-09-14 12:14:46.349,0 days 00:27:40.799000,0 days 00:02:19.177000,11414,279,7,74,False,8,car,5514.9633333333295,0.930485555561544,-2783.503675519444,-2119.8155082813646,-233.00661734118717,car,0 days 00:27:40.799000
2024-09-14 12:14:46.509,0 days 00:27:40.959000,0 days 00:02:19.337000,11365,279,7,74,False,8,car,5527.363333333329,0.932577685679477,-2651.0977804414943,-2063.7130725694856,-233.42734908704648,car,0 days 00:27:40.959000
2024-09-14 12:14:46.669,0 days 00:27:41.119000,0 days 00:02:19.497000,11473,280,7,74,False,8,car,5539.807777777775,0.9346773144716681,-2579.798291100101,-2033.749658469983,-234.26673890931178,car,0 days 00:27:41.119000
2024-09-14 12:14:47.029,0 days 00:27:41.479000,0 days 00:02:19.857000,11413,279,7,71,False,8,car,5567.707777777774,0.9393846072370172,-2379.410411562052,-1948.14579339571,-235.77970105791397,car,0 days 00:27:41.479000
2024-09-14 12:14:47.389,0 days 00:27:41.839000,0 days 00:02:20.217000,11424,279,7,70,False,8,car,5595.6077777777755,0.9440919000023669,-2106.303915130575,-1834.2968077975727,-236.14607940042592,car,0 days 00:27:41.839000
2024-09-14 12:14:47.629,0 days 00:27:42.079000,0 days 00:02:20.457000,11410,279,7,68,False,8,car,5614.207777777774,0.9472300951792663,-1841.3069380110303,-1727.0449529420566,-238.2096886855041,car,0 days 00:27:42.079000
2024-09-14 12:14:48.029,0 days 00:27:42.479000,0 days 00:02:20.857000,11342,278,7,57,False,8,car,5645.096666666664,0.9524416737884545,-1626.9355469061675,-1646.6611454612066,-238.68118779309253,car,0 days 00:27:42.479000
2024-09-14 12:14:48.469,0 days 00:27:42.919000,0 days 00:02:21.297000,11157,272,7,51,False,8,car,5678.341111111108,0.9580506821333072,-1304.9298611680088,-1526.9382026887579,-239.81473493589772,car,0 days 00:27:42.919000
2024-09-14 12:14:48.669,0 days 00:27:43.119000,0 days 00:02:21.497000,11037,270,7,52,False,8,car,5693.341111111109,0.9605814846953232,-1202.179398552296,-1488.5793126609617,-240.38107972227002,car,0 days 00:27:43.119000
2024-09-14 12:14:49.069,0 days 00:27:43.519000,0 days 00:02:21.897000,10898,268,7,50,False,8,car,5723.1188888888855,0.9656055964480654,-892.7792108173021,-1372.6684636902178,-241.97145644813386,car,0 days 00:27:43.519000
2024-09-14 12:14:49.309,0 days 00:27:43.759000,0 days 00:02:22.137000,10842,264,7,50,False,8,car,5740.718888888886,0.968575071454164,-692.7618061574701,-1297.4875410845334,-242.57743180512728,car,0 days 00:27:43.759000
2024-09-14 12:14:49.629,0 days 00:27:44.079000,0 days 00:02:22.457000,10573,260,7,48,False,8,car,5763.829999999996,0.9724743820682327,-488.9741618631928,-1221.5443032361843,-243.50244720396074,car,0 days 00:27:44.079000
2024-09-14 12:14:49.829,0 days 00:27:44.279000,0 days 00:02:22.657000,10123,258,7,0,True,8,car,5778.163333333331,0.9748927045163813,-396.38738904602997,-1187.4714940026513,-243.97041780144878,car,0 days 00:27:44.279000
2024-09-14 12:14:50.109,0 days 00:27:44.559000,0 days 00:02:22.937000,9589,242,7,0,True,8,car,5796.985555555553,0.97806839306457,-222.7481922646996,-1123.030989738949,-244.52312900894802,car,0 days 00:27:44.559000
2024-09-14 12:14:50.269,0 days 00:27:44.719000,0 days 00:02:23.097000,9445,223,7,0,True,8,car,5806.896666666664,0.9797405974240648,-130.27004332648409,-1088.87205196183,-245.1275362047269,car,0 days 00:27:44.719000
2024-09-14 12:14:50.429,0 days 00:27:44.879000,0 days 00:02:23.257000,8465,214,7,0,True,8,car,5816.407777777775,0.9813453137152393,-44.91133670286729,-1055.7195842171382,-244.95081839350468,car,0 days 00:27:44.879000
2024-09-14 12:14:50.789,0 days 00:27:45.239000,0 days 00:02:23.617000,8763,187,7,0,True,8,car,5835.107777777774,0.9845003809092188,194.34204450091136,-958.2662460514981,-246.2628076035088,car,0 days 00:27:45.239000
2024-09-14 12:14:51.149,0 days 00:27:45.599000,0 days 00:02:23.977000,8742,165,6,0,True,8,car,5851.607777777775,0.9872842637274363,338.4709663213368,-896.6534743688069,-246.9696575178844,car,0 days 00:27:45.599000
2024-09-14 12:14:51.549,0 days 00:27:45.999000,0 days 00:02:24.377000,9138,148,5,0,True,8,car,5868.052222222219,0.9900587732028314,457.1212346349161,-846.4116352619494,-247.03827445264514,car,0 days 00:27:45.999000
2024-09-14 12:14:51.789,0 days 00:27:46.239000,0 days 00:02:24.617000,8698,148,4,0,True,8,car,5877.918888888885,0.9917234788880683,548.077417713539,-808.1298000970958,-246.97685813924664,car,0 days 00:27:46.239000
2024-09-14 12:14:52.149,0 days 00:27:46.599000,0 days 00:02:24.977000,8566,130,4,0,True,8,car,5890.918888888886,0.9939168411084821,632.8914487707667,-771.7114912478437,-245.98606404675317,car,0 days 00:27:46.599000
2024-09-14 12:14:52.428,0 days 00:27:46.878000,0 days 00:02:25.256000,9165,127,4,14,False,8,car,5900.761388888885,0.9955774693895915,723.9123067112355,-734.0848893469195,-245.99838569756372,car,0 days 00:27:46.878000
2024-09-14 12:14:52.628,0 days 00:27:47.078000,0 days 00:02:25.456000,9019,124,3,27,False,8,car,5907.650277777774,0.9967397638995542,791.8821204982567,-704.8839648271354,-246.0007190083262,car,0 days 00:27:47.078000
2024-09-14 12:14:52.829,0 days 00:27:47.279000,0 days 00:02:25.657000,9039,124,3,30,False,8,car,5914.573611111108,0.997907869882067,862.4592128525044,-675.4666645845183,-246.0000266979619,car,0 days 00:27:47.279000
